24.9408,121.3615,三峽,C0AC60,2017-03-01T00:00:00+08:00,55.0,70.0,0.4,14.7,0.85,1013.2,-99.0,0.0,-9.9,-99,-999,新北市,06,三峽區,057
24.9408,121.3615,三峽,C0AC60,2017-03-01T01:00:00+08:00,55.0,0.0,0.0,14.2,0.88,1012.8,-99.0,0.0,-9.9,-99,-999,新北市,06,三峽區,057
24.9408,121.3615,三峽,C0AC60,2017-03-01T02:00:00+08:00,55.0,159.0,0.4,14.2,0.90,1012.9,-99.0,0.0,-9.9,-99,-999,新北市,06,三峽區,057
24.9408,121.3615,三峽,C0AC60,2017-03-01T03:00:00+08:00,55.0,0.0,0.0,14.1,0.91,1013.2,-99.0,0.0,-9.9,-99,-999,新北市,06,三峽區,057
24.9408,121.3615,三峽,C0AC60,2017-03-01T04:00:00+08:00,55.0,167.0,0.5,14.0,0.93,1013.5,-99.0,0.0,-9.9,-99,-999,新北市,06,三峽區,057
24.9408,121.3615,三峽,C0AC60,2017-03-01T05:00:00+08:00,55.0,208.0,1.4,13.7,0.95,1013.8,-99.0,0.0,-9.9,-99,-999,新北市,06,三峽區,057
24.9408,121.3615,三峽,C0AC60,2017-03-01T06:00:00+08:00,55.0,0.0,0.0,14.0,0.96,1013.8,-99.0,0.5,-9.9,-99,-999,新北市,06,三峽區,057
24.9408,121.3615,三峽,C0AC60,2017-03-01T07:00:00+08:00,55.0,0.0,0.0,14.0,0.97,1013.8,-99.0,0.5,-9.9,-99,-999,新北市,06,三峽區,057
24.9408,121.3615,三峽,C0AC60,2017-03-01T08:00:00+08:00,55.0,0.0,0.1,14.7,0.98,1013.6,-99.0,0.5,-9.9,-99,-999,新北市,06,三峽區,057
24.9408,121.3615,三峽,C0AC60,2017-03-01T09:00:00+08:00,55.0,0.0,0.0,15.2,0.96,1014.3,-99.0,0.5,-9.9,-99,-999,新北市,06,三峽區,057
24.9408,121.3615,三峽,C0AC60,2017-03-01T10:00:00+08:00,55.0,0.0,0.2,15.5,0.92,1014.3,-99.0,0.5,-9.9,-99,-999,新北市,06,三峽區,057
24.9408,121.3615,三峽,C0AC60,2017-03-01T11:00:00+08:00,55.0,0.0,0.0,15.6,0.85,1014.1,-99.0,0.5,-9.9,-99,-999,新北市,06,三峽區,057
24.9408,121.3615,三峽,C0AC60,2017-03-01T12:00:00+08:00,55.0,191.0,1.1,16.6,0.80,1013.4,-99.0,0.5,-9.9,-99,-999,新北市,06,三峽區,057
24.9408,121.3615,三峽,C0AC60,2017-03-01T13:00:00+08:00,55.0,176.0,1.2,17.4,0.78,1012.3,-99.0,0.5,-9.9,-99,-999,新北市,06,三峽區,057
24.9408,121.3615,三峽,C0AC60,2017-03-01T14:00:00+08:00,55.0,237.0,1.6,17.9,0.72,1011.3,-99.0,0.5,-9.9,-99,-999,新北市,06,三峽區,057
24.9408,121.3615,三峽,C0AC60,2017-03-01T15:00:00+08:00,55.0,315.0,0.8,18.0,0.68,1011.0,-99.0,0.5,-9.9,-99,-999,新北市,06,三峽區,057
24.9408,121.3615,三峽,C0AC60,2017-03-01T16:00:00+08:00,55.0,330.0,0.4,18.1,0.69,1010.8,-99.0,0.5,-9.9,-99,-999,新北市,06,三峽區,057
24.9408,121.3615,三峽,C0AC60,2017-03-01T17:00:00+08:00,55.0,0.0,0.0,18.2,0.66,1011.1,-99.0,0.5,-9.9,-99,-999,新北市,06,三峽區,057
24.9408,121.3615,三峽,C0AC60,2017-03-01T18:00:00+08:00,55.0,0.0,0.0,17.5,0.75,1011.2,-99.0,0.5,-9.9,-99,-999,新北市,06,三峽區,057
24.9408,121.3615,三峽,C0AC60,2017-03-01T19:00:00+08:00,55.0,0.0,0.2,17.0,0.79,1011.8,-99.0,0.5,-9.9,-99,-999,新北市,06,三峽區,057
24.9408,121.3615,三峽,C0AC60,2017-03-01T20:00:00+08:00,55.0,161.0,0.3,16.6,0.81,1012.1,-99.0,0.5,-9.9,-99,-999,新北市,06,三峽區,057
24.9408,121.3615,三峽,C0AC60,2017-03-01T21:00:00+08:00,55.0,159.0,1.1,16.1,0.68,1012.3,-99.0,0.5,-9.9,-99,-999,新北市,06,三峽區,057
24.9408,121.3615,三峽,C0AC60,2017-03-01T22:00:00+08:00,55.0,158.0,1.3,15.8,0.71,1012.5,-99.0,0.5,-9.9,-99,-999,新北市,06,三峽區,057
24.9408,121.3615,三峽,C0AC60,2017-03-01T23:00:00+08:00,55.0,164.0,1.4,15.6,0.70,1013.1,-99.0,0.5,-9.9,-99,-999,新北市,06,三峽區,057
24.9408,121.3615,三峽,C0AC60,2017-03-02T00:00:00+08:00,55.0,155.0,1.5,15.0,0.73,1013.2,-99.0,0.5,-9.9,-99,-999,新北市,06,三峽區,057
24.9408,121.3615,三峽,C0AC60,2017-03-02T01:00:00+08:00,55.0,198.0,0.7,14.8,0.72,1012.9,-99.0,0.0,-9.9,-99,-999,新北市,06,三峽區,057
24.9408,121.3615,三峽,C0AC60,2017-03-02T02:00:00+08:00,55.0,182.0,0.7,14.3,0.74,1012.7,-99.0,0.0,-9.9,-99,-999,新北市,06,三峽區,057
24.9408,121.3615,三峽,C0AC60,2017-03-02T03:00:00+08:00,55.0,185.0,0.4,13.5,0.82,1012.8,-99.0,0.0,-9.9,-99,-999,新北市,06,三峽區,057
24.9408,121.3615,三峽,C0AC60,2017-03-02T04:00:00+08:00,55.0,0.0,0.0,13.1,0.81,1012.6,-99.0,0.0,-9.9,-99,-999,新北市,06,三峽區,057
24.9408,121.3615,三峽,C0AC60,2017-03-02T05:00:00+08:00,55.0,0.0,0.2,13.5,0.76,1012.8,-99.0,0.0,-9.9,-99,-999,新北市,06,三峽區,057
24.9408,121.3615,三峽,C0AC60,2017-03-02T06:00:00+08:00,55.0,101.0,0.3,13.7,0.76,1013.6,-99.0,0.0,-9.9,-99,-999,新北市,06,三峽區,057
24.9408,121.3615,三峽,C0AC60,2017-03-02T07:00:00+08:00,55.0,91.0,1.4,14.9,0.70,1014.5,-99.0,0.0,-9.9,-99,-999,新北市,06,三峽區,057
24.9408,121.3615,三峽,C0AC60,2017-03-02T08:00:00+08:00,55.0,93.0,2.4,15.5,0.64,1015.6,-99.0,0.0,-9.9,-99,-999,新北市,06,三峽區,057
24.9408,121.3615,三峽,C0AC60,2017-03-02T10:00:00+08:00,55.0,94.0,2.1,15.9,0.57,1015.9,-99.0,0.0,-9.9,-99,-999,新北市,06,三峽區,057
24.9408,121.3615,三峽,C0AC60,2017-03-02T11:00:00+08:00,55.0,82.0,3.0,15.7,0.56,1015.9,-99.0,0.0,-9.9,-99,-999,新北市,06,三峽區,057
24.9408,121.3615,三峽,C0AC60,2017-03-02T12:00:00+08:00,55.0,85.0,2.2,15.6,0.56,1015.7,-99.0,0.0,-9.9,-99,-999,新北市,06,三峽區,057
24.9408,121.3615,三峽,C0AC60,2017-03-02T13:00:00+08:00,55.0,92.0,2.4,15.0,0.55,1015.2,-99.0,0.0,-9.9,-99,-999,新北市,06,三峽區,057
24.9408,121.3615,三峽,C0AC60,2017-03-02T14:00:00+08:00,55.0,92.0,2.8,14.8,0.52,1014.8,-99.0,0.0,-9.9,-99,-999,新北市,06,三峽區,057
24.9408,121.3615,三峽,C0AC60,2017-03-02T15:00:00+08:00,55.0,94.0,2.4,15.2,0.49,1014.3,-99.0,0.0,-9.9,-99,-999,新北市,06,三峽區,057
24.9408,121.3615,三峽,C0AC60,2017-03-02T16:00:00+08:00,55.0,92.0,3.3,15.6,0.48,1014.2,-99.0,0.0,-9.9,-99,-999,新北市,06,三峽區,057
24.9408,121.3615,三峽,C0AC60,2017-03-02T17:00:00+08:00,55.0,82.0,2.1,15.2,0.49,1014.4,-99.0,0.0,-9.9,-99,-999,新北市,06,三峽區,057
24.9408,121.3615,三峽,C0AC60,2017-03-02T18:00:00+08:00,55.0,85.0,3.0,13.7,0.50,1014.9,-99.0,0.0,-9.9,-99,-999,新北市,06,三峽區,057
24.9408,121.3615,三峽,C0AC60,2017-03-02T19:00:00+08:00,55.0,97.0,1.6,13.3,0.54,1015.2,-99.0,0.0,-9.9,-99,-999,新北市,06,三峽區,057
24.9408,121.3615,三峽,C0AC60,2017-03-02T20:00:00+08:00,55.0,93.0,1.5,13.1,0.59,1015.3,-99.0,0.0,-9.9,-99,-999,新北市,06,三峽區,057
24.9408,121.3615,三峽,C0AC60,2017-03-02T21:00:00+08:00,55.0,79.0,2.9,12.9,0.61,1015.3,-99.0,0.0,-9.9,-99,-999,新北市,06,三峽區,057
24.9408,121.3615,三峽,C0AC60,2017-03-02T22:00:00+08:00,55.0,78.0,3.2,12.8,0.62,1015.1,-99.0,0.0,-9.9,-99,-999,新北市,06,三峽區,057
24.9408,121.3615,三峽,C0AC60,2017-03-02T23:00:00+08:00,55.0,81.0,3.3,12.7,0.61,1014.5,-99.0,0.0,-9.9,-99,-999,新北市,06,三峽區,057
24.9408,121.3615,三峽,C0AC60,2017-03-03T00:00:00+08:00,55.0,77.0,4.0,13.1,0.61,1013.8,-99.0,0.0,-9.9,-99,-999,新北市,06,三峽區,057
24.9408,121.3615,三峽,C0AC60,2017-03-03T01:00:00+08:00,55.0,79.0,4.2,13.5,0.60,1013.2,-99.0,0.0,-9.9,-99,-999,新北市,06,三峽區,057
24.9408,121.3615,三峽,C0AC60,2017-03-03T02:00:00+08:00,55.0,74.0,4.1,13.6,0.62,1012.7,-99.0,0.0,-9.9,-99,-999,新北市,06,三峽區,057
24.9408,121.3615,三峽,C0AC60,2017-03-03T03:00:00+08:00,55.0,69.0,4.2,13.6,0.62,1012.3,-99.0,0.0,-9.9,-99,-999,新北市,06,三峽區,057
24.9408,121.3615,三峽,C0AC60,2017-03-03T04:00:00+08:00,55.0,74.0,4.1,13.9,0.59,1011.9,-99.0,0.0,-9.9,-99,-999,新北市,06,三峽區,057
24.9408,121.3615,三峽,C0AC60,2017-03-03T05:00:00+08:00,55.0,71.0,3.9,14.1,0.58,1011.8,-99.0,0.0,-9.9,-99,-999,新北市,06,三峽區,057
24.9408,121.3615,三峽,C0AC60,2017-03-03T06:00:00+08:00,55.0,78.0,3.7,14.2,0.62,1011.9,-99.0,0.0,-9.9,-99,-999,新北市,06,三峽區,057
24.9408,121.3615,三峽,C0AC60,2017-03-03T07:00:00+08:00,55.0,74.0,3.7,14.6,0.61,1012.2,-99.0,0.0,-9.9,-99,-999,新北市,06,三峽區,057
24.9408,121.3615,三峽,C0AC60,2017-03-03T08:00:00+08:00,55.0,77.0,3.6,15.2,0.61,1012.4,-99.0,0.0,-9.9,-99,-999,新北市,06,三峽區,057
24.9408,121.3615,三峽,C0AC60,2017-03-03T10:00:00+08:00,55.0,76.0,2.2,18.2,0.55,1012.0,-99.0,0.0,-9.9,-99,-999,新北市,06,三峽區,057
24.9408,121.3615,三峽,C0AC60,2017-03-03T11:00:00+08:00,55.0,66.0,3.1,19.5,0.51,1011.5,-99.0,0.0,-9.9,-99,-999,新北市,06,三峽區,057
24.9408,121.3615,三峽,C0AC60,2017-03-03T12:00:00+08:00,55.0,63.0,1.9,20.2,0.50,1010.8,-99.0,0.0,-9.9,-99,-999,新北市,06,三峽區,057
24.9408,121.3615,三峽,C0AC60,2017-03-03T13:00:00+08:00,55.0,83.0,3.0,20.7,0.49,1010.3,-99.0,0.0,-9.9,-99,-999,新北市,06,三峽區,057
24.9408,121.3615,三峽,C0AC60,2017-03-03T14:00:00+08:00,55.0,75.0,2.5,19.5,0.54,1010.0,-99.0,0.0,-9.9,-99,-999,新北市,06,三峽區,057
24.9408,121.3615,三峽,C0AC60,2017-03-03T15:00:00+08:00,55.0,79.0,2.7,19.7,0.54,1009.6,-99.0,0.0,-9.9,-99,-999,新北市,06,三峽區,057
24.9408,121.3615,三峽,C0AC60,2017-03-03T16:00:00+08:00,55.0,76.0,3.0,19.2,0.56,1009.3,-99.0,0.0,-9.9,-99,-999,新北市,06,三峽區,057
24.9408,121.3615,三峽,C0AC60,2017-03-03T17:00:00+08:00,55.0,71.0,1.7,18.8,0.59,1009.2,-99.0,0.0,-9.9,-99,-999,新北市,06,三峽區,057
24.9408,121.3615,三峽,C0AC60,2017-03-03T18:00:00+08:00,55.0,79.0,1.6,18.2,0.62,1009.1,-99.0,0.0,-9.9,-99,-999,新北市,06,三峽區,057
24.9408,121.3615,三峽,C0AC60,2017-03-03T19:00:00+08:00,55.0,94.0,0.8,17.6,0.66,1009.3,-99.0,0.0,-9.9,-99,-999,新北市,06,三峽區,057
24.9408,121.3615,三峽,C0AC60,2017-03-03T20:00:00+08:00,55.0,0.0,0.1,17.0,0.72,1009.9,-99.0,0.0,-9.9,-99,-999,新北市,06,三峽區,057
24.9408,121.3615,三峽,C0AC60,2017-03-03T21:00:00+08:00,55.0,159.0,1.3,16.6,0.75,1010.1,-99.0,0.0,-9.9,-99,-999,新北市,06,三峽區,057
24.9408,121.3615,三峽,C0AC60,2017-03-03T22:00:00+08:00,55.0,161.0,0.6,16.3,0.78,1010.2,-99.0,0.0,-9.9,-99,-999,新北市,06,三峽區,057
24.9408,121.3615,三峽,C0AC60,2017-03-03T23:00:00+08:00,55.0,156.0,1.7,16.2,0.80,1010.1,-99.0,0.0,-9.9,-99,-999,新北市,06,三峽區,057
24.9408,121.3615,三峽,C0AC60,2017-03-04T00:00:00+08:00,55.0,0.0,0.1,16.2,0.80,1009.9,-99.0,0.0,-9.9,-99,-999,新北市,06,三峽區,057
24.9408,121.3615,三峽,C0AC60,2017-03-04T01:00:00+08:00,55.0,0.0,0.0,16.0,0.82,1009.2,-99.0,0.0,-9.9,-99,-999,新北市,06,三峽區,057
24.9408,121.3615,三峽,C0AC60,2017-03-04T02:00:00+08:00,55.0,0.0,0.0,16.1,0.82,1009.3,-99.0,0.0,-9.9,-99,-999,新北市,06,三峽區,057
24.9408,121.3615,三峽,C0AC60,2017-03-04T03:00:00+08:00,55.0,168.0,0.5,15.8,0.83,1009.6,-99.0,0.0,-9.9,-99,-999,新北市,06,三峽區,057
24.9408,121.3615,三峽,C0AC60,2017-03-04T04:00:00+08:00,55.0,166.0,1.3,15.7,0.83,1009.3,-99.0,0.0,-9.9,-99,-999,新北市,06,三峽區,057
24.9408,121.3615,三峽,C0AC60,2017-03-04T05:00:00+08:00,55.0,302.0,0.3,15.8,0.81,1009.5,-99.0,0.0,-9.9,-99,-999,新北市,06,三峽區,057
24.9408,121.3615,三峽,C0AC60,2017-03-04T06:00:00+08:00,55.0,0.0,0.0,15.6,0.83,1010.2,-99.0,0.0,-9.9,-99,-999,新北市,06,三峽區,057
24.9408,121.3615,三峽,C0AC60,2017-03-04T07:00:00+08:00,55.0,0.0,0.0,15.4,0.87,1010.3,-99.0,0.0,-9.9,-99,-999,新北市,06,三峽區,057
24.9408,121.3615,三峽,C0AC60,2017-03-04T08:00:00+08:00,55.0,0.0,0.2,16.0,0.85,1010.4,-99.0,0.0,-9.9,-99,-999,新北市,06,三峽區,057
24.9408,121.3615,三峽,C0AC60,2017-03-04T09:00:00+08:00,55.0,0.0,0.0,18.2,0.72,1010.2,-99.0,0.0,-9.9,-99,-999,新北市,06,三峽區,057
24.9408,121.3615,三峽,C0AC60,2017-03-04T10:00:00+08:00,55.0,0.0,0.1,19.1,0.67,1010.2,-99.0,0.0,-9.9,-99,-999,新北市,06,三峽區,057
24.9408,121.3615,三峽,C0AC60,2017-03-04T11:00:00+08:00,55.0,173.0,1.0,19.5,0.64,1009.7,-99.0,0.0,-9.9,-99,-999,新北市,06,三峽區,057
24.9408,121.3615,三峽,C0AC60,2017-03-04T12:00:00+08:00,55.0,244.0,0.4,20.5,0.58,1008.9,-99.0,0.0,-9.9,-99,-999,新北市,06,三峽區,057
24.9408,121.3615,三峽,C0AC60,2017-03-04T13:00:00+08:00,55.0,308.0,1.6,21.7,0.62,1008.1,-99.0,0.0,-9.9,-99,-999,新北市,06,三峽區,057
24.9408,121.3615,三峽,C0AC60,2017-03-04T14:00:00+08:00,55.0,345.0,1.4,21.6,0.61,1007.3,-99.0,0.0,-9.9,-99,-999,新北市,06,三峽區,057
24.9408,121.3615,三峽,C0AC60,2017-03-04T15:00:00+08:00,55.0,291.0,0.9,21.0,0.67,1007.2,-99.0,0.0,-9.9,-99,-999,新北市,06,三峽區,057
24.9408,121.3615,三峽,C0AC60,2017-03-04T16:00:00+08:00,55.0,358.0,0.5,21.8,0.64,1007.0,-99.0,0.0,-9.9,-99,-999,新北市,06,三峽區,057
24.9408,121.3615,三峽,C0AC60,2017-03-04T17:00:00+08:00,55.0,326.0,0.6,21.1,0.67,1007.3,-99.0,0.0,-9.9,-99,-999,新北市,06,三峽區,057
24.9408,121.3615,三峽,C0AC60,2017-03-04T18:00:00+08:00,55.0,0.0,0.0,20.5,0.70,1007.5,-99.0,0.0,-9.9,-99,-999,新北市,06,三峽區,057
24.9408,121.3615,三峽,C0AC60,2017-03-04T19:00:00+08:00,55.0,0.0,0.2,18.9,0.80,1007.6,-99.0,0.0,-9.9,-99,-999,新北市,06,三峽區,057
24.9408,121.3615,三峽,C0AC60,2017-03-04T20:00:00+08:00,55.0,0.0,0.0,18.3,0.84,1008.2,-99.0,0.0,-9.9,-99,-999,新北市,06,三峽區,057
24.9408,121.3615,三峽,C0AC60,2017-03-04T21:00:00+08:00,55.0,151.0,1.2,17.8,0.85,1008.6,-99.0,0.0,-9.9,-99,-999,新北市,06,三峽區,057
24.9408,121.3615,三峽,C0AC60,2017-03-04T22:00:00+08:00,55.0,0.0,0.0,17.3,0.87,1008.4,-99.0,0.0,-9.9,-99,-999,新北市,06,三峽區,057
24.9408,121.3615,三峽,C0AC60,2017-03-04T23:00:00+08:00,55.0,0.0,0.0,16.5,0.90,1008.1,-99.0,0.0,-9.9,-99,-999,新北市,06,三峽區,057
24.9408,121.3615,三峽,C0AC60,2017-03-05T00:00:00+08:00,55.0,152.0,0.7,16.3,0.91,1007.7,-99.0,0.0,-9.9,-99,-999,新北市,06,三峽區,057
24.9408,121.3615,三峽,C0AC60,2017-03-05T01:00:00+08:00,55.0,187.0,0.5,15.9,0.91,1007.9,-99.0,0.0,-9.9,-99,-999,新北市,06,三峽區,057
24.9408,121.3615,三峽,C0AC60,2017-03-05T02:00:00+08:00,55.0,170.0,1.7,15.7,0.90,1007.6,-99.0,0.0,-9.9,-99,-999,新北市,06,三峽區,057
24.9408,121.3615,三峽,C0AC60,2017-03-05T03:00:00+08:00,55.0,160.0,0.8,15.8,0.92,1007.0,-99.0,0.0,-9.9,-99,-999,新北市,06,三峽區,057
24.9408,121.3615,三峽,C0AC60,2017-03-05T04:00:00+08:00,55.0,100.0,0.5,15.4,0.91,1006.5,-99.0,0.0,-9.9,-99,-999,新北市,06,三峽區,057
24.9408,121.3615,三峽,C0AC60,2017-03-05T05:00:00+08:00,55.0,153.0,1.1,15.1,0.92,1007.3,-99.0,0.0,-9.9,-99,-999,新北市,06,三峽區,057
24.9408,121.3615,三峽,C0AC60,2017-03-05T06:00:00+08:00,55.0,157.0,2.0,14.9,0.93,1007.7,-99.0,0.0,-9.9,-99,-999,新北市,06,三峽區,057
24.9408,121.3615,三峽,C0AC60,2017-03-05T07:00:00+08:00,55.0,0.0,0.0,15.6,0.92,1007.6,-99.0,0.0,-9.9,-99,-999,新北市,06,三峽區,057
24.9408,121.3615,三峽,C0AC60,2017-03-05T08:00:00+08:00,55.0,94.0,0.8,16.0,0.91,1008.3,-99.0,0.0,-9.9,-99,-999,新北市,06,三峽區,057
24.9408,121.3615,三峽,C0AC60,2017-03-05T10:00:00+08:00,55.0,0.0,0.2,20.6,0.70,1008.2,-99.0,0.0,-9.9,-99,-999,新北市,06,三峽區,057
24.9408,121.3615,三峽,C0AC60,2017-03-05T11:00:00+08:00,55.0,347.0,0.8,22.4,0.66,1007.6,-99.0,0.0,-9.9,-99,-999,新北市,06,三峽區,057
24.9408,121.3615,三峽,C0AC60,2017-03-05T12:00:00+08:00,55.0,267.0,1.0,23.7,0.62,1006.8,-99.0,0.0,-9.9,-99,-999,新北市,06,三峽區,057
24.9408,121.3615,三峽,C0AC60,2017-03-05T13:00:00+08:00,55.0,289.0,1.7,25.3,0.58,1005.4,-99.0,0.0,-9.9,-99,-999,新北市,06,三峽區,057
24.9408,121.3615,三峽,C0AC60,2017-03-05T14:00:00+08:00,55.0,347.0,2.5,24.8,0.63,1004.3,-99.0,0.0,-9.9,-99,-999,新北市,06,三峽區,057
24.9408,121.3615,三峽,C0AC60,2017-03-05T15:00:00+08:00,55.0,342.0,1.7,23.9,0.65,1004.4,-99.0,0.0,-9.9,-99,-999,新北市,06,三峽區,057
24.9408,121.3615,三峽,C0AC60,2017-03-05T16:00:00+08:00,55.0,336.0,1.0,23.6,0.63,1004.5,-99.0,0.0,-9.9,-99,-999,新北市,06,三峽區,057
24.9408,121.3615,三峽,C0AC60,2017-03-05T17:00:00+08:00,55.0,0.0,0.1,23.5,0.65,1004.6,-99.0,0.0,-9.9,-99,-999,新北市,06,三峽區,057
24.9408,121.3615,三峽,C0AC60,2017-03-05T18:00:00+08:00,55.0,0.0,0.0,23.1,0.67,1004.5,-99.0,0.0,-9.9,-99,-999,新北市,06,三峽區,057
24.9408,121.3615,三峽,C0AC60,2017-03-05T19:00:00+08:00,55.0,94.0,1.1,21.4,0.78,1004.2,-99.0,0.0,-9.9,-99,-999,新北市,06,三峽區,057
24.9408,121.3615,三峽,C0AC60,2017-03-05T20:00:00+08:00,55.0,0.0,0.1,20.7,0.81,1004.6,-99.0,0.0,-9.9,-99,-999,新北市,06,三峽區,057
24.9408,121.3615,三峽,C0AC60,2017-03-05T21:00:00+08:00,55.0,199.0,1.5,20.3,0.83,1005.3,-99.0,0.0,-9.9,-99,-999,新北市,06,三峽區,057
24.9408,121.3615,三峽,C0AC60,2017-03-05T22:00:00+08:00,55.0,165.0,1.1,20.0,0.84,1005.0,-99.0,0.0,-9.9,-99,-999,新北市,06,三峽區,057
24.9408,121.3615,三峽,C0AC60,2017-03-05T23:00:00+08:00,55.0,205.0,0.8,20.1,0.83,1005.0,-99.0,0.0,-9.9,-99,-999,新北市,06,三峽區,057
24.9408,121.3615,三峽,C0AC60,2017-03-06T00:00:00+08:00,55.0,160.0,0.3,19.9,0.85,1004.7,-99.0,0.0,-9.9,-99,-999,新北市,06,三峽區,057
24.9408,121.3615,三峽,C0AC60,2017-03-06T01:00:00+08:00,55.0,0.0,0.1,20.1,0.86,1004.6,-99.0,0.0,-9.9,-99,-999,新北市,06,三峽區,057
24.9408,121.3615,三峽,C0AC60,2017-03-06T02:00:00+08:00,55.0,355.0,1.3,18.4,0.92,1005.0,-99.0,9.0,-9.9,-99,-999,新北市,06,三峽區,057
24.9408,121.3615,三峽,C0AC60,2017-03-06T03:00:00+08:00,55.0,0.0,0.1,16.8,0.95,1005.4,-99.0,11.0,-9.9,-99,-999,新北市,06,三峽區,057
24.9408,121.3615,三峽,C0AC60,2017-03-06T04:00:00+08:00,55.0,0.0,0.0,16.1,0.96,1006.4,-99.0,21.0,-9.9,-99,-999,新北市,06,三峽區,057
24.9408,121.3615,三峽,C0AC60,2017-03-06T05:00:00+08:00,55.0,211.0,0.6,15.9,0.97,1008.1,-99.0,25.5,-9.9,-99,-999,新北市,06,三峽區,057
24.9408,121.3615,三峽,C0AC60,2017-03-06T06:00:00+08:00,55.0,307.0,1.4,15.9,0.97,1009.1,-99.0,29.0,-9.9,-99,-999,新北市,06,三峽區,057
24.9408,121.3615,三峽,C0AC60,2017-03-06T07:00:00+08:00,55.0,351.0,0.8,15.4,0.96,1010.1,-99.0,31.5,-9.9,-99,-999,新北市,06,三峽區,057
24.9408,121.3615,三峽,C0AC60,2017-03-06T08:00:00+08:00,55.0,8.0,0.4,15.1,0.95,1010.8,-99.0,34.0,-9.9,-99,-999,新北市,06,三峽區,057
24.9408,121.3615,三峽,C0AC60,2017-03-06T09:00:00+08:00,55.0,16.0,0.3,15.2,0.94,1011.3,-99.0,34.0,-9.9,-99,-999,新北市,06,三峽區,057
24.9408,121.3615,三峽,C0AC60,2017-03-06T10:00:00+08:00,55.0,92.0,0.9,14.8,0.92,1011.4,-99.0,34.0,-9.9,-99,-999,新北市,06,三峽區,057
24.9408,121.3615,三峽,C0AC60,2017-03-06T11:00:00+08:00,55.0,66.0,1.1,14.9,0.93,1010.9,-99.0,34.0,-9.9,-99,-999,新北市,06,三峽區,057
24.9408,121.3615,三峽,C0AC60,2017-03-06T12:00:00+08:00,55.0,87.0,0.6,15.1,0.93,1010.4,-99.0,34.0,-9.9,-99,-999,新北市,06,三峽區,057
24.9408,121.3615,三峽,C0AC60,2017-03-06T13:00:00+08:00,55.0,35.0,0.3,14.9,0.92,1010.2,-99.0,34.5,-9.9,-99,-999,新北市,06,三峽區,057
24.9408,121.3615,三峽,C0AC60,2017-03-06T14:00:00+08:00,55.0,87.0,1.1,14.3,0.92,1009.9,-99.0,34.5,-9.9,-99,-999,新北市,06,三峽區,057
24.9408,121.3615,三峽,C0AC60,2017-03-06T15:00:00+08:00,55.0,72.0,1.0,14.3,0.90,1009.8,-99.0,34.5,-9.9,-99,-999,新北市,06,三峽區,057
24.9408,121.3615,三峽,C0AC60,2017-03-06T16:00:00+08:00,55.0,72.0,1.1,14.2,0.88,1009.7,-99.0,34.5,-9.9,-99,-999,新北市,06,三峽區,057
24.9408,121.3615,三峽,C0AC60,2017-03-06T17:00:00+08:00,55.0,91.0,0.6,14.2,0.91,1010.0,-99.0,34.5,-9.9,-99,-999,新北市,06,三峽區,057
24.9408,121.3615,三峽,C0AC60,2017-03-06T18:00:00+08:00,55.0,86.0,0.7,14.4,0.89,1010.1,-99.0,34.5,-9.9,-99,-999,新北市,06,三峽區,057
24.9408,121.3615,三峽,C0AC60,2017-03-06T19:00:00+08:00,55.0,93.0,0.8,14.4,0.89,1010.7,-99.0,34.5,-9.9,-99,-999,新北市,06,三峽區,057
24.9408,121.3615,三峽,C0AC60,2017-03-06T20:00:00+08:00,55.0,88.0,1.4,14.6,0.84,1011.1,-99.0,34.5,-9.9,-99,-999,新北市,06,三峽區,057
24.9408,121.3615,三峽,C0AC60,2017-03-06T21:00:00+08:00,55.0,89.0,1.0,14.6,0.81,1011.3,-99.0,34.5,-9.9,-99,-999,新北市,06,三峽區,057
24.9408,121.3615,三峽,C0AC60,2017-03-06T22:00:00+08:00,55.0,94.0,1.7,14.6,0.81,1011.6,-99.0,34.5,-9.9,-99,-999,新北市,06,三峽區,057
24.9408,121.3615,三峽,C0AC60,2017-03-06T23:00:00+08:00,55.0,92.0,1.3,14.3,0.80,1011.3,-99.0,34.5,-9.9,-99,-999,新北市,06,三峽區,057
24.9408,121.3615,三峽,C0AC60,2017-03-07T00:00:00+08:00,55.0,93.0,1.6,14.3,0.76,1011.1,-99.0,34.5,-9.9,-99,-999,新北市,06,三峽區,057
24.9408,121.3615,三峽,C0AC60,2017-03-07T01:00:00+08:00,55.0,95.0,1.9,14.2,0.76,1011.1,-99.0,0.0,-9.9,-99,-999,新北市,06,三峽區,057
24.9408,121.3615,三峽,C0AC60,2017-03-07T02:00:00+08:00,55.0,86.0,1.6,14.2,0.74,1011.8,-99.0,0.0,-9.9,-99,-999,新北市,06,三峽區,057
24.9408,121.3615,三峽,C0AC60,2017-03-07T03:00:00+08:00,55.0,97.0,1.3,14.1,0.72,1011.3,-99.0,0.0,-9.9,-99,-999,新北市,06,三峽區,057
24.9408,121.3615,三峽,C0AC60,2017-03-07T04:00:00+08:00,55.0,90.0,1.2,14.1,0.68,1011.2,-99.0,0.0,-9.9,-99,-999,新北市,06,三峽區,057
24.9408,121.3615,三峽,C0AC60,2017-03-07T05:00:00+08:00,55.0,90.0,1.8,14.0,0.65,1011.8,-99.0,0.0,-9.9,-99,-999,新北市,06,三峽區,057
24.9408,121.3615,三峽,C0AC60,2017-03-07T06:00:00+08:00,55.0,97.0,1.8,14.0,0.64,1011.8,-99.0,0.0,-9.9,-99,-999,新北市,06,三峽區,057
24.9408,121.3615,三峽,C0AC60,2017-03-07T07:00:00+08:00,55.0,94.0,2.1,14.2,0.63,1012.5,-99.0,0.0,-9.9,-99,-999,新北市,06,三峽區,057
24.9408,121.3615,三峽,C0AC60,2017-03-07T08:00:00+08:00,55.0,97.0,2.4,14.5,0.63,1012.4,-99.0,0.0,-9.9,-99,-999,新北市,06,三峽區,057
24.9408,121.3615,三峽,C0AC60,2017-03-07T09:00:00+08:00,55.0,92.0,1.7,14.7,0.63,1013.3,-99.0,0.0,-9.9,-99,-999,新北市,06,三峽區,057
24.9408,121.3615,三峽,C0AC60,2017-03-07T10:00:00+08:00,55.0,93.0,2.1,14.6,0.64,1013.4,-99.0,0.0,-9.9,-99,-999,新北市,06,三峽區,057
24.9408,121.3615,三峽,C0AC60,2017-03-07T11:00:00+08:00,55.0,91.0,1.9,14.3,0.67,1012.6,-99.0,0.0,-9.9,-99,-999,新北市,06,三峽區,057
24.9408,121.3615,三峽,C0AC60,2017-03-07T12:00:00+08:00,55.0,91.0,2.4,14.8,0.66,1012.2,-99.0,0.0,-9.9,-99,-999,新北市,06,三峽區,057
24.9408,121.3615,三峽,C0AC60,2017-03-07T13:00:00+08:00,55.0,91.0,1.6,14.1,0.73,1011.7,-99.0,0.5,-9.9,-99,-999,新北市,06,三峽區,057
24.9408,121.3615,三峽,C0AC60,2017-03-07T14:00:00+08:00,55.0,92.0,1.4,13.6,0.78,1011.4,-99.0,0.5,-9.9,-99,-999,新北市,06,三峽區,057
24.9408,121.3615,三峽,C0AC60,2017-03-07T15:00:00+08:00,55.0,95.0,1.1,13.8,0.76,1010.9,-99.0,1.0,-9.9,-99,-999,新北市,06,三峽區,057
24.9408,121.3615,三峽,C0AC60,2017-03-07T16:00:00+08:00,55.0,88.0,1.2,13.0,0.82,1011.5,-99.0,2.0,-9.9,-99,-999,新北市,06,三峽區,057
24.9408,121.3615,三峽,C0AC60,2017-03-07T17:00:00+08:00,55.0,91.0,1.7,12.9,0.87,1011.2,-99.0,2.0,-9.9,-99,-999,新北市,06,三峽區,057
24.9408,121.3615,三峽,C0AC60,2017-03-07T18:00:00+08:00,55.0,81.0,1.9,12.5,0.87,1012.0,-99.0,3.5,-9.9,-99,-999,新北市,06,三峽區,057
24.9408,121.3615,三峽,C0AC60,2017-03-07T19:00:00+08:00,55.0,81.0,1.7,12.2,0.89,1012.0,-99.0,6.0,-9.9,-99,-999,新北市,06,三峽區,057
24.9408,121.3615,三峽,C0AC60,2017-03-07T20:00:00+08:00,55.0,91.0,2.3,12.1,0.89,1013.0,-99.0,6.0,-9.9,-99,-999,新北市,06,三峽區,057
24.9408,121.3615,三峽,C0AC60,2017-03-07T21:00:00+08:00,55.0,81.0,2.0,12.3,0.89,1013.1,-99.0,6.5,-9.9,-99,-999,新北市,06,三峽區,057
24.9408,121.3615,三峽,C0AC60,2017-03-07T22:00:00+08:00,55.0,70.0,1.8,12.8,0.82,1013.2,-99.0,6.5,-9.9,-99,-999,新北市,06,三峽區,057
24.9408,121.3615,三峽,C0AC60,2017-03-07T23:00:00+08:00,55.0,97.0,2.1,12.5,0.83,1012.9,-99.0,7.5,-9.9,-99,-999,新北市,06,三峽區,057
24.9408,121.3615,三峽,C0AC60,2017-03-08T00:00:00+08:00,55.0,80.0,2.9,13.0,0.81,1012.2,-99.0,7.5,-9.9,-99,-999,新北市,06,三峽區,057
24.9408,121.3615,三峽,C0AC60,2017-03-08T01:00:00+08:00,55.0,79.0,2.3,13.1,0.82,1012.1,-99.0,0.0,-9.9,-99,-999,新北市,06,三峽區,057
24.9408,121.3615,三峽,C0AC60,2017-03-08T02:00:00+08:00,55.0,85.0,1.2,13.4,0.80,1012.3,-99.0,0.0,-9.9,-99,-999,新北市,06,三峽區,057
24.9408,121.3615,三峽,C0AC60,2017-03-08T03:00:00+08:00,55.0,91.0,1.0,13.9,0.75,1011.8,-99.0,0.0,-9.9,-99,-999,新北市,06,三峽區,057
24.9408,121.3615,三峽,C0AC60,2017-03-08T04:00:00+08:00,55.0,85.0,1.2,13.9,0.75,1011.2,-99.0,0.0,-9.9,-99,-999,新北市,06,三峽區,057
24.9408,121.3615,三峽,C0AC60,2017-03-08T05:00:00+08:00,55.0,48.0,1.6,14.3,0.72,1011.9,-99.0,0.0,-9.9,-99,-999,新北市,06,三峽區,057
24.9408,121.3615,三峽,C0AC60,2017-03-08T06:00:00+08:00,55.0,97.0,0.4,12.9,0.86,1012.5,-99.0,2.5,-9.9,-99,-999,新北市,06,三峽區,057
24.9408,121.3615,三峽,C0AC60,2017-03-08T07:00:00+08:00,55.0,83.0,1.8,13.6,0.81,1012.3,-99.0,2.5,-9.9,-99,-999,新北市,06,三峽區,057
24.9408,121.3615,三峽,C0AC60,2017-03-08T08:00:00+08:00,55.0,94.0,2.1,14.7,0.68,1012.4,-99.0,2.5,-9.9,-99,-999,新北市,06,三峽區,057
24.9408,121.3615,三峽,C0AC60,2017-03-08T09:00:00+08:00,55.0,91.0,2.2,15.2,0.67,1012.9,-99.0,2.5,-9.9,-99,-999,新北市,06,三峽區,057
24.9408,121.3615,三峽,C0AC60,2017-03-08T10:00:00+08:00,55.0,92.0,2.0,14.8,0.70,1013.6,-99.0,2.5,-9.9,-99,-999,新北市,06,三峽區,057
24.9408,121.3615,三峽,C0AC60,2017-03-08T11:00:00+08:00,55.0,93.0,1.1,14.7,0.73,1013.6,-99.0,2.5,-9.9,-99,-999,新北市,06,三峽區,057
24.9408,121.3615,三峽,C0AC60,2017-03-08T12:00:00+08:00,55.0,95.0,0.3,14.0,0.78,1013.5,-99.0,3.5,-9.9,-99,-999,新北市,06,三峽區,057
24.9408,121.3615,三峽,C0AC60,2017-03-08T13:00:00+08:00,55.0,92.0,0.9,13.8,0.82,1012.4,-99.0,3.5,-9.9,-99,-999,新北市,06,三峽區,057
24.9408,121.3615,三峽,C0AC60,2017-03-08T14:00:00+08:00,55.0,89.0,1.6,14.4,0.74,1011.9,-99.0,3.5,-9.9,-99,-999,新北市,06,三峽區,057
24.9408,121.3615,三峽,C0AC60,2017-03-08T15:00:00+08:00,55.0,90.0,0.9,14.2,0.77,1011.3,-99.0,4.0,-9.9,-99,-999,新北市,06,三峽區,057
24.9408,121.3615,三峽,C0AC60,2017-03-08T16:00:00+08:00,55.0,88.0,2.0,14.7,0.67,1011.0,-99.0,4.0,-9.9,-99,-999,新北市,06,三峽區,057
24.9408,121.3615,三峽,C0AC60,2017-03-08T17:00:00+08:00,55.0,93.0,1.4,14.8,0.65,1011.4,-99.0,4.0,-9.9,-99,-999,新北市,06,三峽區,057
24.9408,121.3615,三峽,C0AC60,2017-03-08T18:00:00+08:00,55.0,99.0,1.8,13.4,0.77,1012.5,-99.0,4.0,-9.9,-99,-999,新北市,06,三峽區,057
24.9408,121.3615,三峽,C0AC60,2017-03-08T19:00:00+08:00,55.0,90.0,1.9,13.3,0.79,1012.9,-99.0,4.0,-9.9,-99,-999,新北市,06,三峽區,057
24.9408,121.3615,三峽,C0AC60,2017-03-08T20:00:00+08:00,55.0,95.0,2.0,13.3,0.82,1013.4,-99.0,4.0,-9.9,-99,-999,新北市,06,三峽區,057
24.9408,121.3615,三峽,C0AC60,2017-03-08T21:00:00+08:00,55.0,79.0,2.4,14.0,0.77,1013.3,-99.0,4.0,-9.9,-99,-999,新北市,06,三峽區,057
24.9408,121.3615,三峽,C0AC60,2017-03-08T22:00:00+08:00,55.0,69.0,3.3,14.9,0.70,1012.7,-99.0,4.0,-9.9,-99,-999,新北市,06,三峽區,057
24.9408,121.3615,三峽,C0AC60,2017-03-08T23:00:00+08:00,55.0,78.0,3.5,14.9,0.72,1012.6,-99.0,4.0,-9.9,-99,-999,新北市,06,三峽區,057
24.9408,121.3615,三峽,C0AC60,2017-03-09T00:00:00+08:00,55.0,77.0,3.6,14.8,0.75,1012.2,-99.0,4.0,-9.9,-99,-999,新北市,06,三峽區,057
24.9408,121.3615,三峽,C0AC60,2017-03-09T01:00:00+08:00,55.0,76.0,3.8,15.0,0.74,1011.5,-99.0,0.0,-9.9,-99,-999,新北市,06,三峽區,057
24.9408,121.3615,三峽,C0AC60,2017-03-09T02:00:00+08:00,55.0,76.0,4.3,15.1,0.74,1011.2,-99.0,0.0,-9.9,-99,-999,新北市,06,三峽區,057
24.9408,121.3615,三峽,C0AC60,2017-03-09T03:00:00+08:00,55.0,73.0,4.3,15.3,0.72,1010.9,-99.0,0.0,-9.9,-99,-999,新北市,06,三峽區,057
24.9408,121.3615,三峽,C0AC60,2017-03-09T04:00:00+08:00,55.0,73.0,3.8,15.4,0.71,1010.7,-99.0,0.0,-9.9,-99,-999,新北市,06,三峽區,057
24.9408,121.3615,三峽,C0AC60,2017-03-09T05:00:00+08:00,55.0,72.0,3.2,15.4,0.71,1010.8,-99.0,0.0,-9.9,-99,-999,新北市,06,三峽區,057
24.9408,121.3615,三峽,C0AC60,2017-03-09T06:00:00+08:00,55.0,76.0,3.8,15.5,0.72,1010.9,-99.0,0.0,-9.9,-99,-999,新北市,06,三峽區,057
24.9408,121.3615,三峽,C0AC60,2017-03-09T07:00:00+08:00,55.0,72.0,3.1,15.6,0.72,1011.3,-99.0,0.0,-9.9,-99,-999,新北市,06,三峽區,057
24.9408,121.3615,三峽,C0AC60,2017-03-09T08:00:00+08:00,55.0,79.0,3.5,16.1,0.72,1011.6,-99.0,0.0,-9.9,-99,-999,新北市,06,三峽區,057
24.9408,121.3615,三峽,C0AC60,2017-03-09T09:00:00+08:00,55.0,64.0,3.2,16.7,0.68,1011.0,-99.0,0.0,-9.9,-99,-999,新北市,06,三峽區,057
24.9408,121.3615,三峽,C0AC60,2017-03-09T10:00:00+08:00,55.0,75.0,3.1,17.0,0.66,1011.2,-99.0,0.0,-9.9,-99,-999,新北市,06,三峽區,057
24.9408,121.3615,三峽,C0AC60,2017-03-09T11:00:00+08:00,55.0,70.0,3.3,17.4,0.66,1011.0,-99.0,0.0,-9.9,-99,-999,新北市,06,三峽區,057
24.9408,121.3615,三峽,C0AC60,2017-03-09T12:00:00+08:00,55.0,74.0,3.8,17.4,0.68,1010.9,-99.0,0.0,-9.9,-99,-999,新北市,06,三峽區,057
24.9408,121.3615,三峽,C0AC60,2017-03-09T13:00:00+08:00,55.0,75.0,2.7,16.9,0.75,1010.2,-99.0,0.0,-9.9,-99,-999,新北市,06,三峽區,057
24.9408,121.3615,三峽,C0AC60,2017-03-09T14:00:00+08:00,55.0,69.0,3.6,16.6,0.77,1009.6,-99.0,0.0,-9.9,-99,-999,新北市,06,三峽區,057
24.9408,121.3615,三峽,C0AC60,2017-03-09T15:00:00+08:00,55.0,73.0,3.3,16.1,0.82,1009.4,-99.0,0.0,-9.9,-99,-999,新北市,06,三峽區,057
24.9408,121.3615,三峽,C0AC60,2017-03-09T16:00:00+08:00,55.0,70.0,3.4,15.9,0.84,1008.8,-99.0,0.0,-9.9,-99,-999,新北市,06,三峽區,057
24.9408,121.3615,三峽,C0AC60,2017-03-09T17:00:00+08:00,55.0,71.0,3.5,15.8,0.82,1009.2,-99.0,0.0,-9.9,-99,-999,新北市,06,三峽區,057
24.9408,121.3615,三峽,C0AC60,2017-03-09T18:00:00+08:00,55.0,71.0,2.9,15.5,0.85,1009.3,-99.0,0.0,-9.9,-99,-999,新北市,06,三峽區,057
24.9408,121.3615,三峽,C0AC60,2017-03-09T19:00:00+08:00,55.0,76.0,3.6,15.7,0.85,1009.8,-99.0,0.0,-9.9,-99,-999,新北市,06,三峽區,057
24.9408,121.3615,三峽,C0AC60,2017-03-09T20:00:00+08:00,55.0,74.0,3.5,15.6,0.86,1010.3,-99.0,0.0,-9.9,-99,-999,新北市,06,三峽區,057
24.9408,121.3615,三峽,C0AC60,2017-03-09T21:00:00+08:00,55.0,83.0,3.3,15.4,0.89,1010.2,-99.0,0.0,-9.9,-99,-999,新北市,06,三峽區,057
24.9408,121.3615,三峽,C0AC60,2017-03-09T22:00:00+08:00,55.0,71.0,3.1,15.7,0.88,1010.0,-99.0,0.0,-9.9,-99,-999,新北市,06,三峽區,057
24.9408,121.3615,三峽,C0AC60,2017-03-09T23:00:00+08:00,55.0,79.0,2.7,16.5,0.83,1009.8,-99.0,0.0,-9.9,-99,-999,新北市,06,三峽區,057
24.9408,121.3615,三峽,C0AC60,2017-03-10T00:00:00+08:00,55.0,75.0,3.1,17.0,0.80,1008.8,-99.0,0.0,-9.9,-99,-999,新北市,06,三峽區,057
24.9408,121.3615,三峽,C0AC60,2017-03-10T01:00:00+08:00,55.0,78.0,2.4,17.2,0.81,1008.1,-99.0,0.0,-9.9,-99,-999,新北市,06,三峽區,057
24.9408,121.3615,三峽,C0AC60,2017-03-10T02:00:00+08:00,55.0,91.0,1.6,16.9,0.86,1007.6,-99.0,0.5,-9.9,-99,-999,新北市,06,三峽區,057
24.9408,121.3615,三峽,C0AC60,2017-03-10T03:00:00+08:00,55.0,119.0,0.7,16.7,0.90,1007.2,-99.0,0.5,-9.9,-99,-999,新北市,06,三峽區,057
24.9408,121.3615,三峽,C0AC60,2017-03-10T04:00:00+08:00,55.0,159.0,0.4,16.4,0.93,1007.5,-99.0,1.5,-9.9,-99,-999,新北市,06,三峽區,057
24.9408,121.3615,三峽,C0AC60,2017-03-10T05:00:00+08:00,55.0,0.0,0.1,15.7,0.96,1007.4,-99.0,4.5,-9.9,-99,-999,新北市,06,三峽區,057
24.9408,121.3615,三峽,C0AC60,2017-03-10T06:00:00+08:00,55.0,174.0,0.8,15.9,0.97,1007.5,-99.0,5.0,-9.9,-99,-999,新北市,06,三峽區,057
24.9408,121.3615,三峽,C0AC60,2017-03-10T07:00:00+08:00,55.0,198.0,0.9,16.4,0.98,1008.4,-99.0,5.5,-9.9,-99,-999,新北市,06,三峽區,057
24.9408,121.3615,三峽,C0AC60,2017-03-10T08:00:00+08:00,55.0,189.0,1.1,16.3,0.99,1008.3,-99.0,6.0,-9.9,-99,-999,新北市,06,三峽區,057
24.9408,121.3615,三峽,C0AC60,2017-03-10T09:00:00+08:00,55.0,228.0,1.2,17.0,0.99,1009.0,-99.0,6.0,-9.9,-99,-999,新北市,06,三峽區,057
24.9408,121.3615,三峽,C0AC60,2017-03-10T10:00:00+08:00,55.0,92.0,1.2,17.3,1.00,1009.1,-99.0,6.0,-9.9,-99,-999,新北市,06,三峽區,057
24.9408,121.3615,三峽,C0AC60,2017-03-10T11:00:00+08:00,55.0,79.0,2.0,17.7,0.99,1008.5,-99.0,6.0,-9.9,-99,-999,新北市,06,三峽區,057
24.9408,121.3615,三峽,C0AC60,2017-03-10T12:00:00+08:00,55.0,78.0,3.1,17.5,0.98,1007.5,-99.0,6.0,-9.9,-99,-999,新北市,06,三峽區,057
24.9408,121.3615,三峽,C0AC60,2017-03-10T13:00:00+08:00,55.0,71.0,3.6,18.8,0.90,1006.0,-99.0,6.0,-9.9,-99,-999,新北市,06,三峽區,057
24.9408,121.3615,三峽,C0AC60,2017-03-10T14:00:00+08:00,55.0,74.0,2.8,18.4,0.87,1005.5,-99.0,6.0,-9.9,-99,-999,新北市,06,三峽區,057
24.9408,121.3615,三峽,C0AC60,2017-03-10T15:00:00+08:00,55.0,96.0,0.7,18.1,0.91,1004.9,-99.0,6.0,-9.9,-99,-999,新北市,06,三峽區,057
24.9408,121.3615,三峽,C0AC60,2017-03-10T16:00:00+08:00,55.0,0.0,0.0,18.3,0.91,1004.9,-99.0,6.0,-9.9,-99,-999,新北市,06,三峽區,057
24.9408,121.3615,三峽,C0AC60,2017-03-10T17:00:00+08:00,55.0,0.0,0.0,17.9,0.94,1005.4,-99.0,7.0,-9.9,-99,-999,新北市,06,三峽區,057
24.9408,121.3615,三峽,C0AC60,2017-03-10T18:00:00+08:00,55.0,0.0,0.0,17.9,0.96,1006.0,-99.0,7.5,-9.9,-99,-999,新北市,06,三峽區,057
24.9408,121.3615,三峽,C0AC60,2017-03-10T19:00:00+08:00,55.0,305.0,0.3,17.7,0.98,1007.1,-99.0,9.5,-9.9,-99,-999,新北市,06,三峽區,057
24.9408,121.3615,三峽,C0AC60,2017-03-10T20:00:00+08:00,55.0,0.0,0.2,17.6,0.99,1008.2,-99.0,12.5,-9.9,-99,-999,新北市,06,三峽區,057
24.9408,121.3615,三峽,C0AC60,2017-03-10T21:00:00+08:00,55.0,0.0,0.2,17.3,1.00,1008.1,-99.0,14.5,-9.9,-99,-999,新北市,06,三峽區,057
24.9408,121.3615,三峽,C0AC60,2017-03-10T22:00:00+08:00,55.0,96.0,0.5,17.0,0.98,1009.7,-99.0,19.5,-9.9,-99,-999,新北市,06,三峽區,057
24.9408,121.3615,三峽,C0AC60,2017-03-10T23:00:00+08:00,55.0,72.0,1.7,17.1,0.95,1009.8,-99.0,21.0,-9.9,-99,-999,新北市,06,三峽區,057
24.9408,121.3615,三峽,C0AC60,2017-03-11T00:00:00+08:00,55.0,82.0,1.2,16.7,0.96,1010.0,-99.0,26.0,-9.9,-99,-999,新北市,06,三峽區,057
24.9408,121.3615,三峽,C0AC60,2017-03-11T01:00:00+08:00,55.0,85.0,2.2,16.6,0.94,1008.9,-99.0,0.0,-9.9,-99,-999,新北市,06,三峽區,057
24.9408,121.3615,三峽,C0AC60,2017-03-11T02:00:00+08:00,55.0,71.0,3.0,16.7,0.94,1008.1,-99.0,0.0,-9.9,-99,-999,新北市,06,三峽區,057
24.9408,121.3615,三峽,C0AC60,2017-03-11T03:00:00+08:00,55.0,76.0,3.1,17.1,0.90,1007.5,-99.0,0.0,-9.9,-99,-999,新北市,06,三峽區,057
24.9408,121.3615,三峽,C0AC60,2017-03-11T04:00:00+08:00,55.0,76.0,3.5,16.9,0.92,1007.9,-99.0,1.0,-9.9,-99,-999,新北市,06,三峽區,057
24.9408,121.3615,三峽,C0AC60,2017-03-11T05:00:00+08:00,55.0,80.0,3.5,17.2,0.91,1007.9,-99.0,1.0,-9.9,-99,-999,新北市,06,三峽區,057
24.9408,121.3615,三峽,C0AC60,2017-03-11T06:00:00+08:00,55.0,73.0,3.5,17.7,0.88,1008.0,-99.0,1.0,-9.9,-99,-999,新北市,06,三峽區,057
24.9408,121.3615,三峽,C0AC60,2017-03-11T07:00:00+08:00,55.0,80.0,2.6,18.1,0.85,1008.7,-99.0,1.0,-9.9,-99,-999,新北市,06,三峽區,057
24.9408,121.3615,三峽,C0AC60,2017-03-11T08:00:00+08:00,55.0,85.0,1.6,18.5,0.86,1009.4,-99.0,1.0,-9.9,-99,-999,新北市,06,三峽區,057
24.9408,121.3615,三峽,C0AC60,2017-03-11T10:00:00+08:00,55.0,81.0,1.6,20.7,0.79,1010.1,-99.0,1.0,-9.9,-99,-999,新北市,06,三峽區,057
24.9408,121.3615,三峽,C0AC60,2017-03-11T11:00:00+08:00,55.0,76.0,1.9,22.3,0.73,1009.8,-99.0,1.0,-9.9,-99,-999,新北市,06,三峽區,057
24.9408,121.3615,三峽,C0AC60,2017-03-11T12:00:00+08:00,55.0,51.0,2.0,23.4,0.70,1009.0,-99.0,1.0,-9.9,-99,-999,新北市,06,三峽區,057
24.9408,121.3615,三峽,C0AC60,2017-03-11T13:00:00+08:00,55.0,69.0,2.2,23.6,0.69,1008.4,-99.0,1.0,-9.9,-99,-999,新北市,06,三峽區,057
24.9408,121.3615,三峽,C0AC60,2017-03-11T14:00:00+08:00,55.0,59.0,2.0,23.6,0.69,1008.0,-99.0,1.0,-9.9,-99,-999,新北市,06,三峽區,057
24.9408,121.3615,三峽,C0AC60,2017-03-11T15:00:00+08:00,55.0,80.0,2.4,24.5,0.66,1007.6,-99.0,1.0,-9.9,-99,-999,新北市,06,三峽區,057
24.9408,121.3615,三峽,C0AC60,2017-03-11T16:00:00+08:00,55.0,63.0,2.7,23.7,0.68,1008.0,-99.0,1.0,-9.9,-99,-999,新北市,06,三峽區,057
24.9408,121.3615,三峽,C0AC60,2017-03-11T17:00:00+08:00,55.0,74.0,2.0,23.0,0.70,1007.8,-99.0,1.0,-9.9,-99,-999,新北市,06,三峽區,057
24.9408,121.3615,三峽,C0AC60,2017-03-11T18:00:00+08:00,55.0,71.0,1.6,21.7,0.75,1008.3,-99.0,1.0,-9.9,-99,-999,新北市,06,三峽區,057
24.9408,121.3615,三峽,C0AC60,2017-03-11T19:00:00+08:00,55.0,80.0,2.1,20.9,0.81,1008.9,-99.0,1.0,-9.9,-99,-999,新北市,06,三峽區,057
24.9408,121.3615,三峽,C0AC60,2017-03-11T20:00:00+08:00,55.0,76.0,0.3,20.6,0.81,1009.9,-99.0,1.0,-9.9,-99,-999,新北市,06,三峽區,057
24.9408,121.3615,三峽,C0AC60,2017-03-11T21:00:00+08:00,55.0,178.0,0.6,19.4,0.87,1010.9,-99.0,1.0,-9.9,-99,-999,新北市,06,三峽區,057
24.9408,121.3615,三峽,C0AC60,2017-03-11T22:00:00+08:00,55.0,162.0,0.5,19.1,0.90,1011.0,-99.0,1.0,-9.9,-99,-999,新北市,06,三峽區,057
24.9408,121.3615,三峽,C0AC60,2017-03-11T23:00:00+08:00,55.0,94.0,0.9,19.1,0.91,1010.3,-99.0,1.0,-9.9,-99,-999,新北市,06,三峽區,057
24.9408,121.3615,三峽,C0AC60,2017-03-12T00:00:00+08:00,55.0,105.0,0.5,19.7,0.89,1009.3,-99.0,1.0,-9.9,-99,-999,新北市,06,三峽區,057
24.9408,121.3615,三峽,C0AC60,2017-03-12T01:00:00+08:00,55.0,101.0,0.5,19.5,0.89,1008.8,-99.0,0.0,-9.9,-99,-999,新北市,06,三峽區,057
24.9408,121.3615,三峽,C0AC60,2017-03-12T02:00:00+08:00,55.0,159.0,2.1,18.5,0.91,1008.6,-99.0,0.0,-9.9,-99,-999,新北市,06,三峽區,057
24.9408,121.3615,三峽,C0AC60,2017-03-12T03:00:00+08:00,55.0,0.0,0.0,18.0,0.95,1008.8,-99.0,0.0,-9.9,-99,-999,新北市,06,三峽區,057
24.9408,121.3615,三峽,C0AC60,2017-03-12T04:00:00+08:00,55.0,206.0,0.6,18.1,0.96,1009.2,-99.0,0.0,-9.9,-99,-999,新北市,06,三峽區,057
24.9408,121.3615,三峽,C0AC60,2017-03-12T05:00:00+08:00,55.0,0.0,0.0,18.5,0.97,1009.2,-99.0,0.0,-9.9,-99,-999,新北市,06,三峽區,057
24.9408,121.3615,三峽,C0AC60,2017-03-12T06:00:00+08:00,55.0,0.0,0.0,18.6,0.97,1009.4,-99.0,0.0,-9.9,-99,-999,新北市,06,三峽區,057
24.9408,121.3615,三峽,C0AC60,2017-03-12T07:00:00+08:00,55.0,0.0,0.0,18.2,0.97,1008.4,-99.0,0.0,-9.9,-99,-999,新北市,06,三峽區,057
24.9408,121.3615,三峽,C0AC60,2017-03-12T08:00:00+08:00,55.0,282.0,0.8,19.2,0.96,1009.4,-99.0,0.0,-9.9,-99,-999,新北市,06,三峽區,057
24.9408,121.3615,三峽,C0AC60,2017-03-12T09:00:00+08:00,55.0,224.0,1.2,20.2,0.88,1009.9,-99.0,0.0,-9.9,-99,-999,新北市,06,三峽區,057
24.9408,121.3615,三峽,C0AC60,2017-03-12T10:00:00+08:00,55.0,323.0,2.1,21.7,0.77,1009.3,-99.0,0.0,-9.9,-99,-999,新北市,06,三峽區,057
24.9408,121.3615,三峽,C0AC60,2017-03-12T11:00:00+08:00,55.0,320.0,0.6,23.1,0.71,1008.5,-99.0,0.0,-9.9,-99,-999,新北市,06,三峽區,057
24.9408,121.3615,三峽,C0AC60,2017-03-12T12:00:00+08:00,55.0,327.0,1.0,24.5,0.67,1007.1,-99.0,0.0,-9.9,-99,-999,新北市,06,三峽區,057
24.9408,121.3615,三峽,C0AC60,2017-03-12T13:00:00+08:00,55.0,253.0,1.0,26.2,0.62,1006.0,-99.0,0.0,-9.9,-99,-999,新北市,06,三峽區,057
24.9408,121.3615,三峽,C0AC60,2017-03-12T14:00:00+08:00,55.0,302.0,1.4,27.4,0.58,1004.8,-99.0,0.0,-9.9,-99,-999,新北市,06,三峽區,057
24.9408,121.3615,三峽,C0AC60,2017-03-12T15:00:00+08:00,55.0,324.0,1.7,25.3,0.68,1004.8,-99.0,0.0,-9.9,-99,-999,新北市,06,三峽區,057
24.9408,121.3615,三峽,C0AC60,2017-03-12T16:00:00+08:00,55.0,335.0,1.8,22.9,0.77,1005.6,-99.0,0.0,-9.9,-99,-999,新北市,06,三峽區,057
24.9408,121.3615,三峽,C0AC60,2017-03-12T17:00:00+08:00,55.0,313.0,1.4,21.7,0.82,1005.6,-99.0,0.0,-9.9,-99,-999,新北市,06,三峽區,057
24.9408,121.3615,三峽,C0AC60,2017-03-12T18:00:00+08:00,55.0,310.0,1.2,21.5,0.84,1005.5,-99.0,0.0,-9.9,-99,-999,新北市,06,三峽區,057
24.9408,121.3615,三峽,C0AC60,2017-03-12T19:00:00+08:00,55.0,301.0,1.6,21.0,0.86,1006.2,-99.0,0.0,-9.9,-99,-999,新北市,06,三峽區,057
24.9408,121.3615,三峽,C0AC60,2017-03-12T20:00:00+08:00,55.0,305.0,1.5,20.0,0.91,1007.1,-99.0,0.0,-9.9,-99,-999,新北市,06,三峽區,057
24.9408,121.3615,三峽,C0AC60,2017-03-12T21:00:00+08:00,55.0,0.0,0.2,19.7,0.96,1007.4,-99.0,0.0,-9.9,-99,-999,新北市,06,三峽區,057
24.9408,121.3615,三峽,C0AC60,2017-03-12T22:00:00+08:00,55.0,0.0,0.0,19.5,0.97,1007.6,-99.0,0.0,-9.9,-99,-999,新北市,06,三峽區,057
24.9408,121.3615,三峽,C0AC60,2017-03-12T23:00:00+08:00,55.0,0.0,0.0,19.7,0.97,1007.2,-99.0,0.0,-9.9,-99,-999,新北市,06,三峽區,057
24.9408,121.3615,三峽,C0AC60,2017-03-13T00:00:00+08:00,55.0,201.0,0.3,19.9,0.97,1007.3,-99.0,0.0,-9.9,-99,-999,新北市,06,三峽區,057
24.9408,121.3615,三峽,C0AC60,2017-03-13T01:00:00+08:00,55.0,0.0,0.0,19.9,0.96,1007.1,-99.0,0.0,-9.9,-99,-999,新北市,06,三峽區,057
24.9408,121.3615,三峽,C0AC60,2017-03-13T02:00:00+08:00,55.0,317.0,0.8,20.0,0.96,1006.5,-99.0,0.0,-9.9,-99,-999,新北市,06,三峽區,057
24.9408,121.3615,三峽,C0AC60,2017-03-13T03:00:00+08:00,55.0,280.0,0.5,20.4,0.94,1006.2,-99.0,0.0,-9.9,-99,-999,新北市,06,三峽區,057
24.9408,121.3615,三峽,C0AC60,2017-03-13T04:00:00+08:00,55.0,258.0,0.9,20.7,0.90,1005.7,-99.0,0.0,-9.9,-99,-999,新北市,06,三峽區,057
24.9408,121.3615,三峽,C0AC60,2017-03-13T05:00:00+08:00,55.0,0.0,0.2,20.8,0.90,1005.9,-99.0,0.0,-9.9,-99,-999,新北市,06,三峽區,057
24.9408,121.3615,三峽,C0AC60,2017-03-13T06:00:00+08:00,55.0,0.0,0.0,20.7,0.92,1006.4,-99.0,1.0,-9.9,-99,-999,新北市,06,三峽區,057
24.9408,121.3615,三峽,C0AC60,2017-03-13T07:00:00+08:00,55.0,0.0,0.0,20.2,0.96,1006.8,-99.0,2.0,-9.9,-99,-999,新北市,06,三峽區,057
24.9408,121.3615,三峽,C0AC60,2017-03-13T08:00:00+08:00,55.0,0.0,0.0,20.7,0.98,1006.9,-99.0,2.0,-9.9,-99,-999,新北市,06,三峽區,057
24.9408,121.3615,三峽,C0AC60,2017-03-13T10:00:00+08:00,55.0,308.0,0.8,21.2,0.95,1007.0,-99.0,2.0,-9.9,-99,-999,新北市,06,三峽區,057
24.9408,121.3615,三峽,C0AC60,2017-03-13T11:00:00+08:00,55.0,91.0,0.7,20.0,0.94,1007.1,-99.0,2.0,-9.9,-99,-999,新北市,06,三峽區,057
24.9408,121.3615,三峽,C0AC60,2017-03-13T12:00:00+08:00,55.0,258.0,1.1,19.3,0.94,1006.7,-99.0,2.0,-9.9,-99,-999,新北市,06,三峽區,057
24.9408,121.3615,三峽,C0AC60,2017-03-13T13:00:00+08:00,55.0,307.0,1.6,18.7,0.94,1005.7,-99.0,2.0,-9.9,-99,-999,新北市,06,三峽區,057
24.9408,121.3615,三峽,C0AC60,2017-03-13T14:00:00+08:00,55.0,299.0,0.7,18.7,0.92,1004.8,-99.0,2.0,-9.9,-99,-999,新北市,06,三峽區,057
24.9408,121.3615,三峽,C0AC60,2017-03-13T15:00:00+08:00,55.0,325.0,0.3,18.1,0.92,1004.2,-99.0,2.0,-9.9,-99,-999,新北市,06,三峽區,057
24.9408,121.3615,三峽,C0AC60,2017-03-13T16:00:00+08:00,55.0,47.0,0.3,17.6,0.94,1004.8,-99.0,2.0,-9.9,-99,-999,新北市,06,三峽區,057
24.9408,121.3615,三峽,C0AC60,2017-03-13T17:00:00+08:00,55.0,309.0,1.2,16.6,0.97,1005.6,-99.0,2.5,-9.9,-99,-999,新北市,06,三峽區,057
24.9408,121.3615,三峽,C0AC60,2017-03-13T18:00:00+08:00,55.0,41.0,0.6,16.4,0.98,1005.9,-99.0,3.0,-9.9,-99,-999,新北市,06,三峽區,057
24.9408,121.3615,三峽,C0AC60,2017-03-13T19:00:00+08:00,55.0,58.0,0.8,16.5,0.98,1006.6,-99.0,3.0,-9.9,-99,-999,新北市,06,三峽區,057
24.9408,121.3615,三峽,C0AC60,2017-03-13T20:00:00+08:00,55.0,82.0,1.1,16.3,0.99,1007.1,-99.0,3.5,-9.9,-99,-999,新北市,06,三峽區,057
24.9408,121.3615,三峽,C0AC60,2017-03-13T21:00:00+08:00,55.0,0.0,0.0,16.1,0.99,1007.5,-99.0,4.0,-9.9,-99,-999,新北市,06,三峽區,057
24.9408,121.3615,三峽,C0AC60,2017-03-13T22:00:00+08:00,55.0,329.0,0.5,15.8,0.99,1008.9,-99.0,4.5,-9.9,-99,-999,新北市,06,三峽區,057
24.9408,121.3615,三峽,C0AC60,2017-03-13T23:00:00+08:00,55.0,0.0,0.0,15.6,1.00,1010.1,-99.0,6.0,-9.9,-99,-999,新北市,06,三峽區,057
24.9408,121.3615,三峽,C0AC60,2017-03-14T00:00:00+08:00,55.0,117.0,0.6,15.1,0.97,1010.5,-99.0,6.5,-9.9,-99,-999,新北市,06,三峽區,057
24.9408,121.3615,三峽,C0AC60,2017-03-14T01:00:00+08:00,55.0,87.0,1.3,14.4,0.95,1010.7,-99.0,0.0,-9.9,-99,-999,新北市,06,三峽區,057
24.9408,121.3615,三峽,C0AC60,2017-03-14T02:00:00+08:00,55.0,91.0,0.7,13.9,0.96,1011.2,-99.0,4.5,-9.9,-99,-999,新北市,06,三峽區,057
24.9408,121.3615,三峽,C0AC60,2017-03-14T03:00:00+08:00,55.0,86.0,1.1,13.7,0.96,1010.9,-99.0,7.0,-9.9,-99,-999,新北市,06,三峽區,057
24.9408,121.3615,三峽,C0AC60,2017-03-14T04:00:00+08:00,55.0,60.0,1.2,13.8,0.94,1011.1,-99.0,7.0,-9.9,-99,-999,新北市,06,三峽區,057
24.9408,121.3615,三峽,C0AC60,2017-03-14T05:00:00+08:00,55.0,87.0,1.1,13.3,0.94,1012.6,-99.0,7.0,-9.9,-99,-999,新北市,06,三峽區,057
24.9408,121.3615,三峽,C0AC60,2017-03-14T06:00:00+08:00,55.0,84.0,1.1,12.9,0.94,1012.7,-99.0,7.5,-9.9,-99,-999,新北市,06,三峽區,057
24.9408,121.3615,三峽,C0AC60,2017-03-14T07:00:00+08:00,55.0,106.0,1.0,12.8,0.95,1013.5,-99.0,12.0,-9.9,-99,-999,新北市,06,三峽區,057
24.9408,121.3615,三峽,C0AC60,2017-03-14T08:00:00+08:00,55.0,71.0,0.4,13.1,0.95,1014.4,-99.0,13.5,-9.9,-99,-999,新北市,06,三峽區,057
24.9408,121.3615,三峽,C0AC60,2017-03-14T09:00:00+08:00,55.0,84.0,0.8,13.4,0.93,1015.5,-99.0,14.0,-9.9,-99,-999,新北市,06,三峽區,057
24.9408,121.3615,三峽,C0AC60,2017-03-14T10:00:00+08:00,55.0,54.0,1.3,13.3,0.92,1015.5,-99.0,15.0,-9.9,-99,-999,新北市,06,三峽區,057
24.9408,121.3615,三峽,C0AC60,2017-03-14T11:00:00+08:00,55.0,34.0,0.7,13.0,0.88,1015.4,-99.0,15.0,-9.9,-99,-999,新北市,06,三峽區,057
24.9408,121.3615,三峽,C0AC60,2017-03-14T12:00:00+08:00,55.0,59.0,0.7,13.5,0.82,1014.7,-99.0,15.0,-9.9,-99,-999,新北市,06,三峽區,057
24.9408,121.3615,三峽,C0AC60,2017-03-14T13:00:00+08:00,55.0,90.0,1.1,14.1,0.81,1014.3,-99.0,15.0,-9.9,-99,-999,新北市,06,三峽區,057
24.9408,121.3615,三峽,C0AC60,2017-03-14T14:00:00+08:00,55.0,80.0,1.0,14.1,0.79,1013.8,-99.0,15.0,-9.9,-99,-999,新北市,06,三峽區,057
24.9408,121.3615,三峽,C0AC60,2017-03-14T15:00:00+08:00,55.0,84.0,1.6,14.1,0.78,1013.5,-99.0,15.0,-9.9,-99,-999,新北市,06,三峽區,057
24.9408,121.3615,三峽,C0AC60,2017-03-14T16:00:00+08:00,55.0,91.0,2.1,14.2,0.76,1013.5,-99.0,15.0,-9.9,-99,-999,新北市,06,三峽區,057
24.9408,121.3615,三峽,C0AC60,2017-03-14T17:00:00+08:00,55.0,96.0,1.9,14.2,0.72,1013.8,-99.0,15.0,-9.9,-99,-999,新北市,06,三峽區,057
24.9408,121.3615,三峽,C0AC60,2017-03-14T18:00:00+08:00,55.0,91.0,1.8,14.0,0.68,1014.6,-99.0,15.0,-9.9,-99,-999,新北市,06,三峽區,057
24.9408,121.3615,三峽,C0AC60,2017-03-14T19:00:00+08:00,55.0,96.0,2.0,13.9,0.67,1015.5,-99.0,15.0,-9.9,-99,-999,新北市,06,三峽區,057
24.9408,121.3615,三峽,C0AC60,2017-03-14T20:00:00+08:00,55.0,93.0,2.7,13.8,0.69,1015.8,-99.0,15.0,-9.9,-99,-999,新北市,06,三峽區,057
24.9408,121.3615,三峽,C0AC60,2017-03-14T21:00:00+08:00,55.0,87.0,2.5,13.9,0.69,1015.9,-99.0,15.0,-9.9,-99,-999,新北市,06,三峽區,057
24.9408,121.3615,三峽,C0AC60,2017-03-14T22:00:00+08:00,55.0,89.0,1.8,14.0,0.68,1016.1,-99.0,15.0,-9.9,-99,-999,新北市,06,三峽區,057
24.9408,121.3615,三峽,C0AC60,2017-03-14T23:00:00+08:00,55.0,84.0,1.9,14.1,0.67,1015.7,-99.0,15.0,-9.9,-99,-999,新北市,06,三峽區,057
24.9408,121.3615,三峽,C0AC60,2017-03-15T00:00:00+08:00,55.0,91.0,2.5,14.3,0.66,1015.4,-99.0,15.0,-9.9,-99,-999,新北市,06,三峽區,057
24.9408,121.3615,三峽,C0AC60,2017-03-15T01:00:00+08:00,55.0,88.0,2.4,14.7,0.64,1014.9,-99.0,0.0,-9.9,-99,-999,新北市,06,三峽區,057
24.9408,121.3615,三峽,C0AC60,2017-03-15T02:00:00+08:00,55.0,88.0,1.5,14.6,0.66,1014.5,-99.0,0.0,-9.9,-99,-999,新北市,06,三峽區,057
24.9408,121.3615,三峽,C0AC60,2017-03-15T03:00:00+08:00,55.0,87.0,1.8,14.8,0.66,1014.1,-99.0,0.0,-9.9,-99,-999,新北市,06,三峽區,057
24.9408,121.3615,三峽,C0AC60,2017-03-15T04:00:00+08:00,55.0,92.0,2.5,14.9,0.67,1014.8,-99.0,0.0,-9.9,-99,-999,新北市,06,三峽區,057
24.9408,121.3615,三峽,C0AC60,2017-03-15T05:00:00+08:00,55.0,93.0,2.4,15.0,0.68,1015.2,-99.0,0.0,-9.9,-99,-999,新北市,06,三峽區,057
24.9408,121.3615,三峽,C0AC60,2017-03-15T06:00:00+08:00,55.0,88.0,2.4,14.9,0.68,1015.3,-99.0,0.0,-9.9,-99,-999,新北市,06,三峽區,057
24.9408,121.3615,三峽,C0AC60,2017-03-15T07:00:00+08:00,55.0,90.0,2.1,15.0,0.66,1015.9,-99.0,0.0,-9.9,-99,-999,新北市,06,三峽區,057
24.9408,121.3615,三峽,C0AC60,2017-03-15T08:00:00+08:00,55.0,90.0,2.2,15.0,0.68,1016.2,-99.0,0.0,-9.9,-99,-999,新北市,06,三峽區,057
24.9408,121.3615,三峽,C0AC60,2017-03-15T09:00:00+08:00,55.0,92.0,2.4,15.4,0.65,1016.4,-99.0,0.0,-9.9,-99,-999,新北市,06,三峽區,057
24.9408,121.3615,三峽,C0AC60,2017-03-15T10:00:00+08:00,55.0,91.0,1.7,16.0,0.63,1015.9,-99.0,0.0,-9.9,-99,-999,新北市,06,三峽區,057
24.9408,121.3615,三峽,C0AC60,2017-03-15T11:00:00+08:00,55.0,92.0,2.1,16.3,0.63,1015.2,-99.0,0.0,-9.9,-99,-999,新北市,06,三峽區,057
24.9408,121.3615,三峽,C0AC60,2017-03-15T12:00:00+08:00,55.0,74.0,2.8,16.7,0.61,1013.6,-99.0,0.0,-9.9,-99,-999,新北市,06,三峽區,057
24.9408,121.3615,三峽,C0AC60,2017-03-15T13:00:00+08:00,55.0,73.0,3.4,17.0,0.60,1012.8,-99.0,0.0,-9.9,-99,-999,新北市,06,三峽區,057
24.9408,121.3615,三峽,C0AC60,2017-03-15T14:00:00+08:00,55.0,74.0,3.0,16.8,0.61,1012.4,-99.0,0.0,-9.9,-99,-999,新北市,06,三峽區,057
24.9408,121.3615,三峽,C0AC60,2017-03-15T15:00:00+08:00,55.0,78.0,3.0,16.3,0.63,1012.3,-99.0,0.0,-9.9,-99,-999,新北市,06,三峽區,057
24.9408,121.3615,三峽,C0AC60,2017-03-15T16:00:00+08:00,55.0,97.0,2.0,15.8,0.68,1012.1,-99.0,0.0,-9.9,-99,-999,新北市,06,三峽區,057
24.9408,121.3615,三峽,C0AC60,2017-03-15T17:00:00+08:00,55.0,92.0,2.3,15.5,0.70,1011.9,-99.0,0.0,-9.9,-99,-999,新北市,06,三峽區,057
24.9408,121.3615,三峽,C0AC60,2017-03-15T18:00:00+08:00,55.0,86.0,2.7,15.5,0.70,1011.9,-99.0,0.0,-9.9,-99,-999,新北市,06,三峽區,057
24.9408,121.3615,三峽,C0AC60,2017-03-15T19:00:00+08:00,55.0,81.0,2.8,15.5,0.70,1011.2,-99.0,0.0,-9.9,-99,-999,新北市,06,三峽區,057
24.9408,121.3615,三峽,C0AC60,2017-03-15T20:00:00+08:00,55.0,76.0,3.9,15.8,0.67,1011.1,-99.0,0.0,-9.9,-99,-999,新北市,06,三峽區,057
24.9408,121.3615,三峽,C0AC60,2017-03-15T21:00:00+08:00,55.0,73.0,3.9,16.1,0.67,1010.9,-99.0,0.0,-9.9,-99,-999,新北市,06,三峽區,057
24.9408,121.3615,三峽,C0AC60,2017-03-15T22:00:00+08:00,55.0,66.0,2.6,16.2,0.69,1010.3,-99.0,0.0,-9.9,-99,-999,新北市,06,三峽區,057
24.9408,121.3615,三峽,C0AC60,2017-03-15T23:00:00+08:00,55.0,72.0,3.3,16.5,0.68,1010.7,-99.0,0.0,-9.9,-99,-999,新北市,06,三峽區,057
24.9408,121.3615,三峽,C0AC60,2017-03-16T00:00:00+08:00,55.0,83.0,1.4,16.7,0.69,1010.6,-99.0,0.0,-9.9,-99,-999,新北市,06,三峽區,057
24.9408,121.3615,三峽,C0AC60,2017-03-16T01:00:00+08:00,55.0,0.0,0.2,16.3,0.74,1010.2,-99.0,0.0,-9.9,-99,-999,新北市,06,三峽區,057
24.9408,121.3615,三峽,C0AC60,2017-03-16T02:00:00+08:00,55.0,161.0,0.9,15.6,0.80,1010.0,-99.0,0.0,-9.9,-99,-999,新北市,06,三峽區,057
24.9408,121.3615,三峽,C0AC60,2017-03-16T03:00:00+08:00,55.0,327.0,0.7,15.3,0.85,1010.4,-99.0,0.0,-9.9,-99,-999,新北市,06,三峽區,057
24.9408,121.3615,三峽,C0AC60,2017-03-16T04:00:00+08:00,55.0,194.0,0.8,14.5,0.91,1010.9,-99.0,0.0,-9.9,-99,-999,新北市,06,三峽區,057
24.9408,121.3615,三峽,C0AC60,2017-03-16T05:00:00+08:00,55.0,182.0,0.5,14.3,0.95,1011.8,-99.0,1.0,-9.9,-99,-999,新北市,06,三峽區,057
24.9408,121.3615,三峽,C0AC60,2017-03-16T06:00:00+08:00,55.0,0.0,0.1,14.4,0.96,1012.3,-99.0,3.0,-9.9,-99,-999,新北市,06,三峽區,057
24.9408,121.3615,三峽,C0AC60,2017-03-16T07:00:00+08:00,55.0,0.0,0.0,14.6,0.97,1012.6,-99.0,7.0,-9.9,-99,-999,新北市,06,三峽區,057
24.9408,121.3615,三峽,C0AC60,2017-03-16T08:00:00+08:00,55.0,0.0,0.0,14.8,0.98,1011.8,-99.0,7.0,-9.9,-99,-999,新北市,06,三峽區,057
24.9408,121.3615,三峽,C0AC60,2017-03-16T10:00:00+08:00,55.0,0.0,0.1,16.5,0.96,1011.3,-99.0,7.0,-9.9,-99,-999,新北市,06,三峽區,057
24.9408,121.3615,三峽,C0AC60,2017-03-16T11:00:00+08:00,55.0,200.0,0.4,17.1,0.90,1011.6,-99.0,7.0,-9.9,-99,-999,新北市,06,三峽區,057
24.9408,121.3615,三峽,C0AC60,2017-03-16T12:00:00+08:00,55.0,203.0,0.5,17.1,0.88,1011.3,-99.0,7.0,-9.9,-99,-999,新北市,06,三峽區,057
24.9408,121.3615,三峽,C0AC60,2017-03-16T13:00:00+08:00,55.0,344.0,0.3,17.2,0.87,1010.7,-99.0,7.0,-9.9,-99,-999,新北市,06,三峽區,057
24.9408,121.3615,三峽,C0AC60,2017-03-16T14:00:00+08:00,55.0,0.0,0.2,16.8,0.92,1010.4,-99.0,7.5,-9.9,-99,-999,新北市,06,三峽區,057
24.9408,121.3615,三峽,C0AC60,2017-03-16T15:00:00+08:00,55.0,345.0,0.5,16.5,0.94,1010.3,-99.0,8.5,-9.9,-99,-999,新北市,06,三峽區,057
24.9408,121.3615,三峽,C0AC60,2017-03-16T16:00:00+08:00,55.0,0.0,0.2,15.5,0.94,1010.6,-99.0,9.0,-9.9,-99,-999,新北市,06,三峽區,057
24.9408,121.3615,三峽,C0AC60,2017-03-16T17:00:00+08:00,55.0,202.0,0.5,15.3,0.96,1011.0,-99.0,10.5,-9.9,-99,-999,新北市,06,三峽區,057
24.9408,121.3615,三峽,C0AC60,2017-03-16T18:00:00+08:00,55.0,180.0,0.5,15.3,0.97,1011.4,-99.0,12.0,-9.9,-99,-999,新北市,06,三峽區,057
24.9408,121.3615,三峽,C0AC60,2017-03-16T19:00:00+08:00,55.0,0.0,0.2,15.3,0.98,1011.5,-99.0,12.5,-9.9,-99,-999,新北市,06,三峽區,057
24.9408,121.3615,三峽,C0AC60,2017-03-16T20:00:00+08:00,55.0,0.0,0.2,15.5,0.98,1012.4,-99.0,13.5,-9.9,-99,-999,新北市,06,三峽區,057
24.9408,121.3615,三峽,C0AC60,2017-03-16T21:00:00+08:00,55.0,0.0,0.1,15.7,0.98,1013.1,-99.0,14.5,-9.9,-99,-999,新北市,06,三峽區,057
24.9408,121.3615,三峽,C0AC60,2017-03-16T22:00:00+08:00,55.0,0.0,0.0,15.7,0.99,1013.3,-99.0,16.5,-9.9,-99,-999,新北市,06,三峽區,057
24.9408,121.3615,三峽,C0AC60,2017-03-16T23:00:00+08:00,55.0,0.0,0.1,15.8,0.99,1013.6,-99.0,17.5,-9.9,-99,-999,新北市,06,三峽區,057
24.9408,121.3615,三峽,C0AC60,2017-03-17T00:00:00+08:00,55.0,0.0,0.0,15.7,1.00,1013.8,-99.0,19.5,-9.9,-99,-999,新北市,06,三峽區,057
24.9408,121.3615,三峽,C0AC60,2017-03-17T01:00:00+08:00,55.0,0.0,0.0,15.7,1.00,1013.2,-99.0,1.0,-9.9,-99,-999,新北市,06,三峽區,057
24.9408,121.3615,三峽,C0AC60,2017-03-17T02:00:00+08:00,55.0,29.0,1.5,15.7,1.00,1012.9,-99.0,1.0,-9.9,-99,-999,新北市,06,三峽區,057
24.9408,121.3615,三峽,C0AC60,2017-03-17T03:00:00+08:00,55.0,28.0,1.0,15.9,1.00,1012.5,-99.0,1.0,-9.9,-99,-999,新北市,06,三峽區,057
24.9408,121.3615,三峽,C0AC60,2017-03-17T04:00:00+08:00,55.0,91.0,1.1,16.0,1.00,1012.0,-99.0,1.0,-9.9,-99,-999,新北市,06,三峽區,057
24.9408,121.3615,三峽,C0AC60,2017-03-17T05:00:00+08:00,55.0,64.0,1.8,16.2,1.00,1012.0,-99.0,1.0,-9.9,-99,-999,新北市,06,三峽區,057
24.9408,121.3615,三峽,C0AC60,2017-03-17T06:00:00+08:00,55.0,77.0,2.1,16.5,0.98,1012.8,-99.0,1.0,-9.9,-99,-999,新北市,06,三峽區,057
24.9408,121.3615,三峽,C0AC60,2017-03-17T07:00:00+08:00,55.0,91.0,0.8,16.7,0.96,1012.8,-99.0,1.0,-9.9,-99,-999,新北市,06,三峽區,057
24.9408,121.3615,三峽,C0AC60,2017-03-17T08:00:00+08:00,55.0,72.0,3.5,17.3,0.92,1012.8,-99.0,1.0,-9.9,-99,-999,新北市,06,三峽區,057
24.9408,121.3615,三峽,C0AC60,2017-03-17T10:00:00+08:00,55.0,75.0,2.8,19.6,0.79,1012.9,-99.0,1.0,-9.9,-99,-999,新北市,06,三峽區,057
24.9408,121.3615,三峽,C0AC60,2017-03-17T11:00:00+08:00,55.0,69.0,2.6,20.8,0.74,1012.3,-99.0,1.0,-9.9,-99,-999,新北市,06,三峽區,057
24.9408,121.3615,三峽,C0AC60,2017-03-17T12:00:00+08:00,55.0,75.0,2.1,21.0,0.74,1011.8,-99.0,1.0,-9.9,-99,-999,新北市,06,三峽區,057
24.9408,121.3615,三峽,C0AC60,2017-03-17T13:00:00+08:00,55.0,58.0,1.3,20.5,0.76,1011.3,-99.0,1.0,-9.9,-99,-999,新北市,06,三峽區,057
24.9408,121.3615,三峽,C0AC60,2017-03-17T14:00:00+08:00,55.0,70.0,2.4,20.2,0.78,1010.9,-99.0,1.0,-9.9,-99,-999,新北市,06,三峽區,057
24.9408,121.3615,三峽,C0AC60,2017-03-17T15:00:00+08:00,55.0,78.0,1.7,19.7,0.81,1010.9,-99.0,1.0,-9.9,-99,-999,新北市,06,三峽區,057
24.9408,121.3615,三峽,C0AC60,2017-03-17T16:00:00+08:00,55.0,85.0,1.5,19.6,0.82,1011.3,-99.0,1.0,-9.9,-99,-999,新北市,06,三峽區,057
24.9408,121.3615,三峽,C0AC60,2017-03-17T17:00:00+08:00,55.0,82.0,1.1,19.2,0.85,1011.4,-99.0,1.0,-9.9,-99,-999,新北市,06,三峽區,057
24.9408,121.3615,三峽,C0AC60,2017-03-17T18:00:00+08:00,55.0,89.0,1.9,19.0,0.86,1011.6,-99.0,1.0,-9.9,-99,-999,新北市,06,三峽區,057
24.9408,121.3615,三峽,C0AC60,2017-03-17T19:00:00+08:00,55.0,83.0,2.5,18.8,0.87,1012.1,-99.0,1.0,-9.9,-99,-999,新北市,06,三峽區,057
24.9408,121.3615,三峽,C0AC60,2017-03-17T20:00:00+08:00,55.0,80.0,2.0,18.5,0.87,1013.4,-99.0,1.0,-9.9,-99,-999,新北市,06,三峽區,057
24.9408,121.3615,三峽,C0AC60,2017-03-17T21:00:00+08:00,55.0,101.0,1.0,18.4,0.87,1014.3,-99.0,1.0,-9.9,-99,-999,新北市,06,三峽區,057
24.9408,121.3615,三峽,C0AC60,2017-03-17T22:00:00+08:00,55.0,100.0,0.4,18.4,0.87,1014.3,-99.0,1.0,-9.9,-99,-999,新北市,06,三峽區,057
24.9408,121.3615,三峽,C0AC60,2017-03-17T23:00:00+08:00,55.0,96.0,0.6,18.3,0.86,1014.1,-99.0,1.0,-9.9,-99,-999,新北市,06,三峽區,057
24.9408,121.3615,三峽,C0AC60,2017-03-18T00:00:00+08:00,55.0,97.0,0.6,18.2,0.87,1013.7,-99.0,1.0,-9.9,-99,-999,新北市,06,三峽區,057
24.9408,121.3615,三峽,C0AC60,2017-03-18T01:00:00+08:00,55.0,66.0,0.6,18.0,0.88,1013.4,-99.0,0.0,-9.9,-99,-999,新北市,06,三峽區,057
24.9408,121.3615,三峽,C0AC60,2017-03-18T02:00:00+08:00,55.0,0.0,0.2,18.0,0.88,1013.1,-99.0,0.0,-9.9,-99,-999,新北市,06,三峽區,057
24.9408,121.3615,三峽,C0AC60,2017-03-18T03:00:00+08:00,55.0,0.0,0.0,18.0,0.89,1013.0,-99.0,0.0,-9.9,-99,-999,新北市,06,三峽區,057
24.9408,121.3615,三峽,C0AC60,2017-03-18T04:00:00+08:00,55.0,0.0,0.0,17.7,0.91,1012.8,-99.0,0.0,-9.9,-99,-999,新北市,06,三峽區,057
24.9408,121.3615,三峽,C0AC60,2017-03-18T05:00:00+08:00,55.0,97.0,0.8,17.8,0.92,1012.7,-99.0,0.0,-9.9,-99,-999,新北市,06,三峽區,057
24.9408,121.3615,三峽,C0AC60,2017-03-18T06:00:00+08:00,55.0,0.0,0.1,17.7,0.93,1013.4,-99.0,0.0,-9.9,-99,-999,新北市,06,三峽區,057
24.9408,121.3615,三峽,C0AC60,2017-03-18T07:00:00+08:00,55.0,38.0,0.8,17.6,0.95,1013.9,-99.0,0.0,-9.9,-99,-999,新北市,06,三峽區,057
24.9408,121.3615,三峽,C0AC60,2017-03-18T08:00:00+08:00,55.0,92.0,1.2,18.0,0.95,1014.2,-99.0,0.0,-9.9,-99,-999,新北市,06,三峽區,057
24.9408,121.3615,三峽,C0AC60,2017-03-18T09:00:00+08:00,55.0,83.0,1.1,19.4,0.91,1014.6,-99.0,0.0,-9.9,-99,-999,新北市,06,三峽區,057
24.9408,121.3615,三峽,C0AC60,2017-03-18T10:00:00+08:00,55.0,93.0,1.3,20.0,0.86,1014.6,-99.0,0.0,-9.9,-99,-999,新北市,06,三峽區,057
24.9408,121.3615,三峽,C0AC60,2017-03-18T11:00:00+08:00,55.0,90.0,1.4,21.1,0.81,1013.9,-99.0,0.0,-9.9,-99,-999,新北市,06,三峽區,057
24.9408,121.3615,三峽,C0AC60,2017-03-18T12:00:00+08:00,55.0,44.0,0.4,23.1,0.74,1013.0,-99.0,0.0,-9.9,-99,-999,新北市,06,三峽區,057
24.9408,121.3615,三峽,C0AC60,2017-03-18T13:00:00+08:00,55.0,312.0,1.0,24.6,0.69,1011.7,-99.0,0.0,-9.9,-99,-999,新北市,06,三峽區,057
24.9408,121.3615,三峽,C0AC60,2017-03-18T14:00:00+08:00,55.0,316.0,1.6,23.7,0.72,1011.2,-99.0,0.0,-9.9,-99,-999,新北市,06,三峽區,057
24.9408,121.3615,三峽,C0AC60,2017-03-18T15:00:00+08:00,55.0,329.0,1.5,22.8,0.74,1010.8,-99.0,0.0,-9.9,-99,-999,新北市,06,三峽區,057
24.9408,121.3615,三峽,C0AC60,2017-03-18T16:00:00+08:00,55.0,291.0,1.4,21.3,0.78,1011.5,-99.0,0.0,-9.9,-99,-999,新北市,06,三峽區,057
24.9408,121.3615,三峽,C0AC60,2017-03-18T17:00:00+08:00,55.0,310.0,0.6,19.7,0.85,1011.9,-99.0,0.0,-9.9,-99,-999,新北市,06,三峽區,057
24.9408,121.3615,三峽,C0AC60,2017-03-18T18:00:00+08:00,55.0,76.0,0.8,20.3,0.83,1011.8,-99.0,0.0,-9.9,-99,-999,新北市,06,三峽區,057
24.9408,121.3615,三峽,C0AC60,2017-03-18T19:00:00+08:00,55.0,0.0,0.0,20.2,0.84,1012.6,-99.0,0.0,-9.9,-99,-999,新北市,06,三峽區,057
24.9408,121.3615,三峽,C0AC60,2017-03-18T20:00:00+08:00,55.0,95.0,0.9,20.0,0.86,1013.1,-99.0,0.0,-9.9,-99,-999,新北市,06,三峽區,057
24.9408,121.3615,三峽,C0AC60,2017-03-18T21:00:00+08:00,55.0,342.0,0.3,19.9,0.87,1013.8,-99.0,0.0,-9.9,-99,-999,新北市,06,三峽區,057
24.9408,121.3615,三峽,C0AC60,2017-03-18T22:00:00+08:00,55.0,89.0,0.5,19.5,0.91,1014.1,-99.0,0.5,-9.9,-99,-999,新北市,06,三峽區,057
24.9408,121.3615,三峽,C0AC60,2017-03-18T23:00:00+08:00,55.0,91.0,0.8,19.5,0.93,1013.8,-99.0,0.5,-9.9,-99,-999,新北市,06,三峽區,057
24.9408,121.3615,三峽,C0AC60,2017-03-19T00:00:00+08:00,55.0,0.0,0.0,19.5,0.94,1013.4,-99.0,0.5,-9.9,-99,-999,新北市,06,三峽區,057
24.9408,121.3615,三峽,C0AC60,2017-03-19T01:00:00+08:00,55.0,79.0,0.9,19.4,0.95,1013.4,-99.0,0.0,-9.9,-99,-999,新北市,06,三峽區,057
24.9408,121.3615,三峽,C0AC60,2017-03-19T02:00:00+08:00,55.0,61.0,0.5,19.3,0.96,1013.2,-99.0,0.0,-9.9,-99,-999,新北市,06,三峽區,057
24.9408,121.3615,三峽,C0AC60,2017-03-19T03:00:00+08:00,55.0,88.0,0.3,19.2,0.96,1013.1,-99.0,0.0,-9.9,-99,-999,新北市,06,三峽區,057
24.9408,121.3615,三峽,C0AC60,2017-03-19T04:00:00+08:00,55.0,0.0,0.2,19.1,0.96,1012.6,-99.0,0.0,-9.9,-99,-999,新北市,06,三峽區,057
24.9408,121.3615,三峽,C0AC60,2017-03-19T05:00:00+08:00,55.0,0.0,0.1,19.1,0.97,1013.0,-99.0,0.5,-9.9,-99,-999,新北市,06,三峽區,057
24.9408,121.3615,三峽,C0AC60,2017-03-19T06:00:00+08:00,55.0,0.0,0.2,19.0,0.98,1014.1,-99.0,6.5,-9.9,-99,-999,新北市,06,三峽區,057
24.9408,121.3615,三峽,C0AC60,2017-03-19T07:00:00+08:00,55.0,42.0,0.7,18.5,0.98,1014.7,-99.0,7.0,-9.9,-99,-999,新北市,06,三峽區,057
24.9408,121.3615,三峽,C0AC60,2017-03-19T08:00:00+08:00,55.0,94.0,1.2,18.3,0.98,1014.3,-99.0,7.5,-9.9,-99,-999,新北市,06,三峽區,057
24.9408,121.3615,三峽,C0AC60,2017-03-19T09:00:00+08:00,55.0,77.0,1.6,19.4,0.95,1012.4,-99.0,7.5,-9.9,-99,-999,新北市,06,三峽區,057
24.9408,121.3615,三峽,C0AC60,2017-03-19T10:00:00+08:00,55.0,78.0,1.4,19.6,0.87,1014.0,-99.0,7.5,-9.9,-99,-999,新北市,06,三峽區,057
24.9408,121.3615,三峽,C0AC60,2017-03-19T11:00:00+08:00,55.0,97.0,2.0,19.9,0.83,1013.8,-99.0,7.5,-9.9,-99,-999,新北市,06,三峽區,057
24.9408,121.3615,三峽,C0AC60,2017-03-19T12:00:00+08:00,55.0,97.0,2.1,20.2,0.82,1012.8,-99.0,7.5,-9.9,-99,-999,新北市,06,三峽區,057
24.9408,121.3615,三峽,C0AC60,2017-03-19T13:00:00+08:00,55.0,46.0,1.3,20.8,0.82,1012.3,-99.0,7.5,-9.9,-99,-999,新北市,06,三峽區,057
24.9408,121.3615,三峽,C0AC60,2017-03-19T14:00:00+08:00,55.0,66.0,2.3,22.2,0.77,1011.0,-99.0,7.5,-9.9,-99,-999,新北市,06,三峽區,057
24.9408,121.3615,三峽,C0AC60,2017-03-19T15:00:00+08:00,55.0,43.0,1.7,21.8,0.78,1011.1,-99.0,7.5,-9.9,-99,-999,新北市,06,三峽區,057
24.9408,121.3615,三峽,C0AC60,2017-03-19T16:00:00+08:00,55.0,94.0,1.4,21.3,0.81,1011.4,-99.0,7.5,-9.9,-99,-999,新北市,06,三峽區,057
24.9408,121.3615,三峽,C0AC60,2017-03-19T17:00:00+08:00,55.0,35.0,1.2,20.8,0.84,1011.7,-99.0,7.5,-9.9,-99,-999,新北市,06,三峽區,057
24.9408,121.3615,三峽,C0AC60,2017-03-19T18:00:00+08:00,55.0,43.0,1.0,20.7,0.84,1012.0,-99.0,7.5,-9.9,-99,-999,新北市,06,三峽區,057
24.9408,121.3615,三峽,C0AC60,2017-03-19T19:00:00+08:00,55.0,64.0,1.3,20.2,0.85,1012.6,-99.0,7.5,-9.9,-99,-999,新北市,06,三峽區,057
24.9408,121.3615,三峽,C0AC60,2017-03-19T20:00:00+08:00,55.0,322.0,0.8,19.5,0.88,1013.2,-99.0,7.5,-9.9,-99,-999,新北市,06,三峽區,057
24.9408,121.3615,三峽,C0AC60,2017-03-19T21:00:00+08:00,55.0,0.0,0.0,19.7,0.88,1013.5,-99.0,7.5,-9.9,-99,-999,新北市,06,三峽區,057
24.9408,121.3615,三峽,C0AC60,2017-03-19T22:00:00+08:00,55.0,0.0,0.1,19.7,0.89,1013.3,-99.0,7.5,-9.9,-99,-999,新北市,06,三峽區,057
24.9408,121.3615,三峽,C0AC60,2017-03-19T23:00:00+08:00,55.0,88.0,0.9,19.3,0.91,1012.5,-99.0,7.5,-9.9,-99,-999,新北市,06,三峽區,057
24.9408,121.3615,三峽,C0AC60,2017-03-20T00:00:00+08:00,55.0,90.0,0.5,19.5,0.92,1011.7,-99.0,7.5,-9.9,-99,-999,新北市,06,三峽區,057
24.9408,121.3615,三峽,C0AC60,2017-03-20T01:00:00+08:00,55.0,0.0,0.0,19.2,0.93,1010.0,-99.0,0.0,-9.9,-99,-999,新北市,06,三峽區,057
24.9408,121.3615,三峽,C0AC60,2017-03-20T02:00:00+08:00,55.0,0.0,0.0,19.2,0.94,1009.3,-99.0,0.0,-9.9,-99,-999,新北市,06,三峽區,057
24.9408,121.3615,三峽,C0AC60,2017-03-20T03:00:00+08:00,55.0,0.0,0.0,19.1,0.95,1008.7,-99.0,0.0,-9.9,-99,-999,新北市,06,三峽區,057
24.9408,121.3615,三峽,C0AC60,2017-03-20T04:00:00+08:00,55.0,0.0,0.0,18.8,0.96,1007.1,-99.0,0.0,-9.9,-99,-999,新北市,06,三峽區,057
24.9408,121.3615,三峽,C0AC60,2017-03-20T05:00:00+08:00,55.0,235.0,1.7,19.0,0.97,1009.4,-99.0,0.0,-9.9,-99,-999,新北市,06,三峽區,057
24.9408,121.3615,三峽,C0AC60,2017-03-20T06:00:00+08:00,55.0,328.0,0.4,18.2,0.97,1010.2,-99.0,0.0,-9.9,-99,-999,新北市,06,三峽區,057
24.9408,121.3615,三峽,C0AC60,2017-03-20T07:00:00+08:00,55.0,198.0,0.8,18.0,0.99,1010.4,-99.0,0.0,-9.9,-99,-999,新北市,06,三峽區,057
24.9408,121.3615,三峽,C0AC60,2017-03-20T08:00:00+08:00,55.0,0.0,0.1,18.6,0.99,1011.1,-99.0,0.0,-9.9,-99,-999,新北市,06,三峽區,057
24.9408,121.3615,三峽,C0AC60,2017-03-20T10:00:00+08:00,55.0,260.0,0.6,20.9,0.90,1011.0,-99.0,0.0,-9.9,-99,-999,新北市,06,三峽區,057
24.9408,121.3615,三峽,C0AC60,2017-03-20T11:00:00+08:00,55.0,306.0,1.4,22.7,0.79,1010.4,-99.0,0.0,-9.9,-99,-999,新北市,06,三峽區,057
24.9408,121.3615,三峽,C0AC60,2017-03-20T12:00:00+08:00,55.0,255.0,1.6,23.0,0.76,1009.8,-99.0,0.0,-9.9,-99,-999,新北市,06,三峽區,057
24.9408,121.3615,三峽,C0AC60,2017-03-20T13:00:00+08:00,55.0,275.0,1.2,22.3,0.81,1009.3,-99.0,0.0,-9.9,-99,-999,新北市,06,三峽區,057
24.9408,121.3615,三峽,C0AC60,2017-03-20T14:00:00+08:00,55.0,171.0,2.1,23.1,0.78,1008.2,-99.0,0.0,-9.9,-99,-999,新北市,06,三峽區,057
24.9408,121.3615,三峽,C0AC60,2017-03-20T15:00:00+08:00,55.0,248.0,0.4,25.1,0.71,1007.2,-99.0,0.0,-9.9,-99,-999,新北市,06,三峽區,057
24.9408,121.3615,三峽,C0AC60,2017-03-20T16:00:00+08:00,55.0,232.0,1.3,25.3,0.71,1007.3,-99.0,0.0,-9.9,-99,-999,新北市,06,三峽區,057
24.9408,121.3615,三峽,C0AC60,2017-03-20T17:00:00+08:00,55.0,219.0,0.7,24.7,0.74,1007.4,-99.0,0.0,-9.9,-99,-999,新北市,06,三峽區,057
24.9408,121.3615,三峽,C0AC60,2017-03-20T18:00:00+08:00,55.0,206.0,1.4,23.9,0.80,1007.6,-99.0,0.0,-9.9,-99,-999,新北市,06,三峽區,057
24.9408,121.3615,三峽,C0AC60,2017-03-20T19:00:00+08:00,55.0,0.0,0.0,23.2,0.84,1008.0,-99.0,0.0,-9.9,-99,-999,新北市,06,三峽區,057
24.9408,121.3615,三峽,C0AC60,2017-03-20T20:00:00+08:00,55.0,161.0,0.5,22.5,0.88,1008.7,-99.0,0.0,-9.9,-99,-999,新北市,06,三峽區,057
24.9408,121.3615,三峽,C0AC60,2017-03-20T21:00:00+08:00,55.0,191.0,0.9,22.5,0.88,1009.2,-99.0,0.0,-9.9,-99,-999,新北市,06,三峽區,057
24.9408,121.3615,三峽,C0AC60,2017-03-20T22:00:00+08:00,55.0,164.0,2.1,21.5,0.91,1009.2,-99.0,0.0,-9.9,-99,-999,新北市,06,三峽區,057
24.9408,121.3615,三峽,C0AC60,2017-03-20T23:00:00+08:00,55.0,0.0,0.0,21.4,0.92,1008.7,-99.0,0.0,-9.9,-99,-999,新北市,06,三峽區,057
24.9408,121.3615,三峽,C0AC60,2017-03-21T00:00:00+08:00,55.0,165.0,0.7,20.9,0.93,1009.1,-99.0,0.0,-9.9,-99,-999,新北市,06,三峽區,057
24.9408,121.3615,三峽,C0AC60,2017-03-21T01:00:00+08:00,55.0,0.0,0.0,20.5,0.95,1009.4,-99.0,0.0,-9.9,-99,-999,新北市,06,三峽區,057
24.9408,121.3615,三峽,C0AC60,2017-03-21T02:00:00+08:00,55.0,306.0,0.9,20.7,0.95,1009.1,-99.0,0.0,-9.9,-99,-999,新北市,06,三峽區,057
24.9408,121.3615,三峽,C0AC60,2017-03-21T03:00:00+08:00,55.0,0.0,0.1,21.1,0.96,1009.2,-99.0,0.0,-9.9,-99,-999,新北市,06,三峽區,057
24.9408,121.3615,三峽,C0AC60,2017-03-21T04:00:00+08:00,55.0,0.0,0.0,21.1,0.94,1009.5,-99.0,0.0,-9.9,-99,-999,新北市,06,三峽區,057
24.9408,121.3615,三峽,C0AC60,2017-03-21T05:00:00+08:00,55.0,0.0,0.2,21.0,0.93,1010.2,-99.0,0.0,-9.9,-99,-999,新北市,06,三峽區,057
24.9408,121.3615,三峽,C0AC60,2017-03-21T06:00:00+08:00,55.0,0.0,0.1,20.5,0.93,1011.1,-99.0,0.0,-9.9,-99,-999,新北市,06,三峽區,057
24.9408,121.3615,三峽,C0AC60,2017-03-21T07:00:00+08:00,55.0,92.0,1.0,19.6,0.93,1012.0,-99.0,0.0,-9.9,-99,-999,新北市,06,三峽區,057
24.9408,121.3615,三峽,C0AC60,2017-03-21T08:00:00+08:00,55.0,92.0,2.5,19.3,0.93,1012.8,-99.0,0.0,-9.9,-99,-999,新北市,06,三峽區,057
24.9408,121.3615,三峽,C0AC60,2017-03-21T09:00:00+08:00,55.0,95.0,2.0,18.9,0.90,1013.3,-99.0,0.0,-9.9,-99,-999,新北市,06,三峽區,057
24.9408,121.3615,三峽,C0AC60,2017-03-21T10:00:00+08:00,55.0,80.0,3.3,18.7,0.83,1013.6,-99.0,0.0,-9.9,-99,-999,新北市,06,三峽區,057
24.9408,121.3615,三峽,C0AC60,2017-03-21T11:00:00+08:00,55.0,82.0,3.1,19.0,0.80,1012.9,-99.0,0.0,-9.9,-99,-999,新北市,06,三峽區,057
24.9408,121.3615,三峽,C0AC60,2017-03-21T12:00:00+08:00,55.0,88.0,3.3,18.5,0.80,1012.2,-99.0,0.0,-9.9,-99,-999,新北市,06,三峽區,057
24.9408,121.3615,三峽,C0AC60,2017-03-21T13:00:00+08:00,55.0,85.0,2.8,18.8,0.77,1011.4,-99.0,0.0,-9.9,-99,-999,新北市,06,三峽區,057
24.9408,121.3615,三峽,C0AC60,2017-03-21T15:00:00+08:00,55.0,72.0,3.9,18.6,0.77,1010.5,-99.0,0.0,-9.9,-99,-999,新北市,06,三峽區,057
24.9408,121.3615,三峽,C0AC60,2017-03-21T16:00:00+08:00,55.0,82.0,3.1,18.1,0.79,1011.0,-99.0,0.0,-9.9,-99,-999,新北市,06,三峽區,057
24.9408,121.3615,三峽,C0AC60,2017-03-21T17:00:00+08:00,55.0,82.0,4.0,17.5,0.81,1011.3,-99.0,0.0,-9.9,-99,-999,新北市,06,三峽區,057
24.9408,121.3615,三峽,C0AC60,2017-03-21T18:00:00+08:00,55.0,83.0,3.7,16.9,0.83,1011.7,-99.0,0.0,-9.9,-99,-999,新北市,06,三峽區,057
24.9408,121.3615,三峽,C0AC60,2017-03-21T19:00:00+08:00,55.0,80.0,3.6,16.9,0.80,1011.8,-99.0,0.0,-9.9,-99,-999,新北市,06,三峽區,057
24.9408,121.3615,三峽,C0AC60,2017-03-21T20:00:00+08:00,55.0,86.0,3.4,17.3,0.76,1012.3,-99.0,0.0,-9.9,-99,-999,新北市,06,三峽區,057
24.9408,121.3615,三峽,C0AC60,2017-03-21T21:00:00+08:00,55.0,76.0,3.7,17.5,0.74,1012.3,-99.0,0.0,-9.9,-99,-999,新北市,06,三峽區,057
24.9408,121.3615,三峽,C0AC60,2017-03-21T22:00:00+08:00,55.0,80.0,3.4,17.8,0.74,1011.9,-99.0,0.0,-9.9,-99,-999,新北市,06,三峽區,057
24.9408,121.3615,三峽,C0AC60,2017-03-21T23:00:00+08:00,55.0,70.0,4.6,17.7,0.78,1011.5,-99.0,0.0,-9.9,-99,-999,新北市,06,三峽區,057
24.9408,121.3615,三峽,C0AC60,2017-03-22T00:00:00+08:00,55.0,75.0,5.2,17.7,0.79,1011.0,-99.0,0.0,-9.9,-99,-999,新北市,06,三峽區,057
24.9408,121.3615,三峽,C0AC60,2017-03-22T01:00:00+08:00,55.0,75.0,3.7,17.6,0.79,1009.9,-99.0,0.0,-9.9,-99,-999,新北市,06,三峽區,057
24.9408,121.3615,三峽,C0AC60,2017-03-22T02:00:00+08:00,55.0,77.0,3.8,17.8,0.78,1009.2,-99.0,0.0,-9.9,-99,-999,新北市,06,三峽區,057
24.9408,121.3615,三峽,C0AC60,2017-03-22T03:00:00+08:00,55.0,74.0,4.2,17.8,0.80,1008.8,-99.0,0.0,-9.9,-99,-999,新北市,06,三峽區,057
24.9408,121.3615,三峽,C0AC60,2017-03-22T04:00:00+08:00,55.0,78.0,4.2,17.8,0.81,1007.5,-99.0,0.0,-9.9,-99,-999,新北市,06,三峽區,057
24.9408,121.3615,三峽,C0AC60,2017-03-22T05:00:00+08:00,55.0,72.0,3.8,18.1,0.80,1007.6,-99.0,0.0,-9.9,-99,-999,新北市,06,三峽區,057
24.9408,121.3615,三峽,C0AC60,2017-03-22T06:00:00+08:00,55.0,83.0,3.9,18.4,0.80,1008.3,-99.0,0.0,-9.9,-99,-999,新北市,06,三峽區,057
24.9408,121.3615,三峽,C0AC60,2017-03-22T07:00:00+08:00,55.0,81.0,2.5,18.8,0.80,1008.3,-99.0,0.0,-9.9,-99,-999,新北市,06,三峽區,057
24.9408,121.3615,三峽,C0AC60,2017-03-22T08:00:00+08:00,55.0,87.0,2.3,19.5,0.78,1008.8,-99.0,0.0,-9.9,-99,-999,新北市,06,三峽區,057
24.9408,121.3615,三峽,C0AC60,2017-03-22T11:00:00+08:00,55.0,80.0,1.5,25.5,0.55,1007.6,-99.0,0.0,-9.9,-99,-999,新北市,06,三峽區,057
24.9408,121.3615,三峽,C0AC60,2017-03-22T12:00:00+08:00,55.0,90.0,1.7,25.5,0.56,1007.3,-99.0,0.0,-9.9,-99,-999,新北市,06,三峽區,057
24.9408,121.3615,三峽,C0AC60,2017-03-22T13:00:00+08:00,55.0,321.0,1.1,25.3,0.60,1006.7,-99.0,0.0,-9.9,-99,-999,新北市,06,三峽區,057
24.9408,121.3615,三峽,C0AC60,2017-03-22T14:00:00+08:00,55.0,231.0,1.1,24.9,0.63,1006.1,-99.0,0.0,-9.9,-99,-999,新北市,06,三峽區,057
24.9408,121.3615,三峽,C0AC60,2017-03-22T15:00:00+08:00,55.0,234.0,1.4,23.9,0.66,1005.9,-99.0,0.0,-9.9,-99,-999,新北市,06,三峽區,057
24.9408,121.3615,三峽,C0AC60,2017-03-22T16:00:00+08:00,55.0,239.0,1.5,23.6,0.67,1005.6,-99.0,0.0,-9.9,-99,-999,新北市,06,三峽區,057
24.9408,121.3615,三峽,C0AC60,2017-03-22T17:00:00+08:00,55.0,241.0,0.3,23.4,0.69,1005.8,-99.0,0.0,-9.9,-99,-999,新北市,06,三峽區,057
24.9408,121.3615,三峽,C0AC60,2017-03-22T18:00:00+08:00,55.0,289.0,0.8,22.8,0.77,1006.8,-99.0,0.0,-9.9,-99,-999,新北市,06,三峽區,057
24.9408,121.3615,三峽,C0AC60,2017-03-22T19:00:00+08:00,55.0,326.0,1.5,21.1,0.86,1008.1,-99.0,0.0,-9.9,-99,-999,新北市,06,三峽區,057
24.9408,121.3615,三峽,C0AC60,2017-03-22T20:00:00+08:00,55.0,348.0,1.1,19.5,0.92,1009.3,-99.0,0.0,-9.9,-99,-999,新北市,06,三峽區,057
24.9408,121.3615,三峽,C0AC60,2017-03-22T21:00:00+08:00,55.0,296.0,0.4,19.1,0.93,1010.2,-99.0,0.0,-9.9,-99,-999,新北市,06,三峽區,057
24.9408,121.3615,三峽,C0AC60,2017-03-22T22:00:00+08:00,55.0,342.0,2.2,18.3,0.95,1011.1,-99.0,1.0,-9.9,-99,-999,新北市,06,三峽區,057
24.9408,121.3615,三峽,C0AC60,2017-03-22T23:00:00+08:00,55.0,0.0,0.1,17.7,0.95,1011.2,-99.0,2.0,-9.9,-99,-999,新北市,06,三峽區,057
24.9408,121.3615,三峽,C0AC60,2017-03-23T00:00:00+08:00,55.0,307.0,0.8,17.3,0.96,1010.8,-99.0,3.0,-9.9,-99,-999,新北市,06,三峽區,057
24.9408,121.3615,三峽,C0AC60,2017-03-23T01:00:00+08:00,55.0,329.0,0.5,16.8,0.95,1010.7,-99.0,0.5,-9.9,-99,-999,新北市,06,三峽區,057
24.9408,121.3615,三峽,C0AC60,2017-03-23T02:00:00+08:00,55.0,211.0,0.9,16.7,0.95,1010.3,-99.0,1.5,-9.9,-99,-999,新北市,06,三峽區,057
24.9408,121.3615,三峽,C0AC60,2017-03-23T03:00:00+08:00,55.0,0.0,0.1,16.6,0.96,1010.1,-99.0,3.5,-9.9,-99,-999,新北市,06,三峽區,057
24.9408,121.3615,三峽,C0AC60,2017-03-23T04:00:00+08:00,55.0,317.0,0.7,17.1,0.96,1009.3,-99.0,3.5,-9.9,-99,-999,新北市,06,三峽區,057
24.9408,121.3615,三峽,C0AC60,2017-03-23T05:00:00+08:00,55.0,0.0,0.0,17.8,0.93,1009.1,-99.0,3.5,-9.9,-99,-999,新北市,06,三峽區,057
24.9408,121.3615,三峽,C0AC60,2017-03-23T06:00:00+08:00,55.0,79.0,0.4,17.4,0.95,1009.8,-99.0,3.5,-9.9,-99,-999,新北市,06,三峽區,057
24.9408,121.3615,三峽,C0AC60,2017-03-23T07:00:00+08:00,55.0,236.0,0.4,17.8,0.95,1010.5,-99.0,4.0,-9.9,-99,-999,新北市,06,三峽區,057
24.9408,121.3615,三峽,C0AC60,2017-03-23T08:00:00+08:00,55.0,0.0,0.2,17.9,0.96,1011.2,-99.0,5.0,-9.9,-99,-999,新北市,06,三峽區,057
24.9408,121.3615,三峽,C0AC60,2017-03-23T10:00:00+08:00,55.0,200.0,0.4,18.6,0.95,1011.2,-99.0,6.0,-9.9,-99,-999,新北市,06,三峽區,057
24.9408,121.3615,三峽,C0AC60,2017-03-23T11:00:00+08:00,55.0,25.0,0.4,20.2,0.89,1011.0,-99.0,6.0,-9.9,-99,-999,新北市,06,三峽區,057
24.9408,121.3615,三峽,C0AC60,2017-03-23T12:00:00+08:00,55.0,92.0,1.1,22.5,0.75,1010.3,-99.0,6.0,-9.9,-99,-999,新北市,06,三峽區,057
24.9408,121.3615,三峽,C0AC60,2017-03-23T13:00:00+08:00,55.0,85.0,0.8,21.8,0.76,1009.8,-99.0,6.0,-9.9,-99,-999,新北市,06,三峽區,057
24.9408,121.3615,三峽,C0AC60,2017-03-23T14:00:00+08:00,55.0,61.0,0.5,22.3,0.72,1008.8,-99.0,6.0,-9.9,-99,-999,新北市,06,三峽區,057
24.9408,121.3615,三峽,C0AC60,2017-03-23T15:00:00+08:00,55.0,47.0,1.5,21.5,0.72,1008.2,-99.0,6.0,-9.9,-99,-999,新北市,06,三峽區,057
24.9408,121.3615,三峽,C0AC60,2017-03-23T16:00:00+08:00,55.0,13.0,1.3,20.2,0.73,1009.5,-99.0,6.0,-9.9,-99,-999,新北市,06,三峽區,057
24.9408,121.3615,三峽,C0AC60,2017-03-23T17:00:00+08:00,55.0,87.0,1.5,19.6,0.75,1010.1,-99.0,6.0,-9.9,-99,-999,新北市,06,三峽區,057
24.9408,121.3615,三峽,C0AC60,2017-03-23T18:00:00+08:00,55.0,77.0,2.6,18.6,0.77,1010.5,-99.0,6.0,-9.9,-99,-999,新北市,06,三峽區,057
24.9408,121.3615,三峽,C0AC60,2017-03-23T19:00:00+08:00,55.0,89.0,1.4,18.3,0.79,1011.3,-99.0,6.0,-9.9,-99,-999,新北市,06,三峽區,057
24.9408,121.3615,三峽,C0AC60,2017-03-23T20:00:00+08:00,55.0,92.0,2.6,18.4,0.77,1012.0,-99.0,6.0,-9.9,-99,-999,新北市,06,三峽區,057
24.9408,121.3615,三峽,C0AC60,2017-03-23T21:00:00+08:00,55.0,95.0,2.2,17.9,0.75,1012.2,-99.0,6.0,-9.9,-99,-999,新北市,06,三峽區,057
24.9408,121.3615,三峽,C0AC60,2017-03-23T22:00:00+08:00,55.0,87.0,2.3,17.8,0.76,1012.2,-99.0,6.0,-9.9,-99,-999,新北市,06,三峽區,057
24.9408,121.3615,三峽,C0AC60,2017-03-23T23:00:00+08:00,55.0,80.0,3.5,17.8,0.76,1012.0,-99.0,6.0,-9.9,-99,-999,新北市,06,三峽區,057
24.9408,121.3615,三峽,C0AC60,2017-03-24T00:00:00+08:00,55.0,90.0,1.8,17.7,0.75,1012.1,-99.0,6.0,-9.9,-99,-999,新北市,06,三峽區,057
24.9408,121.3615,三峽,C0AC60,2017-03-24T01:00:00+08:00,55.0,84.0,2.5,17.7,0.75,1011.9,-99.0,0.0,-9.9,-99,-999,新北市,06,三峽區,057
24.9408,121.3615,三峽,C0AC60,2017-03-24T02:00:00+08:00,55.0,93.0,1.7,17.7,0.74,1012.0,-99.0,0.0,-9.9,-99,-999,新北市,06,三峽區,057
24.9408,121.3615,三峽,C0AC60,2017-03-24T03:00:00+08:00,55.0,90.0,2.5,17.8,0.74,1012.3,-99.0,0.0,-9.9,-99,-999,新北市,06,三峽區,057
24.9408,121.3615,三峽,C0AC60,2017-03-24T04:00:00+08:00,55.0,88.0,1.5,17.7,0.75,1012.6,-99.0,0.0,-9.9,-99,-999,新北市,06,三峽區,057
24.9408,121.3615,三峽,C0AC60,2017-03-24T05:00:00+08:00,55.0,94.0,1.4,17.5,0.77,1012.3,-99.0,0.0,-9.9,-99,-999,新北市,06,三峽區,057
24.9408,121.3615,三峽,C0AC60,2017-03-24T06:00:00+08:00,55.0,83.0,1.9,17.7,0.75,1012.2,-99.0,0.0,-9.9,-99,-999,新北市,06,三峽區,057
24.9408,121.3615,三峽,C0AC60,2017-03-24T07:00:00+08:00,55.0,91.0,1.8,18.0,0.74,1012.4,-99.0,0.0,-9.9,-99,-999,新北市,06,三峽區,057
24.9408,121.3615,三峽,C0AC60,2017-03-24T08:00:00+08:00,55.0,83.0,1.9,19.3,0.69,1012.6,-99.0,0.0,-9.9,-99,-999,新北市,06,三峽區,057
24.9408,121.3615,三峽,C0AC60,2017-03-24T10:00:00+08:00,55.0,69.0,1.1,22.1,0.61,1011.5,-99.0,0.0,-9.9,-99,-999,新北市,06,三峽區,057
24.9408,121.3615,三峽,C0AC60,2017-03-24T11:00:00+08:00,55.0,63.0,1.5,23.4,0.58,1010.6,-99.0,0.0,-9.9,-99,-999,新北市,06,三峽區,057
24.9408,121.3615,三峽,C0AC60,2017-03-24T12:00:00+08:00,55.0,68.0,1.7,25.2,0.54,1009.5,-99.0,0.0,-9.9,-99,-999,新北市,06,三峽區,057
24.9408,121.3615,三峽,C0AC60,2017-03-24T13:00:00+08:00,55.0,60.0,0.6,26.1,0.52,1008.1,-99.0,0.0,-9.9,-99,-999,新北市,06,三峽區,057
24.9408,121.3615,三峽,C0AC60,2017-03-24T14:00:00+08:00,55.0,81.0,1.9,26.8,0.51,1006.5,-99.0,0.0,-9.9,-99,-999,新北市,06,三峽區,057
24.9408,121.3615,三峽,C0AC60,2017-03-24T15:00:00+08:00,55.0,62.0,1.8,26.3,0.52,1006.3,-99.0,0.0,-9.9,-99,-999,新北市,06,三峽區,057
24.9408,121.3615,三峽,C0AC60,2017-03-24T16:00:00+08:00,55.0,17.0,0.5,25.1,0.56,1006.4,-99.0,0.0,-9.9,-99,-999,新北市,06,三峽區,057
24.9408,121.3615,三峽,C0AC60,2017-03-24T17:00:00+08:00,55.0,301.0,1.2,23.8,0.62,1007.2,-99.0,0.0,-9.9,-99,-999,新北市,06,三峽區,057
24.9408,121.3615,三峽,C0AC60,2017-03-24T18:00:00+08:00,55.0,70.0,1.1,22.8,0.65,1007.7,-99.0,0.0,-9.9,-99,-999,新北市,06,三峽區,057
24.9408,121.3615,三峽,C0AC60,2017-03-24T19:00:00+08:00,55.0,43.0,0.9,21.9,0.69,1008.3,-99.0,0.0,-9.9,-99,-999,新北市,06,三峽區,057
24.9408,121.3615,三峽,C0AC60,2017-03-24T20:00:00+08:00,55.0,157.0,1.1,20.8,0.77,1009.2,-99.0,0.0,-9.9,-99,-999,新北市,06,三峽區,057
24.9408,121.3615,三峽,C0AC60,2017-03-24T21:00:00+08:00,55.0,161.0,1.0,19.7,0.83,1009.9,-99.0,0.0,-9.9,-99,-999,新北市,06,三峽區,057
24.9408,121.3615,三峽,C0AC60,2017-03-24T22:00:00+08:00,55.0,0.0,0.2,19.8,0.84,1009.6,-99.0,0.0,-9.9,-99,-999,新北市,06,三峽區,057
24.9408,121.3615,三峽,C0AC60,2017-03-24T23:00:00+08:00,55.0,202.0,0.7,19.2,0.86,1009.7,-99.0,0.0,-9.9,-99,-999,新北市,06,三峽區,057
24.9408,121.3615,三峽,C0AC60,2017-03-25T00:00:00+08:00,55.0,0.0,0.0,19.8,0.85,1009.7,-99.0,0.0,-9.9,-99,-999,新北市,06,三峽區,057
24.9408,121.3615,三峽,C0AC60,2017-03-25T01:00:00+08:00,55.0,200.0,0.8,19.3,0.86,1009.6,-99.0,0.0,-9.9,-99,-999,新北市,06,三峽區,057
24.9408,121.3615,三峽,C0AC60,2017-03-25T02:00:00+08:00,55.0,268.0,0.7,20.1,0.84,1009.5,-99.0,0.0,-9.9,-99,-999,新北市,06,三峽區,057
24.9408,121.3615,三峽,C0AC60,2017-03-25T03:00:00+08:00,55.0,333.0,1.0,19.5,0.87,1009.8,-99.0,0.0,-9.9,-99,-999,新北市,06,三峽區,057
24.9408,121.3615,三峽,C0AC60,2017-03-25T04:00:00+08:00,55.0,328.0,0.3,18.4,0.93,1010.1,-99.0,1.5,-9.9,-99,-999,新北市,06,三峽區,057
24.9408,121.3615,三峽,C0AC60,2017-03-25T05:00:00+08:00,55.0,309.0,0.4,17.7,0.96,1010.9,-99.0,3.0,-9.9,-99,-999,新北市,06,三峽區,057
24.9408,121.3615,三峽,C0AC60,2017-03-25T06:00:00+08:00,55.0,325.0,0.7,17.2,0.96,1011.9,-99.0,6.5,-9.9,-99,-999,新北市,06,三峽區,057
24.9408,121.3615,三峽,C0AC60,2017-03-25T07:00:00+08:00,55.0,0.0,0.0,16.8,0.95,1012.4,-99.0,6.5,-9.9,-99,-999,新北市,06,三峽區,057
24.9408,121.3615,三峽,C0AC60,2017-03-25T08:00:00+08:00,55.0,90.0,1.0,16.5,0.96,1011.6,-99.0,7.0,-9.9,-99,-999,新北市,06,三峽區,057
24.9408,121.3615,三峽,C0AC60,2017-03-25T09:00:00+08:00,55.0,67.0,1.4,17.4,0.91,1013.2,-99.0,7.0,-9.9,-99,-999,新北市,06,三峽區,057
24.9408,121.3615,三峽,C0AC60,2017-03-25T10:00:00+08:00,55.0,44.0,0.6,17.0,0.90,1013.9,-99.0,8.0,-9.9,-99,-999,新北市,06,三峽區,057
24.9408,121.3615,三峽,C0AC60,2017-03-25T11:00:00+08:00,55.0,84.0,0.7,17.0,0.93,1013.8,-99.0,9.5,-9.9,-99,-999,新北市,06,三峽區,057
24.9408,121.3615,三峽,C0AC60,2017-03-25T12:00:00+08:00,55.0,90.0,1.6,16.2,0.92,1013.3,-99.0,10.5,-9.9,-99,-999,新北市,06,三峽區,057
24.9408,121.3615,三峽,C0AC60,2017-03-25T13:00:00+08:00,55.0,91.0,0.7,16.3,0.93,1012.9,-99.0,11.0,-9.9,-99,-999,新北市,06,三峽區,057
24.9408,121.3615,三峽,C0AC60,2017-03-25T14:00:00+08:00,55.0,41.0,0.4,15.8,0.93,1012.7,-99.0,11.5,-9.9,-99,-999,新北市,06,三峽區,057
24.9408,121.3615,三峽,C0AC60,2017-03-25T15:00:00+08:00,55.0,40.0,0.3,15.4,0.93,1012.7,-99.0,12.0,-9.9,-99,-999,新北市,06,三峽區,057
24.9408,121.3615,三峽,C0AC60,2017-03-25T16:00:00+08:00,55.0,89.0,0.4,15.0,0.94,1013.3,-99.0,14.5,-9.9,-99,-999,新北市,06,三峽區,057
24.9408,121.3615,三峽,C0AC60,2017-03-25T17:00:00+08:00,55.0,0.0,0.0,14.9,0.94,1013.7,-99.0,15.0,-9.9,-99,-999,新北市,06,三峽區,057
24.9408,121.3615,三峽,C0AC60,2017-03-25T18:00:00+08:00,55.0,92.0,0.9,14.5,0.93,1013.7,-99.0,15.5,-9.9,-99,-999,新北市,06,三峽區,057
24.9408,121.3615,三峽,C0AC60,2017-03-25T19:00:00+08:00,55.0,88.0,0.7,14.0,0.94,1014.1,-99.0,16.5,-9.9,-99,-999,新北市,06,三峽區,057
24.9408,121.3615,三峽,C0AC60,2017-03-25T20:00:00+08:00,55.0,88.0,1.1,14.0,0.95,1015.1,-99.0,19.5,-9.9,-99,-999,新北市,06,三峽區,057
24.9408,121.3615,三峽,C0AC60,2017-03-25T21:00:00+08:00,55.0,90.0,1.2,14.1,0.96,1015.2,-99.0,22.0,-9.9,-99,-999,新北市,06,三峽區,057
24.9408,121.3615,三峽,C0AC60,2017-03-25T22:00:00+08:00,55.0,90.0,1.4,13.8,0.96,1016.0,-99.0,25.5,-9.9,-99,-999,新北市,06,三峽區,057
24.9408,121.3615,三峽,C0AC60,2017-03-25T23:00:00+08:00,55.0,83.0,0.9,13.8,0.96,1016.0,-99.0,30.0,-9.9,-99,-999,新北市,06,三峽區,057
24.9408,121.3615,三峽,C0AC60,2017-03-26T00:00:00+08:00,55.0,87.0,1.5,13.8,0.96,1015.1,-99.0,31.0,-9.9,-99,-999,新北市,06,三峽區,057
24.9408,121.3615,三峽,C0AC60,2017-03-26T01:00:00+08:00,55.0,61.0,1.3,14.0,0.95,1014.7,-99.0,1.5,-9.9,-99,-999,新北市,06,三峽區,057
24.9408,121.3615,三峽,C0AC60,2017-03-26T02:00:00+08:00,55.0,89.0,1.7,13.7,0.94,1015.0,-99.0,4.0,-9.9,-99,-999,新北市,06,三峽區,057
24.9408,121.3615,三峽,C0AC60,2017-03-26T03:00:00+08:00,55.0,91.0,1.2,13.0,0.94,1015.1,-99.0,8.0,-9.9,-99,-999,新北市,06,三峽區,057
24.9408,121.3615,三峽,C0AC60,2017-03-26T04:00:00+08:00,55.0,92.0,1.2,12.8,0.94,1015.4,-99.0,11.0,-9.9,-99,-999,新北市,06,三峽區,057
24.9408,121.3615,三峽,C0AC60,2017-03-26T05:00:00+08:00,55.0,0.0,0.1,12.6,0.94,1015.8,-99.0,14.0,-9.9,-99,-999,新北市,06,三峽區,057
24.9408,121.3615,三峽,C0AC60,2017-03-26T06:00:00+08:00,55.0,88.0,1.2,13.0,0.93,1015.5,-99.0,14.5,-9.9,-99,-999,新北市,06,三峽區,057
24.9408,121.3615,三峽,C0AC60,2017-03-26T07:00:00+08:00,55.0,60.0,1.3,13.6,0.86,1016.4,-99.0,14.5,-9.9,-99,-999,新北市,06,三峽區,057
24.9408,121.3615,三峽,C0AC60,2017-03-26T08:00:00+08:00,55.0,145.0,0.3,13.8,0.83,1017.4,-99.0,14.5,-9.9,-99,-999,新北市,06,三峽區,057
24.9408,121.3615,三峽,C0AC60,2017-03-26T09:00:00+08:00,55.0,99.0,0.5,13.9,0.83,1017.3,-99.0,14.5,-9.9,-99,-999,新北市,06,三峽區,057
24.9408,121.3615,三峽,C0AC60,2017-03-26T10:00:00+08:00,55.0,36.0,0.6,15.0,0.71,1017.9,-99.0,14.5,-9.9,-99,-999,新北市,06,三峽區,057
24.9408,121.3615,三峽,C0AC60,2017-03-26T11:00:00+08:00,55.0,0.0,0.1,14.7,0.74,1017.9,-99.0,15.0,-9.9,-99,-999,新北市,06,三峽區,057
24.9408,121.3615,三峽,C0AC60,2017-03-26T12:00:00+08:00,55.0,88.0,0.4,14.7,0.80,1018.3,-99.0,15.0,-9.9,-99,-999,新北市,06,三峽區,057
24.9408,121.3615,三峽,C0AC60,2017-03-26T13:00:00+08:00,55.0,81.0,0.3,14.5,0.83,1017.9,-99.0,15.5,-9.9,-99,-999,新北市,06,三峽區,057
24.9408,121.3615,三峽,C0AC60,2017-03-26T14:00:00+08:00,55.0,86.0,0.4,14.5,0.78,1016.9,-99.0,16.0,-9.9,-99,-999,新北市,06,三峽區,057
24.9408,121.3615,三峽,C0AC60,2017-03-26T15:00:00+08:00,55.0,90.0,0.8,14.6,0.80,1017.1,-99.0,16.0,-9.9,-99,-999,新北市,06,三峽區,057
24.9408,121.3615,三峽,C0AC60,2017-03-26T16:00:00+08:00,55.0,93.0,1.4,15.2,0.71,1016.8,-99.0,16.0,-9.9,-99,-999,新北市,06,三峽區,057
24.9408,121.3615,三峽,C0AC60,2017-03-26T17:00:00+08:00,55.0,88.0,2.2,15.4,0.65,1016.5,-99.0,16.0,-9.9,-99,-999,新北市,06,三峽區,057
24.9408,121.3615,三峽,C0AC60,2017-03-26T18:00:00+08:00,55.0,92.0,1.5,15.5,0.65,1017.4,-99.0,16.0,-9.9,-99,-999,新北市,06,三峽區,057
24.9408,121.3615,三峽,C0AC60,2017-03-26T19:00:00+08:00,55.0,85.0,2.2,15.5,0.66,1017.8,-99.0,16.0,-9.9,-99,-999,新北市,06,三峽區,057
24.9408,121.3615,三峽,C0AC60,2017-03-26T20:00:00+08:00,55.0,90.0,1.4,15.4,0.65,1018.2,-99.0,16.0,-9.9,-99,-999,新北市,06,三峽區,057
24.9408,121.3615,三峽,C0AC60,2017-03-26T21:00:00+08:00,55.0,92.0,1.1,15.0,0.64,1018.6,-99.0,16.0,-9.9,-99,-999,新北市,06,三峽區,057
24.9408,121.3615,三峽,C0AC60,2017-03-26T22:00:00+08:00,55.0,96.0,1.8,14.4,0.65,1018.9,-99.0,16.0,-9.9,-99,-999,新北市,06,三峽區,057
24.9408,121.3615,三峽,C0AC60,2017-03-26T23:00:00+08:00,55.0,105.0,1.7,13.6,0.68,1018.8,-99.0,16.0,-9.9,-99,-999,新北市,06,三峽區,057
24.9408,121.3615,三峽,C0AC60,2017-03-27T00:00:00+08:00,55.0,111.0,0.8,13.3,0.67,1018.8,-99.0,16.0,-9.9,-99,-999,新北市,06,三峽區,057
24.9408,121.3615,三峽,C0AC60,2017-03-27T01:00:00+08:00,55.0,98.0,1.3,13.0,0.67,1018.5,-99.0,0.0,-9.9,-99,-999,新北市,06,三峽區,057
24.9408,121.3615,三峽,C0AC60,2017-03-27T02:00:00+08:00,55.0,117.0,0.7,13.0,0.66,1017.9,-99.0,0.0,-9.9,-99,-999,新北市,06,三峽區,057
24.9408,121.3615,三峽,C0AC60,2017-03-27T03:00:00+08:00,55.0,190.0,0.5,12.8,0.65,1017.1,-99.0,0.0,-9.9,-99,-999,新北市,06,三峽區,057
24.9408,121.3615,三峽,C0AC60,2017-03-27T04:00:00+08:00,55.0,166.0,1.2,12.1,0.70,1016.5,-99.0,0.0,-9.9,-99,-999,新北市,06,三峽區,057
24.9408,121.3615,三峽,C0AC60,2017-03-27T05:00:00+08:00,55.0,180.0,1.5,11.7,0.73,1016.7,-99.0,0.0,-9.9,-99,-999,新北市,06,三峽區,057
24.9408,121.3615,三峽,C0AC60,2017-03-27T06:00:00+08:00,55.0,170.0,2.2,10.8,0.76,1017.4,-99.0,0.0,-9.9,-99,-999,新北市,06,三峽區,057
24.9408,121.3615,三峽,C0AC60,2017-03-27T07:00:00+08:00,55.0,167.0,1.3,11.5,0.70,1017.4,-99.0,0.0,-9.9,-99,-999,新北市,06,三峽區,057
24.9408,121.3615,三峽,C0AC60,2017-03-27T08:00:00+08:00,55.0,176.0,1.1,14.5,0.63,1017.9,-99.0,0.0,-9.9,-99,-999,新北市,06,三峽區,057
24.9408,121.3615,三峽,C0AC60,2017-03-27T10:00:00+08:00,55.0,74.0,3.5,-97.0,0.46,1018.1,-99.0,0.0,-9.9,-99,-999,新北市,06,三峽區,057
24.9408,121.3615,三峽,C0AC60,2017-03-27T11:00:00+08:00,55.0,55.0,2.5,-97.0,0.42,1018.2,-99.0,0.0,-9.9,-99,-999,新北市,06,三峽區,057
24.9408,121.3615,三峽,C0AC60,2017-03-27T12:00:00+08:00,55.0,66.0,3.1,-97.0,0.40,1017.6,-99.0,0.0,-9.9,-99,-999,新北市,06,三峽區,057
24.9408,121.3615,三峽,C0AC60,2017-03-27T13:00:00+08:00,55.0,60.0,3.0,-97.0,0.38,1016.7,-99.0,0.0,-9.9,-99,-999,新北市,06,三峽區,057
24.9408,121.3615,三峽,C0AC60,2017-03-27T14:00:00+08:00,55.0,61.0,2.5,-97.0,0.37,1015.8,-99.0,0.0,-9.9,-99,-999,新北市,06,三峽區,057
24.9408,121.3615,三峽,C0AC60,2017-03-27T15:00:00+08:00,55.0,81.0,2.4,-97.0,0.39,1014.8,-99.0,0.0,-9.9,-99,-999,新北市,06,三峽區,057
24.9408,121.3615,三峽,C0AC60,2017-03-27T16:00:00+08:00,55.0,80.0,2.9,-97.0,0.41,1014.2,-99.0,0.0,-9.9,-99,-999,新北市,06,三峽區,057
24.9408,121.3615,三峽,C0AC60,2017-03-27T17:00:00+08:00,55.0,71.0,3.6,-97.0,0.43,1014.2,-99.0,0.0,-9.9,-99,-999,新北市,06,三峽區,057
24.9408,121.3615,三峽,C0AC60,2017-03-27T18:00:00+08:00,55.0,81.0,3.3,-97.0,0.47,1014.3,-99.0,0.0,-9.9,-99,-999,新北市,06,三峽區,057
24.9408,121.3615,三峽,C0AC60,2017-03-27T19:00:00+08:00,55.0,75.0,3.9,-97.0,0.50,1014.9,-99.0,0.0,-9.9,-99,-999,新北市,06,三峽區,057
24.9408,121.3615,三峽,C0AC60,2017-03-27T20:00:00+08:00,55.0,80.0,3.1,-97.0,0.51,1015.8,-99.0,0.0,-9.9,-99,-999,新北市,06,三峽區,057
24.9408,121.3615,三峽,C0AC60,2017-03-27T21:00:00+08:00,55.0,80.0,3.0,-97.0,0.52,1016.4,-99.0,0.0,-9.9,-99,-999,新北市,06,三峽區,057
24.9408,121.3615,三峽,C0AC60,2017-03-27T22:00:00+08:00,55.0,103.0,1.4,-97.0,0.57,1016.4,-99.0,0.0,-9.9,-99,-999,新北市,06,三峽區,057
24.9408,121.3615,三峽,C0AC60,2017-03-27T23:00:00+08:00,55.0,131.0,0.5,-97.0,0.63,1016.2,-99.0,0.0,-9.9,-99,-999,新北市,06,三峽區,057
24.9408,121.3615,三峽,C0AC60,2017-03-28T00:00:00+08:00,55.0,182.0,0.8,-97.0,0.73,1015.5,-99.0,0.0,-9.9,-99,-999,新北市,06,三峽區,057
24.9408,121.3615,三峽,C0AC60,2017-03-28T01:00:00+08:00,55.0,181.0,2.0,-97.0,0.77,1015.0,-99.0,0.0,-9.9,-99,-999,新北市,06,三峽區,057
24.9408,121.3615,三峽,C0AC60,2017-03-28T02:00:00+08:00,55.0,173.0,1.4,-97.0,0.73,1014.3,-99.0,0.0,-9.9,-99,-999,新北市,06,三峽區,057
24.9408,121.3615,三峽,C0AC60,2017-03-28T03:00:00+08:00,55.0,169.0,1.1,-97.0,0.72,1014.2,-99.0,0.0,-9.9,-99,-999,新北市,06,三峽區,057
24.9408,121.3615,三峽,C0AC60,2017-03-28T04:00:00+08:00,55.0,164.0,0.9,-97.0,0.76,1013.9,-99.0,0.0,-9.9,-99,-999,新北市,06,三峽區,057
24.9408,121.3615,三峽,C0AC60,2017-03-28T05:00:00+08:00,55.0,0.0,0.0,-97.0,0.78,1014.1,-99.0,0.0,-9.9,-99,-999,新北市,06,三峽區,057
24.9408,121.3615,三峽,C0AC60,2017-03-28T06:00:00+08:00,55.0,195.0,2.1,-97.0,0.75,1014.7,-99.0,0.0,-9.9,-99,-999,新北市,06,三峽區,057
24.9408,121.3615,三峽,C0AC60,2017-03-28T07:00:00+08:00,55.0,0.0,0.0,-97.0,0.74,1015.0,-99.0,0.0,-9.9,-99,-999,新北市,06,三峽區,057
24.9408,121.3615,三峽,C0AC60,2017-03-28T08:00:00+08:00,55.0,162.0,0.9,-97.0,0.63,1015.6,-99.0,0.0,-9.9,-99,-999,新北市,06,三峽區,057
24.9408,121.3615,三峽,C0AC60,2017-03-28T10:00:00+08:00,55.0,140.0,0.3,-97.0,0.45,1015.2,-99.0,0.0,-9.9,-99,-999,新北市,06,三峽區,057
24.9408,121.3615,三峽,C0AC60,2017-03-28T11:00:00+08:00,55.0,98.0,0.5,-97.0,0.39,1014.3,-99.0,0.0,-9.9,-99,-999,新北市,06,三峽區,057
24.9408,121.3615,三峽,C0AC60,2017-03-28T12:00:00+08:00,55.0,5.0,1.3,-97.0,0.38,1013.1,-99.0,0.0,-9.9,-99,-999,新北市,06,三峽區,057
24.9408,121.3615,三峽,C0AC60,2017-03-28T14:00:00+08:00,55.0,343.0,2.6,-97.0,0.46,1011.2,-99.0,0.0,-9.9,-99,-999,新北市,06,三峽區,057
24.9408,121.3615,三峽,C0AC60,2017-03-28T15:00:00+08:00,55.0,351.0,2.2,25.6,0.47,1010.6,-99.0,0.0,-9.9,-99,-999,新北市,06,三峽區,057
24.9408,121.3615,三峽,C0AC60,2017-03-28T16:00:00+08:00,55.0,330.0,1.8,24.1,0.55,1011.1,-99.0,0.0,-9.9,-99,-999,新北市,06,三峽區,057
24.9408,121.3615,三峽,C0AC60,2017-03-28T17:00:00+08:00,55.0,348.0,1.9,22.7,0.64,1011.7,-99.0,0.0,-9.9,-99,-999,新北市,06,三峽區,057
24.9408,121.3615,三峽,C0AC60,2017-03-28T18:00:00+08:00,55.0,342.0,0.8,22.3,0.64,1012.0,-99.0,0.0,-9.9,-99,-999,新北市,06,三峽區,057
24.9408,121.3615,三峽,C0AC60,2017-03-28T19:00:00+08:00,55.0,297.0,0.3,22.0,0.63,1012.6,-99.0,0.0,-9.9,-99,-999,新北市,06,三峽區,057
24.9408,121.3615,三峽,C0AC60,2017-03-28T20:00:00+08:00,55.0,217.0,1.0,20.9,0.77,1013.2,-99.0,0.0,-9.9,-99,-999,新北市,06,三峽區,057
24.9408,121.3615,三峽,C0AC60,2017-03-28T21:00:00+08:00,55.0,86.0,1.2,20.0,0.82,1013.6,-99.0,0.0,-9.9,-99,-999,新北市,06,三峽區,057
24.9408,121.3615,三峽,C0AC60,2017-03-28T22:00:00+08:00,55.0,198.0,1.9,19.3,0.76,1014.1,-99.0,0.0,-9.9,-99,-999,新北市,06,三峽區,057
24.9408,121.3615,三峽,C0AC60,2017-03-28T23:00:00+08:00,55.0,197.0,0.7,18.1,0.77,1014.0,-99.0,0.0,-9.9,-99,-999,新北市,06,三峽區,057
24.9408,121.3615,三峽,C0AC60,2017-03-29T00:00:00+08:00,55.0,213.0,0.7,17.5,0.77,1013.8,-99.0,0.0,-9.9,-99,-999,新北市,06,三峽區,057
24.9408,121.3615,三峽,C0AC60,2017-03-29T01:00:00+08:00,55.0,208.0,1.4,17.4,0.72,1013.8,-99.0,0.0,-9.9,-99,-999,新北市,06,三峽區,057
24.9408,121.3615,三峽,C0AC60,2017-03-29T02:00:00+08:00,55.0,167.0,1.0,16.8,0.76,1013.3,-99.0,0.0,-9.9,-99,-999,新北市,06,三峽區,057
24.9408,121.3615,三峽,C0AC60,2017-03-29T03:00:00+08:00,55.0,209.0,2.1,16.3,0.73,1013.0,-99.0,0.0,-9.9,-99,-999,新北市,06,三峽區,057
24.9408,121.3615,三峽,C0AC60,2017-03-29T04:00:00+08:00,55.0,171.0,1.5,15.6,0.81,1013.0,-99.0,0.0,-9.9,-99,-999,新北市,06,三峽區,057
24.9408,121.3615,三峽,C0AC60,2017-03-29T05:00:00+08:00,55.0,0.0,0.1,15.8,0.76,1013.5,-99.0,0.0,-9.9,-99,-999,新北市,06,三峽區,057
24.9408,121.3615,三峽,C0AC60,2017-03-29T06:00:00+08:00,55.0,191.0,0.7,15.8,0.71,1014.0,-99.0,0.0,-9.9,-99,-999,新北市,06,三峽區,057
24.9408,121.3615,三峽,C0AC60,2017-03-29T07:00:00+08:00,55.0,212.0,0.9,16.6,0.70,1014.5,-99.0,0.0,-9.9,-99,-999,新北市,06,三峽區,057
24.9408,121.3615,三峽,C0AC60,2017-03-29T08:00:00+08:00,55.0,201.0,0.6,18.5,0.64,1015.2,-99.0,0.0,-9.9,-99,-999,新北市,06,三峽區,057
24.9408,121.3615,三峽,C0AC60,2017-03-29T09:00:00+08:00,55.0,182.0,0.3,21.6,0.57,1015.4,-99.0,0.0,-9.9,-99,-999,新北市,06,三峽區,057
24.9408,121.3615,三峽,C0AC60,2017-03-29T10:00:00+08:00,55.0,307.0,0.8,22.5,0.58,1015.7,-99.0,0.0,-9.9,-99,-999,新北市,06,三峽區,057
24.9408,121.3615,三峽,C0AC60,2017-03-29T11:00:00+08:00,55.0,340.0,1.2,24.3,0.52,1015.5,-99.0,0.0,-9.9,-99,-999,新北市,06,三峽區,057
24.9408,121.3615,三峽,C0AC60,2017-03-29T12:00:00+08:00,55.0,323.0,1.8,25.6,0.47,1014.1,-99.0,0.0,-9.9,-99,-999,新北市,06,三峽區,057
24.9408,121.3615,三峽,C0AC60,2017-03-29T13:00:00+08:00,55.0,288.0,1.0,26.2,0.45,1012.9,-99.0,0.0,-9.9,-99,-999,新北市,06,三峽區,057
24.9408,121.3615,三峽,C0AC60,2017-03-29T14:00:00+08:00,55.0,210.0,0.6,27.3,0.42,1012.0,-99.0,0.0,-9.9,-99,-999,新北市,06,三峽區,057
24.9408,121.3615,三峽,C0AC60,2017-03-29T15:00:00+08:00,55.0,331.0,2.2,25.7,0.52,1011.9,-99.0,0.0,-9.9,-99,-999,新北市,06,三峽區,057
24.9408,121.3615,三峽,C0AC60,2017-03-29T16:00:00+08:00,55.0,334.0,1.0,23.7,0.60,1012.5,-99.0,0.0,-9.9,-99,-999,新北市,06,三峽區,057
24.9408,121.3615,三峽,C0AC60,2017-03-29T17:00:00+08:00,55.0,300.0,0.5,23.1,0.65,1012.9,-99.0,0.0,-9.9,-99,-999,新北市,06,三峽區,057
24.9408,121.3615,三峽,C0AC60,2017-03-29T18:00:00+08:00,55.0,0.0,0.0,23.2,0.64,1013.5,-99.0,0.0,-9.9,-99,-999,新北市,06,三峽區,057
24.9408,121.3615,三峽,C0AC60,2017-03-29T19:00:00+08:00,55.0,83.0,0.4,22.3,0.63,1013.8,-99.0,0.0,-9.9,-99,-999,新北市,06,三峽區,057
24.9408,121.3615,三峽,C0AC60,2017-03-29T20:00:00+08:00,55.0,90.0,1.0,20.7,0.73,1014.4,-99.0,0.0,-9.9,-99,-999,新北市,06,三峽區,057
24.9408,121.3615,三峽,C0AC60,2017-03-29T21:00:00+08:00,55.0,0.0,0.0,20.2,0.77,1015.2,-99.0,0.0,-9.9,-99,-999,新北市,06,三峽區,057
24.9408,121.3615,三峽,C0AC60,2017-03-29T22:00:00+08:00,55.0,92.0,1.2,19.0,0.83,1015.1,-99.0,0.0,-9.9,-99,-999,新北市,06,三峽區,057
24.9408,121.3615,三峽,C0AC60,2017-03-29T23:00:00+08:00,55.0,150.0,0.3,19.0,0.83,1014.7,-99.0,0.0,-9.9,-99,-999,新北市,06,三峽區,057
24.9408,121.3615,三峽,C0AC60,2017-03-30T00:00:00+08:00,55.0,158.0,0.4,18.3,0.86,1014.2,-99.0,0.0,-9.9,-99,-999,新北市,06,三峽區,057
24.9408,121.3615,三峽,C0AC60,2017-03-30T01:00:00+08:00,55.0,155.0,1.6,18.2,0.85,1013.7,-99.0,0.0,-9.9,-99,-999,新北市,06,三峽區,057
24.9408,121.3615,三峽,C0AC60,2017-03-30T02:00:00+08:00,55.0,0.0,0.2,17.8,0.86,1013.3,-99.0,0.0,-9.9,-99,-999,新北市,06,三峽區,057
24.9408,121.3615,三峽,C0AC60,2017-03-30T03:00:00+08:00,55.0,0.0,0.1,17.4,0.87,1012.8,-99.0,0.0,-9.9,-99,-999,新北市,06,三峽區,057
24.9408,121.3615,三峽,C0AC60,2017-03-30T04:00:00+08:00,55.0,0.0,0.0,16.9,0.90,1012.6,-99.0,0.0,-9.9,-99,-999,新北市,06,三峽區,057
24.9408,121.3615,三峽,C0AC60,2017-03-30T05:00:00+08:00,55.0,156.0,1.8,16.5,0.90,1013.2,-99.0,0.0,-9.9,-99,-999,新北市,06,三峽區,057
24.9408,121.3615,三峽,C0AC60,2017-03-30T06:00:00+08:00,55.0,157.0,0.7,16.8,0.88,1013.1,-99.0,0.0,-9.9,-99,-999,新北市,06,三峽區,057
24.9408,121.3615,三峽,C0AC60,2017-03-30T07:00:00+08:00,55.0,0.0,0.2,17.5,0.84,1013.5,-99.0,0.0,-9.9,-99,-999,新北市,06,三峽區,057
24.9408,121.3615,三峽,C0AC60,2017-03-30T08:00:00+08:00,55.0,188.0,0.7,19.1,0.79,1013.3,-99.0,0.0,-9.9,-99,-999,新北市,06,三峽區,057
24.9408,121.3615,三峽,C0AC60,2017-03-30T10:00:00+08:00,55.0,310.0,1.3,23.6,0.60,1013.4,-99.0,0.0,-9.9,-99,-999,新北市,06,三峽區,057
24.9408,121.3615,三峽,C0AC60,2017-03-30T11:00:00+08:00,55.0,239.0,1.0,25.3,0.57,1012.4,-99.0,0.0,-9.9,-99,-999,新北市,06,三峽區,057
24.9408,121.3615,三峽,C0AC60,2017-03-30T12:00:00+08:00,55.0,288.0,1.0,26.5,0.57,1011.4,-99.0,0.0,-9.9,-99,-999,新北市,06,三峽區,057
24.9408,121.3615,三峽,C0AC60,2017-03-30T13:00:00+08:00,55.0,319.0,2.4,26.4,0.62,1011.0,-99.0,0.0,-9.9,-99,-999,新北市,06,三峽區,057
24.9408,121.3615,三峽,C0AC60,2017-03-30T14:00:00+08:00,55.0,320.0,1.3,24.5,0.68,1010.7,-99.0,0.0,-9.9,-99,-999,新北市,06,三峽區,057
24.9408,121.3615,三峽,C0AC60,2017-03-30T15:00:00+08:00,55.0,311.0,1.0,24.1,0.69,1010.1,-99.0,0.0,-9.9,-99,-999,新北市,06,三峽區,057
24.9408,121.3615,三峽,C0AC60,2017-03-30T16:00:00+08:00,55.0,310.0,1.0,24.0,0.70,1009.9,-99.0,0.0,-9.9,-99,-999,新北市,06,三峽區,057
24.9408,121.3615,三峽,C0AC60,2017-03-30T17:00:00+08:00,55.0,346.0,1.8,22.9,0.76,1009.4,-99.0,0.0,-9.9,-99,-999,新北市,06,三峽區,057
24.9408,121.3615,三峽,C0AC60,2017-03-30T18:00:00+08:00,55.0,359.0,0.6,22.9,0.76,1009.3,-99.0,0.0,-9.9,-99,-999,新北市,06,三峽區,057
24.9408,121.3615,三峽,C0AC60,2017-03-30T19:00:00+08:00,55.0,0.0,0.0,22.7,0.77,1009.9,-99.0,0.0,-9.9,-99,-999,新北市,06,三峽區,057
24.9408,121.3615,三峽,C0AC60,2017-03-30T20:00:00+08:00,55.0,203.0,1.3,22.1,0.82,1010.8,-99.0,0.0,-9.9,-99,-999,新北市,06,三峽區,057
24.9408,121.3615,三峽,C0AC60,2017-03-30T21:00:00+08:00,55.0,212.0,0.3,22.0,0.82,1010.8,-99.0,0.0,-9.9,-99,-999,新北市,06,三峽區,057
24.9408,121.3615,三峽,C0AC60,2017-03-30T22:00:00+08:00,55.0,0.0,0.0,21.4,0.85,1010.7,-99.0,0.0,-9.9,-99,-999,新北市,06,三峽區,057
24.9408,121.3615,三峽,C0AC60,2017-03-30T23:00:00+08:00,55.0,174.0,1.5,21.0,0.83,1009.3,-99.0,0.0,-9.9,-99,-999,新北市,06,三峽區,057
24.9408,121.3615,三峽,C0AC60,2017-03-31T00:00:00+08:00,55.0,314.0,0.7,20.3,0.87,1008.9,-99.0,0.0,-9.9,-99,-999,新北市,06,三峽區,057
24.9408,121.3615,三峽,C0AC60,2017-03-31T01:00:00+08:00,55.0,0.0,0.0,20.0,0.87,1008.9,-99.0,0.0,-9.9,-99,-999,新北市,06,三峽區,057
24.9408,121.3615,三峽,C0AC60,2017-03-31T02:00:00+08:00,55.0,190.0,0.8,19.5,0.87,1008.4,-99.0,0.0,-9.9,-99,-999,新北市,06,三峽區,057
24.9408,121.3615,三峽,C0AC60,2017-03-31T03:00:00+08:00,55.0,172.0,0.5,19.3,0.87,1007.5,-99.0,0.0,-9.9,-99,-999,新北市,06,三峽區,057
24.9408,121.3615,三峽,C0AC60,2017-03-31T04:00:00+08:00,55.0,207.0,1.3,19.0,0.86,1006.7,-99.0,0.0,-9.9,-99,-999,新北市,06,三峽區,057
24.9408,121.3615,三峽,C0AC60,2017-03-31T05:00:00+08:00,55.0,0.0,0.0,18.8,0.86,1006.3,-99.0,0.0,-9.9,-99,-999,新北市,06,三峽區,057
24.9408,121.3615,三峽,C0AC60,2017-03-31T06:00:00+08:00,55.0,207.0,2.0,18.4,0.88,1007.6,-99.0,0.0,-9.9,-99,-999,新北市,06,三峽區,057
24.9408,121.3615,三峽,C0AC60,2017-03-31T07:00:00+08:00,55.0,203.0,0.3,19.4,0.84,1008.0,-99.0,0.0,-9.9,-99,-999,新北市,06,三峽區,057
24.9408,121.3615,三峽,C0AC60,2017-03-31T08:00:00+08:00,55.0,196.0,0.3,20.3,0.82,1008.8,-99.0,0.0,-9.9,-99,-999,新北市,06,三峽區,057
24.9408,121.3615,三峽,C0AC60,2017-03-31T09:00:00+08:00,55.0,237.0,1.0,23.7,0.72,1008.3,-99.0,0.0,-9.9,-99,-999,新北市,06,三峽區,057
24.9408,121.3615,三峽,C0AC60,2017-03-31T10:00:00+08:00,55.0,241.0,1.9,25.9,0.64,1007.9,-99.0,0.0,-9.9,-99,-999,新北市,06,三峽區,057
24.9408,121.3615,三峽,C0AC60,2017-03-31T11:00:00+08:00,55.0,324.0,0.6,26.2,0.63,1007.0,-99.0,0.0,-9.9,-99,-999,新北市,06,三峽區,057
24.9408,121.3615,三峽,C0AC60,2017-03-31T12:00:00+08:00,55.0,336.0,0.9,22.4,0.83,1007.9,-99.0,0.0,-9.9,-99,-999,新北市,06,三峽區,057
24.9408,121.3615,三峽,C0AC60,2017-03-31T13:00:00+08:00,55.0,29.0,1.6,20.1,0.79,1008.4,-99.0,0.0,-9.9,-99,-999,新北市,06,三峽區,057
24.9408,121.3615,三峽,C0AC60,2017-03-31T14:00:00+08:00,55.0,92.0,1.8,18.3,0.87,1008.9,-99.0,0.0,-9.9,-99,-999,新北市,06,三峽區,057
24.9408,121.3615,三峽,C0AC60,2017-03-31T15:00:00+08:00,55.0,47.0,1.7,16.5,0.91,1010.1,-99.0,2.5,-9.9,-99,-999,新北市,06,三峽區,057
24.9408,121.3615,三峽,C0AC60,2017-03-31T16:00:00+08:00,55.0,80.0,2.1,15.1,0.91,1010.2,-99.0,4.0,-9.9,-99,-999,新北市,06,三峽區,057
24.9408,121.3615,三峽,C0AC60,2017-03-31T17:00:00+08:00,55.0,82.0,2.0,15.3,0.86,1010.5,-99.0,4.5,-9.9,-99,-999,新北市,06,三峽區,057
24.9408,121.3615,三峽,C0AC60,2017-03-31T18:00:00+08:00,55.0,89.0,1.1,14.4,0.92,1011.9,-99.0,5.5,-9.9,-99,-999,新北市,06,三峽區,057
24.9408,121.3615,三峽,C0AC60,2017-03-31T19:00:00+08:00,55.0,94.0,1.4,13.9,0.94,1013.4,-99.0,14.5,-9.9,-99,-999,新北市,06,三峽區,057
24.9408,121.3615,三峽,C0AC60,2017-03-31T20:00:00+08:00,55.0,90.0,1.1,13.9,0.92,1013.8,-99.0,20.0,-9.9,-99,-999,新北市,06,三峽區,057
24.9408,121.3615,三峽,C0AC60,2017-03-31T21:00:00+08:00,55.0,35.0,1.0,13.6,0.92,1014.9,-99.0,24.0,-9.9,-99,-999,新北市,06,三峽區,057
