24.940806,121.361500,三峽,C0AC60,2017-09-01T00:00:00+08:00,55.0,77,2.2,27.5,0.85,1000.3,-99,0.0,-99,-99,-99,新北市,06,三峽區,057
24.940806,121.361500,三峽,C0AC60,2017-09-01T01:00:00+08:00,55.0,84,1.9,27.4,0.84,999.9,-99,0.0,-99,-99,-99,新北市,06,三峽區,057
24.940806,121.361500,三峽,C0AC60,2017-09-01T02:00:00+08:00,55.0,80,2.2,27.4,0.83,999.4,-99,0.0,7.1,85,2017-09-01T01:11:00+08:00,新北市,06,三峽區,057
24.940806,121.361500,三峽,C0AC60,2017-09-01T03:00:00+08:00,55.0,90,2.0,27.3,0.86,998.7,-99,0.5,-99,-99,-99,新北市,06,三峽區,057
24.940806,121.361500,三峽,C0AC60,2017-09-01T04:00:00+08:00,55.0,84,1.8,26.6,0.9,998.5,-99,1.0,-99,-99,-99,新北市,06,三峽區,057
24.940806,121.361500,三峽,C0AC60,2017-09-01T05:00:00+08:00,55.0,86,2.8,27.4,0.84,998.2,-99,1.0,9.9,83,2017-09-01T04:56:00+08:00,新北市,06,三峽區,057
24.940806,121.361500,三峽,C0AC60,2017-09-01T06:00:00+08:00,55.0,81,2.7,27.7,0.83,998.9,-99,1.0,8.2,87,2017-09-01T05:21:00+08:00,新北市,06,三峽區,057
24.940806,121.361500,三峽,C0AC60,2017-09-01T07:00:00+08:00,55.0,78,2.3,28.3,0.81,999.2,-99,1.0,8.8,83,2017-09-01T06:41:00+08:00,新北市,06,三峽區,057
24.940806,121.361500,三峽,C0AC60,2017-09-01T08:00:00+08:00,55.0,86,3.0,28.9,0.77,999.5,-99,1.0,8.8,71,2017-09-01T07:51:00+08:00,新北市,06,三峽區,057
24.940806,121.361500,三峽,C0AC60,2017-09-01T09:00:00+08:00,55.0,95,2.7,29.4,0.76,999.9,-99,1.0,8.8,63,2017-09-01T08:13:00+08:00,新北市,06,三峽區,057
24.940806,121.361500,三峽,C0AC60,2017-09-01T10:00:00+08:00,55.0,93,2.0,29.2,0.79,1000.4,-99,1.0,7.7,92,2017-09-01T09:09:00+08:00,新北市,06,三峽區,057
24.940806,121.361500,三峽,C0AC60,2017-09-01T11:00:00+08:00,55.0,83,2.9,29.5,0.77,1000.3,-99,1.0,8.2,73,2017-09-01T10:31:00+08:00,新北市,06,三峽區,057
24.940806,121.361500,三峽,C0AC60,2017-09-01T12:00:00+08:00,55.0,76,4.6,28.7,0.8,999.6,-99,1.0,11.0,58,2017-09-01T11:47:00+08:00,新北市,06,三峽區,057
24.940806,121.361500,三峽,C0AC60,2017-09-01T13:00:00+08:00,55.0,78,3.3,28.6,0.78,998.9,-99,1.0,9.9,93,2017-09-01T12:08:00+08:00,新北市,06,三峽區,057
24.940806,121.361500,三峽,C0AC60,2017-09-01T14:00:00+08:00,55.0,83,2.7,29.5,0.74,998.0,-99,1.0,9.3,82,2017-09-01T13:31:00+08:00,新北市,06,三峽區,057
24.940806,121.361500,三峽,C0AC60,2017-09-01T15:00:00+08:00,55.0,82,3.4,28.6,0.82,997.9,-99,1.0,11.0,90,2017-09-01T14:39:00+08:00,新北市,06,三峽區,057
24.940806,121.361500,三峽,C0AC60,2017-09-01T16:00:00+08:00,55.0,75,3.9,27.7,0.87,997.5,-99,1.0,10.4,68,2017-09-01T15:10:00+08:00,新北市,06,三峽區,057
24.940806,121.361500,三峽,C0AC60,2017-09-01T17:00:00+08:00,55.0,72,2.4,27.4,0.89,997.6,-99,1.0,9.9,92,2017-09-01T16:06:00+08:00,新北市,06,三峽區,057
24.940806,121.361500,三峽,C0AC60,2017-09-01T18:00:00+08:00,55.0,82,1.6,27.6,0.87,998.4,-99,1.0,7.7,83,2017-09-01T17:01:00+08:00,新北市,06,三峽區,057
24.940806,121.361500,三峽,C0AC60,2017-09-01T19:00:00+08:00,55.0,79,1.6,27.5,0.86,999.0,-99,1.0,7.1,55,2017-09-01T18:11:00+08:00,新北市,06,三峽區,057
24.940806,121.361500,三峽,C0AC60,2017-09-01T20:00:00+08:00,55.0,80,2.8,26.9,0.91,999.9,-99,1.0,7.7,51,2017-09-01T19:04:00+08:00,新北市,06,三峽區,057
24.940806,121.361500,三峽,C0AC60,2017-09-01T21:00:00+08:00,55.0,74,1.7,26.4,0.93,1000.5,-99,1.5,-99,-99,-99,新北市,06,三峽區,057
24.940806,121.361500,三峽,C0AC60,2017-09-01T23:00:00+08:00,55.0,77,2.2,26.1,0.93,999.9,-99,2.0,7.7,85,2017-09-01T22:14:00+08:00,新北市,06,三峽區,057
24.940806,121.361500,三峽,C0AC60,2017-09-02T00:00:00+08:00,55.0,78,3.4,26.2,0.92,998.9,-99,2.0,-99,-99,-99,新北市,06,三峽區,057
24.940806,121.361500,三峽,C0AC60,2017-09-02T01:00:00+08:00,55.0,89,2.7,26.0,0.92,998.5,-99,0.0,9.9,100,2017-09-02T00:06:00+08:00,新北市,06,三峽區,057
24.940806,121.361500,三峽,C0AC60,2017-09-02T02:00:00+08:00,55.0,84,2.1,26.1,0.92,998.1,-99,0.0,9.3,75,2017-09-02T01:03:00+08:00,新北市,06,三峽區,057
24.940806,121.361500,三峽,C0AC60,2017-09-02T03:00:00+08:00,55.0,89,2.3,26.2,0.87,998.2,-99,0.0,7.7,98,2017-09-02T02:26:00+08:00,新北市,06,三峽區,057
24.940806,121.361500,三峽,C0AC60,2017-09-02T04:00:00+08:00,55.0,91,2.8,25.7,0.93,998.2,-99,0.0,-99,-99,-99,新北市,06,三峽區,057
24.940806,121.361500,三峽,C0AC60,2017-09-02T05:00:00+08:00,55.0,83,2.5,26.0,0.92,998.2,-99,0.0,-99,-99,-99,新北市,06,三峽區,057
24.940806,121.361500,三峽,C0AC60,2017-09-02T06:00:00+08:00,55.0,81,2.8,26.5,0.86,998.3,-99,0.0,8.8,92,2017-09-02T05:39:00+08:00,新北市,06,三峽區,057
24.940806,121.361500,三峽,C0AC60,2017-09-02T07:00:00+08:00,55.0,74,3.0,27.1,0.83,998.9,-99,0.0,8.2,91,2017-09-02T06:13:00+08:00,新北市,06,三峽區,057
24.940806,121.361500,三峽,C0AC60,2017-09-02T08:00:00+08:00,55.0,78,2.4,27.2,0.85,999.5,-99,0.0,8.8,81,2017-09-02T07:02:00+08:00,新北市,06,三峽區,057
24.940806,121.361500,三峽,C0AC60,2017-09-02T09:00:00+08:00,55.0,79,2.5,27.0,0.89,1000.1,-99,0.0,7.7,80,2017-09-02T08:32:00+08:00,新北市,06,三峽區,057
24.940806,121.361500,三峽,C0AC60,2017-09-02T10:00:00+08:00,55.0,80,1.6,26.5,0.94,1000.3,-99,0.0,-99,-99,-99,新北市,06,三峽區,057
24.940806,121.361500,三峽,C0AC60,2017-09-02T11:00:00+08:00,55.0,75,2.2,27.4,0.88,1000.0,-99,0.0,7.7,71,2017-09-02T10:57:00+08:00,新北市,06,三峽區,057
24.940806,121.361500,三峽,C0AC60,2017-09-02T12:00:00+08:00,55.0,83,1.7,27.7,0.83,999.8,-99,0.0,-99,-99,-99,新北市,06,三峽區,057
24.940806,121.361500,三峽,C0AC60,2017-09-02T13:00:00+08:00,55.0,91,1.8,27.2,0.86,999.5,-99,0.0,7.1,89,2017-09-02T12:03:00+08:00,新北市,06,三峽區,057
24.940806,121.361500,三峽,C0AC60,2017-09-02T14:00:00+08:00,55.0,94,1.5,27.3,0.83,999.2,-99,0.0,-99,-99,-99,新北市,06,三峽區,057
24.940806,121.361500,三峽,C0AC60,2017-09-02T15:00:00+08:00,55.0,89,1.9,27.8,0.8,999.0,-99,0.0,-99,-99,-99,新北市,06,三峽區,057
24.940806,121.361500,三峽,C0AC60,2017-09-02T16:00:00+08:00,55.0,85,1.9,27.2,0.85,999.5,-99,0.0,-99,-99,-99,新北市,06,三峽區,057
24.940806,121.361500,三峽,C0AC60,2017-09-02T17:00:00+08:00,55.0,89,1.9,26.2,0.93,999.9,-99,1.0,-99,-99,-99,新北市,06,三峽區,057
24.940806,121.361500,三峽,C0AC60,2017-09-02T18:00:00+08:00,55.0,94,0.6,25.7,0.96,1000.8,-99,3.0,-99,-99,-99,新北市,06,三峽區,057
24.940806,121.361500,三峽,C0AC60,2017-09-02T19:00:00+08:00,55.0,84,1.2,25.6,0.95,1001.3,-99,4.5,-99,-99,-99,新北市,06,三峽區,057
24.940806,121.361500,三峽,C0AC60,2017-09-02T20:00:00+08:00,55.0,88,1.2,25.2,0.96,1002.0,-99,8.0,-99,-99,-99,新北市,06,三峽區,057
24.940806,121.361500,三峽,C0AC60,2017-09-02T21:00:00+08:00,55.0,70,2.2,25.1,0.94,1002.3,-99,10.5,-99,-99,-99,新北市,06,三峽區,057
24.940806,121.361500,三峽,C0AC60,2017-09-02T22:00:00+08:00,55.0,80,1.9,24.9,0.93,1002.1,-99,12.0,-99,-99,-99,新北市,06,三峽區,057
24.940806,121.361500,三峽,C0AC60,2017-09-02T23:00:00+08:00,55.0,86,2.0,25.7,0.86,1001.7,-99,12.0,-99,-99,-99,新北市,06,三峽區,057
24.940806,121.361500,三峽,C0AC60,2017-09-03T00:00:00+08:00,55.0,85,2.0,25.5,0.88,1001.4,-99,12.5,-99,-99,-99,新北市,06,三峽區,057
24.940806,121.361500,三峽,C0AC60,2017-09-03T13:00:00+08:00,55.0,69,1.7,29.0,0.8,1002.6,-99,1.5,-99,-99,-99,新北市,06,三峽區,057
24.940806,121.361500,三峽,C0AC60,2017-09-03T14:00:00+08:00,55.0,85,1.0,28.3,0.85,1002.4,-99,1.5,-99,-99,-99,新北市,06,三峽區,057
24.940806,121.361500,三峽,C0AC60,2017-09-03T15:00:00+08:00,55.0,98,1.1,26.5,0.93,1002.4,-99,2.0,-99,-99,-99,新北市,06,三峽區,057
24.940806,121.361500,三峽,C0AC60,2017-09-03T16:00:00+08:00,55.0,81,1.4,27.0,0.88,1002.3,-99,2.0,-99,-99,-99,新北市,06,三峽區,057
24.940806,121.361500,三峽,C0AC60,2017-09-03T17:00:00+08:00,55.0,87,1.1,26.8,0.9,1003.0,-99,2.0,-99,-99,-99,新北市,06,三峽區,057
24.940806,121.361500,三峽,C0AC60,2017-09-03T18:00:00+08:00,55.0,85,0.9,26.5,0.92,1003.5,-99,2.0,-99,-99,-99,新北市,06,三峽區,057
24.940806,121.361500,三峽,C0AC60,2017-09-03T19:00:00+08:00,55.0,90,1.5,25.9,0.95,1004.0,-99,2.0,-99,-99,-99,新北市,06,三峽區,057
24.940806,121.361500,三峽,C0AC60,2017-09-03T20:00:00+08:00,55.0,88,0.8,25.8,0.96,1004.9,-99,2.0,-99,-99,-99,新北市,06,三峽區,057
24.940806,121.361500,三峽,C0AC60,2017-09-03T21:00:00+08:00,55.0,90,1.0,25.4,0.96,1005.9,-99,3.0,-99,-99,-99,新北市,06,三峽區,057
24.940806,121.361500,三峽,C0AC60,2017-09-03T22:00:00+08:00,55.0,90,0.9,25.4,0.96,1005.6,-99,3.0,-99,-99,-99,新北市,06,三峽區,057
24.940806,121.361500,三峽,C0AC60,2017-09-03T23:00:00+08:00,55.0,89,1.1,25.2,0.96,1005.4,-99,3.0,-99,-99,-99,新北市,06,三峽區,057
24.940806,121.361500,三峽,C0AC60,2017-09-04T14:00:00+08:00,55.0,62,0.7,32.1,0.67,1003.1,-99,0.5,-99,-99,-99,新北市,06,三峽區,057
24.940806,121.361500,三峽,C0AC60,2017-09-04T15:00:00+08:00,55.0,89,0.5,30.3,0.77,1002.6,-99,1.0,-99,-99,-99,新北市,06,三峽區,057
24.940806,121.361500,三峽,C0AC60,2017-09-04T16:00:00+08:00,55.0,309,1.2,29.7,0.85,1002.6,-99,1.0,-99,-99,-99,新北市,06,三峽區,057
24.940806,121.361500,三峽,C0AC60,2017-09-04T17:00:00+08:00,55.0,0,0.0,29.8,0.82,1002.4,-99,1.0,-99,-99,-99,新北市,06,三峽區,057
24.940806,121.361500,三峽,C0AC60,2017-09-04T18:00:00+08:00,55.0,0,0.1,29.5,0.85,1002.6,-99,1.0,-99,-99,-99,新北市,06,三峽區,057
24.940806,121.361500,三峽,C0AC60,2017-09-04T19:00:00+08:00,55.0,0,0.0,28.9,0.87,1003.2,-99,1.0,-99,-99,-99,新北市,06,三峽區,057
24.940806,121.361500,三峽,C0AC60,2017-09-04T20:00:00+08:00,55.0,0,0.2,28.7,0.87,1004.2,-99,1.0,-99,-99,-99,新北市,06,三峽區,057
24.940806,121.361500,三峽,C0AC60,2017-09-04T21:00:00+08:00,55.0,0,0.2,28.5,0.87,1004.8,-99,1.0,-99,-99,-99,新北市,06,三峽區,057
24.940806,121.361500,三峽,C0AC60,2017-09-04T22:00:00+08:00,55.0,0,0.0,28.0,0.91,1005.3,-99,1.0,-99,-99,-99,新北市,06,三峽區,057
24.940806,121.361500,三峽,C0AC60,2017-09-04T23:00:00+08:00,55.0,0,0.1,27.6,0.93,1005.5,-99,1.0,-99,-99,-99,新北市,06,三峽區,057
24.940806,121.361500,三峽,C0AC60,2017-09-05T18:00:00+08:00,55.0,67,0.7,31.1,0.77,1001.1,-99,0.0,-99,-99,-99,新北市,06,三峽區,057
24.940806,121.361500,三峽,C0AC60,2017-09-05T19:00:00+08:00,55.0,92,1.6,30.7,0.72,1001.6,-99,0.0,-99,-99,-99,新北市,06,三峽區,057
24.940806,121.361500,三峽,C0AC60,2017-09-05T20:00:00+08:00,55.0,93,0.8,30.0,0.73,1002.1,-99,0.0,-99,-99,-99,新北市,06,三峽區,057
24.940806,121.361500,三峽,C0AC60,2017-09-05T21:00:00+08:00,55.0,0,0.2,28.2,0.92,1002.4,-99,0.0,-99,-99,-99,新北市,06,三峽區,057
24.940806,121.361500,三峽,C0AC60,2017-09-05T22:00:00+08:00,55.0,181,1.4,28.1,0.91,1002.3,-99,0.0,-99,-99,-99,新北市,06,三峽區,057
24.940806,121.361500,三峽,C0AC60,2017-09-05T23:00:00+08:00,55.0,188,0.3,27.4,0.93,1002.3,-99,0.0,-99,-99,-99,新北市,06,三峽區,057
24.940806,121.361500,三峽,C0AC60,2017-09-06T21:00:00+08:00,55.0,250,1.0,30.2,0.79,1002.1,-99,0.0,-99,-99,-99,新北市,06,三峽區,057
24.940806,121.361500,三峽,C0AC60,2017-09-06T22:00:00+08:00,55.0,243,1.7,30.0,0.8,1002.3,-99,0.0,-99,-99,-99,新北市,06,三峽區,057
24.940806,121.361500,三峽,C0AC60,2017-09-06T23:00:00+08:00,55.0,235,1.4,29.5,0.81,1002.1,-99,0.0,-99,-99,-99,新北市,06,三峽區,057
24.940806,121.361500,三峽,C0AC60,2017-09-07T22:00:00+08:00,55.0,-99,-99,-99,-99,-99,-99,-99,-99,-99,-99,新北市,06,三峽區,057
24.940806,121.361500,三峽,C0AC60,2017-09-07T23:00:00+08:00,55.0,-99,-99,-99,-99,-99,-99,-99,-99,-99,-99,新北市,06,三峽區,057
24.940806,121.361500,三峽,C0AC60,2017-09-08T13:00:00+08:00,55.0,-99,-99,-99,-99,-99,-99,-99,-99,-99,-99,新北市,06,三峽區,057
24.940806,121.361500,三峽,C0AC60,2017-09-08T14:00:00+08:00,55.0,-99,-99,-99,-99,-99,-99,-99,-99,-99,-99,新北市,06,三峽區,057
24.940806,121.361500,三峽,C0AC60,2017-09-08T15:00:00+08:00,55.0,-99,-99,-99,-99,-99,-99,-99,-99,-99,-99,新北市,06,三峽區,057
24.940806,121.361500,三峽,C0AC60,2017-09-08T16:00:00+08:00,55.0,-99,-99,-99,-99,-99,-99,-99,-99,-99,-99,新北市,06,三峽區,057
24.940806,121.361500,三峽,C0AC60,2017-09-08T17:00:00+08:00,55.0,-99,-99,-99,-99,-99,-99,-99,-99,-99,-99,新北市,06,三峽區,057
24.940806,121.361500,三峽,C0AC60,2017-09-08T18:00:00+08:00,55.0,-99,-99,-99,-99,-99,-99,-99,-99,-99,-99,新北市,06,三峽區,057
24.940806,121.361500,三峽,C0AC60,2017-09-08T19:00:00+08:00,55.0,100,0.9,29.3,0.82,1003.6,-99,0.0,-99,-99,-99,新北市,06,三峽區,057
24.940806,121.361500,三峽,C0AC60,2017-09-08T20:00:00+08:00,55.0,223,1.1,28.7,0.84,1004.3,-99,0.0,-99,-99,-99,新北市,06,三峽區,057
24.940806,121.361500,三峽,C0AC60,2017-09-08T21:00:00+08:00,55.0,200,0.7,28.3,0.87,1004.9,-99,0.0,-99,-99,-99,新北市,06,三峽區,057
24.940806,121.361500,三峽,C0AC60,2017-09-08T22:00:00+08:00,55.0,232,0.9,27.7,0.91,1005.1,-99,0.0,-99,-99,-99,新北市,06,三峽區,057
24.940806,121.361500,三峽,C0AC60,2017-09-08T23:00:00+08:00,55.0,188,0.9,27.3,0.94,1004.9,-99,0.0,-99,-99,-99,新北市,06,三峽區,057
24.940806,121.361500,三峽,C0AC60,2017-09-09T00:00:00+08:00,55.0,209,0.5,27.2,0.93,1004.5,-99,0.0,-99,-99,-99,新北市,06,三峽區,057
24.940806,121.361500,三峽,C0AC60,2017-09-09T01:00:00+08:00,55.0,0,0.2,27.0,0.92,1004.1,-99,0.0,-99,-99,-99,新北市,06,三峽區,057
24.940806,121.361500,三峽,C0AC60,2017-09-09T02:00:00+08:00,55.0,184,0.3,26.8,0.95,1003.9,-99,0.0,-99,-99,-99,新北市,06,三峽區,057
24.940806,121.361500,三峽,C0AC60,2017-09-09T03:00:00+08:00,55.0,202,0.5,26.9,0.92,1003.6,-99,0.0,-99,-99,-99,新北市,06,三峽區,057
24.940806,121.361500,三峽,C0AC60,2017-09-09T04:00:00+08:00,55.0,218,0.8,26.5,0.93,1003.8,-99,0.0,-99,-99,-99,新北市,06,三峽區,057
24.940806,121.361500,三峽,C0AC60,2017-09-09T05:00:00+08:00,55.0,168,1.3,26.5,0.94,1004.2,-99,0.0,-99,-99,-99,新北市,06,三峽區,057
24.940806,121.361500,三峽,C0AC60,2017-09-09T06:00:00+08:00,55.0,211,0.4,26.7,0.92,1004.4,-99,0.0,-99,-99,-99,新北市,06,三峽區,057
24.940806,121.361500,三峽,C0AC60,2017-09-09T07:00:00+08:00,55.0,185,0.3,27.5,0.88,1004.8,-99,0.0,-99,-99,-99,新北市,06,三峽區,057
24.940806,121.361500,三峽,C0AC60,2017-09-09T08:00:00+08:00,55.0,0,0.1,28.9,0.84,1005.0,-99,0.0,-99,-99,-99,新北市,06,三峽區,057
24.940806,121.361500,三峽,C0AC60,2017-09-09T09:00:00+08:00,55.0,312,1.4,29.0,0.83,1005.3,-99,0.0,-99,-99,-99,新北市,06,三峽區,057
24.940806,121.361500,三峽,C0AC60,2017-09-09T10:00:00+08:00,55.0,280,1.4,30.3,0.76,1005.4,-99,0.0,-99,-99,-99,新北市,06,三峽區,057
24.940806,121.361500,三峽,C0AC60,2017-09-09T11:00:00+08:00,55.0,245,0.9,30.0,0.74,1005.0,-99,0.0,-99,-99,-99,新北市,06,三峽區,057
24.940806,121.361500,三峽,C0AC60,2017-09-09T12:00:00+08:00,55.0,240,1.3,29.6,0.78,1004.9,-99,0.0,-99,-99,-99,新北市,06,三峽區,057
24.940806,121.361500,三峽,C0AC60,2017-09-09T13:00:00+08:00,55.0,232,2.0,29.9,0.8,1004.4,-99,0.0,-99,-99,-99,新北市,06,三峽區,057
24.940806,121.361500,三峽,C0AC60,2017-09-09T14:00:00+08:00,55.0,298,1.0,28.6,0.83,1004.3,-99,0.0,-99,-99,-99,新北市,06,三峽區,057
24.940806,121.361500,三峽,C0AC60,2017-09-09T15:00:00+08:00,55.0,211,1.4,26.8,0.95,1003.9,-99,1.5,-99,-99,-99,新北市,06,三峽區,057
24.940806,121.361500,三峽,C0AC60,2017-09-09T16:00:00+08:00,55.0,214,1.7,27.5,0.9,1003.4,-99,1.5,-99,-99,-99,新北市,06,三峽區,057
24.940806,121.361500,三峽,C0AC60,2017-09-09T17:00:00+08:00,55.0,240,0.8,28.6,0.85,1003.3,-99,1.5,-99,-99,-99,新北市,06,三峽區,057
24.940806,121.361500,三峽,C0AC60,2017-09-09T18:00:00+08:00,55.0,208,0.3,28.1,0.9,1003.4,-99,1.5,-99,-99,-99,新北市,06,三峽區,057
24.940806,121.361500,三峽,C0AC60,2017-09-09T19:00:00+08:00,55.0,184,0.7,27.7,0.92,1003.7,-99,1.5,-99,-99,-99,新北市,06,三峽區,057
24.940806,121.361500,三峽,C0AC60,2017-09-09T20:00:00+08:00,55.0,211,0.5,27.2,0.92,1004.2,-99,1.5,-99,-99,-99,新北市,06,三峽區,057
24.940806,121.361500,三峽,C0AC60,2017-09-09T21:00:00+08:00,55.0,212,0.3,27.1,0.91,1005.0,-99,1.5,-99,-99,-99,新北市,06,三峽區,057
24.940806,121.361500,三峽,C0AC60,2017-09-09T22:00:00+08:00,55.0,168,0.6,27.0,0.93,1005.2,-99,1.5,-99,-99,-99,新北市,06,三峽區,057
24.940806,121.361500,三峽,C0AC60,2017-09-09T23:00:00+08:00,55.0,0,0.2,27.0,0.92,1005.0,-99,1.5,-99,-99,-99,新北市,06,三峽區,057
24.940806,121.361500,三峽,C0AC60,2017-09-10T00:00:00+08:00,55.0,209,0.3,26.8,0.91,1005.0,-99,1.5,-99,-99,-99,新北市,06,三峽區,057
24.940806,121.361500,三峽,C0AC60,2017-09-10T01:00:00+08:00,55.0,185,0.3,26.4,0.93,1004.6,-99,0.0,-99,-99,-99,新北市,06,三峽區,057
24.940806,121.361500,三峽,C0AC60,2017-09-10T02:00:00+08:00,55.0,180,0.9,26.4,0.92,1004.6,-99,0.0,-99,-99,-99,新北市,06,三峽區,057
24.940806,121.361500,三峽,C0AC60,2017-09-10T03:00:00+08:00,55.0,0,0.0,26.2,0.93,1004.5,-99,0.0,-99,-99,-99,新北市,06,三峽區,057
24.940806,121.361500,三峽,C0AC60,2017-09-10T04:00:00+08:00,55.0,174,0.4,25.8,0.94,1004.6,-99,0.0,-99,-99,-99,新北市,06,三峽區,057
24.940806,121.361500,三峽,C0AC60,2017-09-10T05:00:00+08:00,55.0,0,0.1,25.7,0.92,1004.9,-99,0.0,-99,-99,-99,新北市,06,三峽區,057
24.940806,121.361500,三峽,C0AC60,2017-09-10T06:00:00+08:00,55.0,199,0.7,25.6,0.92,1005.5,-99,0.0,-99,-99,-99,新北市,06,三峽區,057
24.940806,121.361500,三峽,C0AC60,2017-09-10T07:00:00+08:00,55.0,200,1.2,26.4,0.89,1005.6,-99,0.0,-99,-99,-99,新北市,06,三峽區,057
24.940806,121.361500,三峽,C0AC60,2017-09-10T08:00:00+08:00,55.0,0,0.0,28.9,0.79,1005.7,-99,0.0,-99,-99,-99,新北市,06,三峽區,057
24.940806,121.361500,三峽,C0AC60,2017-09-10T09:00:00+08:00,55.0,332,0.6,30.0,0.77,1005.7,-99,0.0,-99,-99,-99,新北市,06,三峽區,057
24.940806,121.361500,三峽,C0AC60,2017-09-10T10:00:00+08:00,55.0,225,0.4,31.9,0.66,1005.4,-99,0.0,-99,-99,-99,新北市,06,三峽區,057
24.940806,121.361500,三峽,C0AC60,2017-09-10T11:00:00+08:00,55.0,298,0.6,31.4,0.71,1005.2,-99,0.0,-99,-99,-99,新北市,06,三峽區,057
24.940806,121.361500,三峽,C0AC60,2017-09-10T12:00:00+08:00,55.0,337,1.1,31.2,0.75,1004.9,-99,0.0,-99,-99,-99,新北市,06,三峽區,057
24.940806,121.361500,三峽,C0AC60,2017-09-10T13:00:00+08:00,55.0,313,1.9,31.0,0.72,1004.7,-99,0.0,-99,-99,-99,新北市,06,三峽區,057
24.940806,121.361500,三峽,C0AC60,2017-09-10T14:00:00+08:00,55.0,309,1.0,32.0,0.67,1004.3,-99,0.0,-99,-99,-99,新北市,06,三峽區,057
24.940806,121.361500,三峽,C0AC60,2017-09-10T15:00:00+08:00,55.0,342,1.2,31.4,0.69,1004.0,-99,0.0,-99,-99,-99,新北市,06,三峽區,057
24.940806,121.361500,三峽,C0AC60,2017-09-10T16:00:00+08:00,55.0,334,0.5,31.6,0.65,1004.3,-99,0.0,-99,-99,-99,新北市,06,三峽區,057
24.940806,121.361500,三峽,C0AC60,2017-09-10T17:00:00+08:00,55.0,88,1.5,30.2,0.78,1004.5,-99,0.0,-99,-99,-99,新北市,06,三峽區,057
24.940806,121.361500,三峽,C0AC60,2017-09-10T18:00:00+08:00,55.0,91,1.3,29.7,0.81,1004.6,-99,0.0,-99,-99,-99,新北市,06,三峽區,057
24.940806,121.361500,三峽,C0AC60,2017-09-10T19:00:00+08:00,55.0,85,0.4,29.0,0.84,1004.8,-99,0.0,-99,-99,-99,新北市,06,三峽區,057
24.940806,121.361500,三峽,C0AC60,2017-09-10T20:00:00+08:00,55.0,91,0.7,28.7,0.82,1005.0,-99,0.0,-99,-99,-99,新北市,06,三峽區,057
24.940806,121.361500,三峽,C0AC60,2017-09-10T21:00:00+08:00,55.0,193,0.3,28.2,0.85,1005.6,-99,0.0,-99,-99,-99,新北市,06,三峽區,057
24.940806,121.361500,三峽,C0AC60,2017-09-10T22:00:00+08:00,55.0,207,0.8,27.1,0.91,1005.8,-99,0.0,-99,-99,-99,新北市,06,三峽區,057
24.940806,121.361500,三峽,C0AC60,2017-09-10T23:00:00+08:00,55.0,220,0.9,27.1,0.85,1005.5,-99,0.0,-99,-99,-99,新北市,06,三峽區,057
24.940806,121.361500,三峽,C0AC60,2017-09-11T00:00:00+08:00,55.0,186,0.7,26.5,0.86,1004.7,-99,0.0,-99,-99,-99,新北市,06,三峽區,057
24.940806,121.361500,三峽,C0AC60,2017-09-11T01:00:00+08:00,55.0,195,0.5,26.3,0.84,1004.2,-99,0.0,-99,-99,-99,新北市,06,三峽區,057
24.940806,121.361500,三峽,C0AC60,2017-09-11T02:00:00+08:00,55.0,0,0.1,25.9,0.86,1003.8,-99,0.0,-99,-99,-99,新北市,06,三峽區,057
24.940806,121.361500,三峽,C0AC60,2017-09-11T03:00:00+08:00,55.0,183,0.6,25.6,0.87,1003.5,-99,0.0,-99,-99,-99,新北市,06,三峽區,057
24.940806,121.361500,三峽,C0AC60,2017-09-11T04:00:00+08:00,55.0,0,0.2,25.5,0.89,1003.6,-99,0.0,-99,-99,-99,新北市,06,三峽區,057
24.940806,121.361500,三峽,C0AC60,2017-09-11T05:00:00+08:00,55.0,191,1.6,25.2,0.87,1003.6,-99,0.0,-99,-99,-99,新北市,06,三峽區,057
24.940806,121.361500,三峽,C0AC60,2017-09-11T06:00:00+08:00,55.0,179,0.5,24.7,0.9,1003.9,-99,0.0,-99,-99,-99,新北市,06,三峽區,057
24.940806,121.361500,三峽,C0AC60,2017-09-11T07:00:00+08:00,55.0,214,0.5,25.1,0.88,1004.1,-99,0.0,-99,-99,-99,新北市,06,三峽區,057
24.940806,121.361500,三峽,C0AC60,2017-09-11T08:00:00+08:00,55.0,0,0.0,28.0,0.75,1004.5,-99,0.0,-99,-99,-99,新北市,06,三峽區,057
24.940806,121.361500,三峽,C0AC60,2017-09-11T09:00:00+08:00,55.0,0,0.1,30.5,0.66,1004.7,-99,0.0,-99,-99,-99,新北市,06,三峽區,057
24.940806,121.361500,三峽,C0AC60,2017-09-11T10:00:00+08:00,55.0,247,1.0,31.0,0.62,1004.6,-99,0.0,-99,-99,-99,新北市,06,三峽區,057
24.940806,121.361500,三峽,C0AC60,2017-09-11T11:00:00+08:00,55.0,215,1.3,32.6,0.55,1004.3,-99,0.0,-99,-99,-99,新北市,06,三峽區,057
24.940806,121.361500,三峽,C0AC60,2017-09-11T12:00:00+08:00,55.0,241,1.4,33.7,0.54,1003.8,-99,0.0,-99,-99,-99,新北市,06,三峽區,057
24.940806,121.361500,三峽,C0AC60,2017-09-11T13:00:00+08:00,55.0,226,1.0,32.7,0.6,1003.1,-99,0.0,-99,-99,-99,新北市,06,三峽區,057
24.940806,121.361500,三峽,C0AC60,2017-09-11T14:00:00+08:00,55.0,306,1.5,34.1,0.54,1002.4,-99,0.0,-99,-99,-99,新北市,06,三峽區,057
24.940806,121.361500,三峽,C0AC60,2017-09-11T15:00:00+08:00,55.0,239,1.3,33.0,0.58,1002.3,-99,0.0,-99,-99,-99,新北市,06,三峽區,057
24.940806,121.361500,三峽,C0AC60,2017-09-11T16:00:00+08:00,55.0,310,0.8,33.2,0.53,1002.0,-99,0.0,-99,-99,-99,新北市,06,三峽區,057
24.940806,121.361500,三峽,C0AC60,2017-09-11T17:00:00+08:00,55.0,222,1.1,32.5,0.59,1002.1,-99,0.0,-99,-99,-99,新北市,06,三峽區,057
24.940806,121.361500,三峽,C0AC60,2017-09-11T18:00:00+08:00,55.0,0,0.0,31.7,0.64,1002.4,-99,0.0,-99,-99,-99,新北市,06,三峽區,057
24.940806,121.361500,三峽,C0AC60,2017-09-11T19:00:00+08:00,55.0,87,2.0,29.8,0.76,1003.0,-99,0.0,-99,-99,-99,新北市,06,三峽區,057
24.940806,121.361500,三峽,C0AC60,2017-09-11T20:00:00+08:00,55.0,88,1.8,28.7,0.78,1004.3,-99,0.0,-99,-99,-99,新北市,06,三峽區,057
24.940806,121.361500,三峽,C0AC60,2017-09-11T21:00:00+08:00,55.0,93,0.6,28.2,0.81,1004.8,-99,0.0,-99,-99,-99,新北市,06,三峽區,057
24.940806,121.361500,三峽,C0AC60,2017-09-11T22:00:00+08:00,55.0,175,1.1,28.0,0.83,1004.6,-99,0.0,-99,-99,-99,新北市,06,三峽區,057
24.940806,121.361500,三峽,C0AC60,2017-09-11T23:00:00+08:00,55.0,0,0.1,27.8,0.83,1004.4,-99,0.0,-99,-99,-99,新北市,06,三峽區,057
24.940806,121.361500,三峽,C0AC60,2017-09-12T00:00:00+08:00,55.0,161,1.4,27.4,0.84,1004.1,-99,0.0,-99,-99,-99,新北市,06,三峽區,057
24.940806,121.361500,三峽,C0AC60,2017-09-12T01:00:00+08:00,55.0,202,1.1,26.3,0.89,1004.0,-99,0.0,-99,-99,-99,新北市,06,三峽區,057
24.940806,121.361500,三峽,C0AC60,2017-09-12T02:00:00+08:00,55.0,194,0.3,25.8,0.91,1003.8,-99,0.0,-99,-99,-99,新北市,06,三峽區,057
24.940806,121.361500,三峽,C0AC60,2017-09-12T03:00:00+08:00,55.0,152,2.1,25.5,0.91,1003.8,-99,0.0,-99,-99,-99,新北市,06,三峽區,057
24.940806,121.361500,三峽,C0AC60,2017-09-12T04:00:00+08:00,55.0,176,0.6,25.4,0.89,1003.7,-99,0.0,-99,-99,-99,新北市,06,三峽區,057
24.940806,121.361500,三峽,C0AC60,2017-09-12T05:00:00+08:00,55.0,188,0.5,25.0,0.88,1003.6,-99,0.0,-99,-99,-99,新北市,06,三峽區,057
24.940806,121.361500,三峽,C0AC60,2017-09-12T06:00:00+08:00,55.0,163,1.4,24.5,0.91,1004.1,-99,0.0,-99,-99,-99,新北市,06,三峽區,057
24.940806,121.361500,三峽,C0AC60,2017-09-12T07:00:00+08:00,55.0,179,1.3,25.3,0.88,1004.5,-99,0.0,-99,-99,-99,新北市,06,三峽區,057
24.940806,121.361500,三峽,C0AC60,2017-09-12T08:00:00+08:00,55.0,172,0.3,28.3,0.75,1004.4,-99,0.0,-99,-99,-99,新北市,06,三峽區,057
24.940806,121.361500,三峽,C0AC60,2017-09-12T09:00:00+08:00,55.0,117,1.1,31.2,0.64,1004.4,-99,0.0,-99,-99,-99,新北市,06,三峽區,057
24.940806,121.361500,三峽,C0AC60,2017-09-12T10:00:00+08:00,55.0,89,2.5,33.5,0.52,1003.8,-99,0.0,7.7,93,2017-09-12T09:40:00+08:00,新北市,06,三峽區,057
24.940806,121.361500,三峽,C0AC60,2017-09-12T11:00:00+08:00,55.0,63,3.0,34.2,0.5,1003.4,-99,0.0,10.4,73,2017-09-12T10:54:00+08:00,新北市,06,三峽區,057
24.940806,121.361500,三峽,C0AC60,2017-09-12T12:00:00+08:00,55.0,81,3.4,35.0,0.49,1003.2,-99,0.0,11.5,87,2017-09-12T11:28:00+08:00,新北市,06,三峽區,057
24.940806,121.361500,三峽,C0AC60,2017-09-12T13:00:00+08:00,55.0,77,3.4,34.9,0.5,1002.5,-99,0.0,13.7,88,2017-09-12T12:24:00+08:00,新北市,06,三峽區,057
24.940806,121.361500,三峽,C0AC60,2017-09-12T14:00:00+08:00,55.0,78,4.5,33.9,0.62,1002.2,-99,0.0,10.4,77,2017-09-12T13:59:00+08:00,新北市,06,三峽區,057
24.940806,121.361500,三峽,C0AC60,2017-09-12T15:00:00+08:00,55.0,78,5.2,33.0,0.65,1002.2,-99,0.0,12.6,74,2017-09-12T14:25:00+08:00,新北市,06,三峽區,057
24.940806,121.361500,三峽,C0AC60,2017-09-12T16:00:00+08:00,55.0,87,3.4,32.8,0.63,1002.5,-99,0.0,12.6,73,2017-09-12T15:16:00+08:00,新北市,06,三峽區,057
24.940806,121.361500,三峽,C0AC60,2017-09-12T17:00:00+08:00,55.0,88,2.3,31.7,0.63,1002.9,-99,0.0,11.0,77,2017-09-12T16:17:00+08:00,新北市,06,三峽區,057
24.940806,121.361500,三峽,C0AC60,2017-09-12T18:00:00+08:00,55.0,89,1.4,30.7,0.66,1003.3,-99,0.0,8.8,84,2017-09-12T17:36:00+08:00,新北市,06,三峽區,057
24.940806,121.361500,三峽,C0AC60,2017-09-12T19:00:00+08:00,55.0,96,3.2,29.5,0.69,1004.1,-99,0.0,8.2,51,2017-09-12T18:48:00+08:00,新北市,06,三峽區,057
24.940806,121.361500,三峽,C0AC60,2017-09-12T20:00:00+08:00,55.0,95,1.9,29.1,0.7,1004.3,-99,0.0,-99,-99,-99,新北市,06,三峽區,057
24.940806,121.361500,三峽,C0AC60,2017-09-12T21:00:00+08:00,55.0,93,2.6,29.0,0.7,1005.0,-99,0.0,-99,-99,-99,新北市,06,三峽區,057
24.940806,121.361500,三峽,C0AC60,2017-09-12T22:00:00+08:00,55.0,89,2.0,29.2,0.67,1004.9,-99,0.0,-99,-99,-99,新北市,06,三峽區,057
24.940806,121.361500,三峽,C0AC60,2017-09-12T23:00:00+08:00,55.0,85,1.4,29.2,0.68,1004.8,-99,0.0,-99,-99,-99,新北市,06,三峽區,057
24.940806,121.361500,三峽,C0AC60,2017-09-13T00:00:00+08:00,55.0,78,2.8,29.1,0.71,1004.8,-99,0.0,-99,-99,-99,新北市,06,三峽區,057
24.940806,121.361500,三峽,C0AC60,2017-09-13T01:00:00+08:00,55.0,63,2.5,27.5,0.87,1004.1,-99,0.0,-99,-99,-99,新北市,06,三峽區,057
24.940806,121.361500,三峽,C0AC60,2017-09-13T02:00:00+08:00,55.0,36,0.6,27.3,0.9,1003.3,-99,0.0,-99,-99,-99,新北市,06,三峽區,057
24.940806,121.361500,三峽,C0AC60,2017-09-13T03:00:00+08:00,55.0,78,0.5,27.9,0.86,1002.7,-99,0.0,-99,-99,-99,新北市,06,三峽區,057
24.940806,121.361500,三峽,C0AC60,2017-09-13T04:00:00+08:00,55.0,53,0.7,26.9,0.94,1002.9,-99,0.0,-99,-99,-99,新北市,06,三峽區,057
24.940806,121.361500,三峽,C0AC60,2017-09-13T05:00:00+08:00,55.0,77,0.7,26.1,0.97,1003.7,-99,1.5,-99,-99,-99,新北市,06,三峽區,057
24.940806,121.361500,三峽,C0AC60,2017-09-13T06:00:00+08:00,55.0,0,0.0,26.6,0.97,1004.6,-99,1.5,-99,-99,-99,新北市,06,三峽區,057
24.940806,121.361500,三峽,C0AC60,2017-09-13T07:00:00+08:00,55.0,93,0.3,27.2,0.95,1005.0,-99,6.0,-99,-99,-99,新北市,06,三峽區,057
24.940806,121.361500,三峽,C0AC60,2017-09-13T08:00:00+08:00,55.0,82,0.3,27.2,0.95,1005.6,-99,8.5,-99,-99,-99,新北市,06,三峽區,057
24.940806,121.361500,三峽,C0AC60,2017-09-13T09:00:00+08:00,55.0,46,1.0,27.0,0.9,1005.9,-99,9.0,-99,-99,-99,新北市,06,三峽區,057
24.940806,121.361500,三峽,C0AC60,2017-09-13T10:00:00+08:00,55.0,6,1.3,27.3,0.88,1005.6,-99,9.0,-99,-99,-99,新北市,06,三峽區,057
24.940806,121.361500,三峽,C0AC60,2017-09-13T11:00:00+08:00,55.0,17,1.1,27.2,0.84,1005.7,-99,9.0,-99,-99,-99,新北市,06,三峽區,057
24.940806,121.361500,三峽,C0AC60,2017-09-13T12:00:00+08:00,55.0,0,0.1,26.4,0.9,1005.7,-99,9.0,-99,-99,-99,新北市,06,三峽區,057
24.940806,121.361500,三峽,C0AC60,2017-09-13T13:00:00+08:00,55.0,170,1.0,26.1,0.92,1005.2,-99,9.0,-99,-99,-99,新北市,06,三峽區,057
24.940806,121.361500,三峽,C0AC60,2017-09-13T14:00:00+08:00,55.0,0,0.0,26.1,0.92,1004.6,-99,9.0,-99,-99,-99,新北市,06,三峽區,057
24.940806,121.361500,三峽,C0AC60,2017-09-13T15:00:00+08:00,55.0,193,1.1,26.2,0.92,1004.0,-99,9.5,-99,-99,-99,新北市,06,三峽區,057
24.940806,121.361500,三峽,C0AC60,2017-09-13T16:00:00+08:00,55.0,353,1.3,27.1,0.84,1003.9,-99,9.5,-99,-99,-99,新北市,06,三峽區,057
24.940806,121.361500,三峽,C0AC60,2017-09-13T17:00:00+08:00,55.0,16,1.7,27.0,0.78,1004.1,-99,9.5,-99,-99,-99,新北市,06,三峽區,057
24.940806,121.361500,三峽,C0AC60,2017-09-13T18:00:00+08:00,55.0,0,0.0,26.7,0.8,1004.4,-99,9.5,-99,-99,-99,新北市,06,三峽區,057
24.940806,121.361500,三峽,C0AC60,2017-09-13T19:00:00+08:00,55.0,0,0.1,25.4,0.91,1004.9,-99,10.0,-99,-99,-99,新北市,06,三峽區,057
24.940806,121.361500,三峽,C0AC60,2017-09-13T20:00:00+08:00,55.0,185,0.9,24.9,0.95,1005.0,-99,10.5,-99,-99,-99,新北市,06,三峽區,057
24.940806,121.361500,三峽,C0AC60,2017-09-13T21:00:00+08:00,55.0,195,1.4,24.4,0.99,1005.5,-99,10.5,-99,-99,-99,新北市,06,三峽區,057
24.940806,121.361500,三峽,C0AC60,2017-09-13T22:00:00+08:00,55.0,208,1.5,24.4,0.97,1005.3,-99,11.0,-99,-99,-99,新北市,06,三峽區,057
24.940806,121.361500,三峽,C0AC60,2017-09-13T23:00:00+08:00,55.0,197,0.8,24.4,0.98,1004.7,-99,11.0,-99,-99,-99,新北市,06,三峽區,057
24.940806,121.361500,三峽,C0AC60,2017-09-14T00:00:00+08:00,55.0,218,1.4,24.4,0.98,1003.8,-99,11.5,-99,-99,-99,新北市,06,三峽區,057
24.940806,121.361500,三峽,C0AC60,2017-09-14T01:00:00+08:00,55.0,205,1.1,24.3,0.99,1003.6,-99,0.0,-99,-99,-99,新北市,06,三峽區,057
24.940806,121.361500,三峽,C0AC60,2017-09-14T02:00:00+08:00,55.0,200,1.9,24.1,0.98,1003.4,-99,2.0,-99,-99,-99,新北市,06,三峽區,057
24.940806,121.361500,三峽,C0AC60,2017-09-14T03:00:00+08:00,55.0,223,1.5,23.7,0.97,1003.1,-99,5.0,-99,-99,-99,新北市,06,三峽區,057
24.940806,121.361500,三峽,C0AC60,2017-09-14T04:00:00+08:00,55.0,226,2.0,23.5,0.96,1002.8,-99,5.5,-99,-99,-99,新北市,06,三峽區,057
24.940806,121.361500,三峽,C0AC60,2017-09-14T05:00:00+08:00,55.0,222,2.6,24.1,0.9,1002.8,-99,5.5,-99,-99,-99,新北市,06,三峽區,057
24.940806,121.361500,三峽,C0AC60,2017-09-14T06:00:00+08:00,55.0,222,2.8,23.5,0.94,1002.9,-99,6.0,-99,-99,-99,新北市,06,三峽區,057
24.940806,121.361500,三峽,C0AC60,2017-09-14T07:00:00+08:00,55.0,226,3.1,23.5,0.95,1003.2,-99,7.0,-99,-99,-99,新北市,06,三峽區,057
24.940806,121.361500,三峽,C0AC60,2017-09-14T08:00:00+08:00,55.0,229,1.7,24.0,0.92,1003.4,-99,7.0,-99,-99,-99,新北市,06,三峽區,057
24.940806,121.361500,三峽,C0AC60,2017-09-14T09:00:00+08:00,55.0,221,2.7,24.9,0.85,1003.6,-99,7.0,-99,-99,-99,新北市,06,三峽區,057
24.940806,121.361500,三峽,C0AC60,2017-09-14T10:00:00+08:00,55.0,226,1.5,25.2,0.84,1003.6,-99,7.0,-99,-99,-99,新北市,06,三峽區,057
24.940806,121.361500,三峽,C0AC60,2017-09-14T11:00:00+08:00,55.0,223,1.5,25.1,0.89,1003.9,-99,7.5,-99,-99,-99,新北市,06,三峽區,057
24.940806,121.361500,三峽,C0AC60,2017-09-14T12:00:00+08:00,55.0,228,2.5,25.8,0.89,1003.4,-99,7.5,-99,-99,-99,新北市,06,三峽區,057
24.940806,121.361500,三峽,C0AC60,2017-09-14T13:00:00+08:00,55.0,250,1.5,27.2,0.78,1002.6,-99,7.5,-99,-99,-99,新北市,06,三峽區,057
24.940806,121.361500,三峽,C0AC60,2017-09-14T14:00:00+08:00,55.0,278,1.0,28.4,0.73,1001.9,-99,7.5,-99,-99,-99,新北市,06,三峽區,057
24.940806,121.361500,三峽,C0AC60,2017-09-14T15:00:00+08:00,55.0,255,1.1,28.6,0.69,1001.0,-99,7.5,-99,-99,-99,新北市,06,三峽區,057
24.940806,121.361500,三峽,C0AC60,2017-09-14T16:00:00+08:00,55.0,308,0.6,28.8,0.67,1001.3,-99,7.5,-99,-99,-99,新北市,06,三峽區,057
24.940806,121.361500,三峽,C0AC60,2017-09-14T17:00:00+08:00,55.0,223,1.6,28.5,0.7,1001.5,-99,7.5,-99,-99,-99,新北市,06,三峽區,057
24.940806,121.361500,三峽,C0AC60,2017-09-14T18:00:00+08:00,55.0,230,2.8,28.2,0.68,1001.3,-99,7.5,-99,-99,-99,新北市,06,三峽區,057
24.940806,121.361500,三峽,C0AC60,2017-09-14T19:00:00+08:00,55.0,220,2.5,28.2,0.67,1001.7,-99,7.5,-99,-99,-99,新北市,06,三峽區,057
24.940806,121.361500,三峽,C0AC60,2017-09-14T20:00:00+08:00,55.0,204,2.2,26.8,0.76,1002.1,-99,7.5,-99,-99,-99,新北市,06,三峽區,057
24.940806,121.361500,三峽,C0AC60,2017-09-14T21:00:00+08:00,55.0,200,1.1,26.7,0.76,1002.5,-99,7.5,-99,-99,-99,新北市,06,三峽區,057
24.940806,121.361500,三峽,C0AC60,2017-09-14T22:00:00+08:00,55.0,201,1.2,27.1,0.73,1002.5,-99,7.5,-99,-99,-99,新北市,06,三峽區,057
24.940806,121.361500,三峽,C0AC60,2017-09-14T23:00:00+08:00,55.0,0,0.2,26.2,0.79,1002.5,-99,7.5,-99,-99,-99,新北市,06,三峽區,057
24.940806,121.361500,三峽,C0AC60,2017-09-15T00:00:00+08:00,55.0,0,0.2,26.1,0.8,1002.4,-99,7.5,-99,-99,-99,新北市,06,三峽區,057
24.940806,121.361500,三峽,C0AC60,2017-09-15T01:00:00+08:00,55.0,181,0.3,25.2,0.84,1001.9,-99,0.0,-99,-99,-99,新北市,06,三峽區,057
24.940806,121.361500,三峽,C0AC60,2017-09-15T02:00:00+08:00,55.0,189,0.5,25.3,0.82,1001.7,-99,0.0,-99,-99,-99,新北市,06,三峽區,057
24.940806,121.361500,三峽,C0AC60,2017-09-15T03:00:00+08:00,55.0,229,0.5,25.3,0.81,1001.5,-99,0.0,-99,-99,-99,新北市,06,三峽區,057
24.940806,121.361500,三峽,C0AC60,2017-09-15T04:00:00+08:00,55.0,314,1.1,25.1,0.86,1001.5,-99,0.0,-99,-99,-99,新北市,06,三峽區,057
24.940806,121.361500,三峽,C0AC60,2017-09-15T05:00:00+08:00,55.0,0,0.2,25.8,0.81,1002.0,-99,0.0,-99,-99,-99,新北市,06,三峽區,057
24.940806,121.361500,三峽,C0AC60,2017-09-15T06:00:00+08:00,55.0,0,0.1,25.9,0.8,1002.4,-99,0.0,-99,-99,-99,新北市,06,三峽區,057
24.940806,121.361500,三峽,C0AC60,2017-09-15T07:00:00+08:00,55.0,237,1.4,28.0,0.67,1003.0,-99,0.0,-99,-99,-99,新北市,06,三峽區,057
24.940806,121.361500,三峽,C0AC60,2017-09-15T08:00:00+08:00,55.0,229,2.2,28.2,0.66,1003.3,-99,0.0,-99,-99,-99,新北市,06,三峽區,057
24.940806,121.361500,三峽,C0AC60,2017-09-15T09:00:00+08:00,55.0,245,2.4,29.2,0.66,1003.4,-99,0.0,-99,-99,-99,新北市,06,三峽區,057
24.940806,121.361500,三峽,C0AC60,2017-09-15T10:00:00+08:00,55.0,241,2.1,30.1,0.65,1003.3,-99,0.0,-99,-99,-99,新北市,06,三峽區,057
24.940806,121.361500,三峽,C0AC60,2017-09-15T11:00:00+08:00,55.0,240,2.8,30.9,0.63,1002.8,-99,0.0,8.2,226,2017-09-15T10:58:00+08:00,新北市,06,三峽區,057
24.940806,121.361500,三峽,C0AC60,2017-09-15T12:00:00+08:00,55.0,280,1.9,31.6,0.59,1002.5,-99,0.0,-99,-99,-99,新北市,06,三峽區,057
24.940806,121.361500,三峽,C0AC60,2017-09-15T13:00:00+08:00,55.0,301,2.6,31.6,0.59,1002.1,-99,0.0,7.7,325,2017-09-15T12:12:00+08:00,新北市,06,三峽區,057
24.940806,121.361500,三峽,C0AC60,2017-09-15T14:00:00+08:00,55.0,282,1.4,31.3,0.58,1001.2,-99,0.0,-99,-99,-99,新北市,06,三峽區,057
24.940806,121.361500,三峽,C0AC60,2017-09-15T15:00:00+08:00,55.0,304,1.1,31.4,0.58,1000.8,-99,0.0,-99,-99,-99,新北市,06,三峽區,057
24.940806,121.361500,三峽,C0AC60,2017-09-15T16:00:00+08:00,55.0,281,1.3,32.0,0.52,1000.7,-99,0.0,-99,-99,-99,新北市,06,三峽區,057
24.940806,121.361500,三峽,C0AC60,2017-09-15T17:00:00+08:00,55.0,244,0.5,31.3,0.55,1001.1,-99,0.0,-99,-99,-99,新北市,06,三峽區,057
24.940806,121.361500,三峽,C0AC60,2017-09-15T18:00:00+08:00,55.0,229,0.9,30.8,0.57,1001.2,-99,0.0,-99,-99,-99,新北市,06,三峽區,057
24.940806,121.361500,三峽,C0AC60,2017-09-15T19:00:00+08:00,55.0,216,2.3,29.5,0.7,1001.3,-99,0.0,-99,-99,-99,新北市,06,三峽區,057
24.940806,121.361500,三峽,C0AC60,2017-09-15T20:00:00+08:00,55.0,209,1.0,28.4,0.72,1001.5,-99,0.0,-99,-99,-99,新北市,06,三峽區,057
24.940806,121.361500,三峽,C0AC60,2017-09-15T21:00:00+08:00,55.0,196,0.6,27.8,0.73,1002.2,-99,0.0,-99,-99,-99,新北市,06,三峽區,057
24.940806,121.361500,三峽,C0AC60,2017-09-15T22:00:00+08:00,55.0,193,1.5,27.5,0.72,1002.7,-99,0.0,-99,-99,-99,新北市,06,三峽區,057
24.940806,121.361500,三峽,C0AC60,2017-09-15T23:00:00+08:00,55.0,164,1.2,27.3,0.74,1003.1,-99,0.0,-99,-99,-99,新北市,06,三峽區,057
24.940806,121.361500,三峽,C0AC60,2017-09-16T00:00:00+08:00,55.0,289,0.5,27.8,0.8,1003.4,-99,0.0,-99,-99,-99,新北市,06,三峽區,057
24.940806,121.361500,三峽,C0AC60,2017-09-16T01:00:00+08:00,55.0,197,1.7,25.8,0.86,1003.6,-99,0.0,-99,-99,-99,新北市,06,三峽區,057
24.940806,121.361500,三峽,C0AC60,2017-09-16T02:00:00+08:00,55.0,216,1.2,26.8,0.83,1003.1,-99,0.0,-99,-99,-99,新北市,06,三峽區,057
24.940806,121.361500,三峽,C0AC60,2017-09-16T03:00:00+08:00,55.0,200,0.5,26.5,0.83,1002.5,-99,0.0,-99,-99,-99,新北市,06,三峽區,057
24.940806,121.361500,三峽,C0AC60,2017-09-16T04:00:00+08:00,55.0,0,0.0,26.3,0.82,1002.0,-99,0.0,-99,-99,-99,新北市,06,三峽區,057
24.940806,121.361500,三峽,C0AC60,2017-09-16T05:00:00+08:00,55.0,203,0.8,26.1,0.8,1002.1,-99,0.0,-99,-99,-99,新北市,06,三峽區,057
24.940806,121.361500,三峽,C0AC60,2017-09-16T06:00:00+08:00,55.0,201,0.3,25.6,0.82,1002.6,-99,0.0,-99,-99,-99,新北市,06,三峽區,057
24.940806,121.361500,三峽,C0AC60,2017-09-16T07:00:00+08:00,55.0,175,0.6,26.2,0.8,1003.1,-99,0.0,-99,-99,-99,新北市,06,三峽區,057
24.940806,121.361500,三峽,C0AC60,2017-09-16T08:00:00+08:00,55.0,329,0.9,28.2,0.71,1003.9,-99,0.0,-99,-99,-99,新北市,06,三峽區,057
24.940806,121.361500,三峽,C0AC60,2017-09-16T09:00:00+08:00,55.0,235,2.0,29.7,0.64,1004.0,-99,0.0,-99,-99,-99,新北市,06,三峽區,057
24.940806,121.361500,三峽,C0AC60,2017-09-16T10:00:00+08:00,55.0,241,2.1,30.1,0.67,1003.9,-99,0.0,-99,-99,-99,新北市,06,三峽區,057
24.940806,121.361500,三峽,C0AC60,2017-09-16T11:00:00+08:00,55.0,289,1.5,31.1,0.61,1003.2,-99,0.0,-99,-99,-99,新北市,06,三峽區,057
24.940806,121.361500,三峽,C0AC60,2017-09-16T12:00:00+08:00,55.0,331,1.5,32.4,0.47,1002.2,-99,0.0,-99,-99,-99,新北市,06,三峽區,057
24.940806,121.361500,三峽,C0AC60,2017-09-16T13:00:00+08:00,55.0,353,0.9,33.1,0.47,1001.5,-99,0.0,6.0,345,2017-09-16T12:52:00+08:00,新北市,06,三峽區,057
24.940806,121.361500,三峽,C0AC60,2017-09-16T14:00:00+08:00,55.0,336,1.6,32.9,0.53,1000.7,-99,0.0,-99,-99,-99,新北市,06,三峽區,057
24.940806,121.361500,三峽,C0AC60,2017-09-16T15:00:00+08:00,55.0,335,1.0,32.9,0.55,1000.4,-99,0.0,5.5,341,2017-09-16T14:41:00+08:00,新北市,06,三峽區,057
24.940806,121.361500,三峽,C0AC60,2017-09-16T16:00:00+08:00,55.0,355,0.3,33.3,0.46,1000.4,-99,0.0,-99,-99,-99,新北市,06,三峽區,057
24.940806,121.361500,三峽,C0AC60,2017-09-16T17:00:00+08:00,55.0,350,0.8,31.9,0.5,1000.9,-99,0.0,-99,-99,-99,新北市,06,三峽區,057
24.940806,121.361500,三峽,C0AC60,2017-09-16T18:00:00+08:00,55.0,46,0.5,30.4,0.55,1001.5,-99,0.0,-99,-99,-99,新北市,06,三峽區,057
24.940806,121.361500,三峽,C0AC60,2017-09-16T19:00:00+08:00,55.0,87,1.6,28.2,0.69,1002.1,-99,0.0,-99,-99,-99,新北市,06,三峽區,057
24.940806,121.361500,三峽,C0AC60,2017-09-16T20:00:00+08:00,55.0,86,1.2,27.3,0.72,1002.7,-99,0.0,-99,-99,-99,新北市,06,三峽區,057
24.940806,121.361500,三峽,C0AC60,2017-09-16T21:00:00+08:00,55.0,0,0.1,26.6,0.76,1003.0,-99,0.0,-99,-99,-99,新北市,06,三峽區,057
24.940806,121.361500,三峽,C0AC60,2017-09-16T22:00:00+08:00,55.0,165,2.8,25.5,0.81,1003.4,-99,0.0,-99,-99,-99,新北市,06,三峽區,057
24.940806,121.361500,三峽,C0AC60,2017-09-16T23:00:00+08:00,55.0,158,2.7,25.0,0.82,1003.1,-99,0.0,-99,-99,-99,新北市,06,三峽區,057
24.940806,121.361500,三峽,C0AC60,2017-09-17T00:00:00+08:00,55.0,155,0.6,24.8,0.83,1003.0,-99,0.0,-99,-99,-99,新北市,06,三峽區,057
24.940806,121.361500,三峽,C0AC60,2017-09-17T01:00:00+08:00,55.0,153,1.0,24.5,0.83,1002.9,-99,0.0,-99,-99,-99,新北市,06,三峽區,057
24.940806,121.361500,三峽,C0AC60,2017-09-17T02:00:00+08:00,55.0,166,0.9,23.7,0.87,1002.9,-99,0.0,-99,-99,-99,新北市,06,三峽區,057
24.940806,121.361500,三峽,C0AC60,2017-09-17T03:00:00+08:00,55.0,0,0.1,23.6,0.87,1002.7,-99,0.0,-99,-99,-99,新北市,06,三峽區,057
24.940806,121.361500,三峽,C0AC60,2017-09-17T04:00:00+08:00,55.0,163,2.2,23.0,0.89,1002.5,-99,0.0,-99,-99,-99,新北市,06,三峽區,057
24.940806,121.361500,三峽,C0AC60,2017-09-17T05:00:00+08:00,55.0,167,0.8,23.2,0.87,1002.8,-99,0.0,-99,-99,-99,新北市,06,三峽區,057
24.940806,121.361500,三峽,C0AC60,2017-09-17T06:00:00+08:00,55.0,146,0.6,23.0,0.87,1003.2,-99,0.0,-99,-99,-99,新北市,06,三峽區,057
24.940806,121.361500,三峽,C0AC60,2017-09-17T07:00:00+08:00,55.0,140,0.6,24.1,0.83,1003.9,-99,0.0,-99,-99,-99,新北市,06,三峽區,057
24.940806,121.361500,三峽,C0AC60,2017-09-17T08:00:00+08:00,55.0,94,1.4,27.5,0.69,1004.5,-99,0.0,-99,-99,-99,新北市,06,三峽區,057
24.940806,121.361500,三峽,C0AC60,2017-09-17T09:00:00+08:00,55.0,93,1.8,28.5,0.64,1004.8,-99,0.0,-99,-99,-99,新北市,06,三峽區,057
24.940806,121.361500,三峽,C0AC60,2017-09-17T10:00:00+08:00,55.0,76,1.5,30.0,0.58,1004.9,-99,0.0,-99,-99,-99,新北市,06,三峽區,057
24.940806,121.361500,三峽,C0AC60,2017-09-17T11:00:00+08:00,55.0,97,1.3,30.8,0.51,1004.4,-99,0.0,-99,-99,-99,新北市,06,三峽區,057
24.940806,121.361500,三峽,C0AC60,2017-09-17T12:00:00+08:00,55.0,76,1.5,32.3,0.47,1003.4,-99,0.0,-99,-99,-99,新北市,06,三峽區,057
24.940806,121.361500,三峽,C0AC60,2017-09-17T13:00:00+08:00,55.0,90,1.5,33.1,0.46,1002.5,-99,0.0,-99,-99,-99,新北市,06,三峽區,057
24.940806,121.361500,三峽,C0AC60,2017-09-17T14:00:00+08:00,55.0,88,1.0,33.8,0.46,1001.8,-99,0.0,-99,-99,-99,新北市,06,三峽區,057
24.940806,121.361500,三峽,C0AC60,2017-09-17T15:00:00+08:00,55.0,98,1.3,33.1,0.48,1001.7,-99,0.0,-99,-99,-99,新北市,06,三峽區,057
24.940806,121.361500,三峽,C0AC60,2017-09-17T16:00:00+08:00,55.0,85,1.9,31.6,0.52,1002.3,-99,0.0,-99,-99,-99,新北市,06,三峽區,057
24.940806,121.361500,三峽,C0AC60,2017-09-17T17:00:00+08:00,55.0,93,1.3,30.1,0.57,1002.9,-99,0.0,-99,-99,-99,新北市,06,三峽區,057
24.940806,121.361500,三峽,C0AC60,2017-09-17T18:00:00+08:00,55.0,78,1.6,28.3,0.63,1003.4,-99,0.0,-99,-99,-99,新北市,06,三峽區,057
24.940806,121.361500,三峽,C0AC60,2017-09-17T19:00:00+08:00,55.0,80,2.4,27.1,0.67,1003.8,-99,0.0,7.7,88,2017-09-17T18:52:00+08:00,新北市,06,三峽區,057
24.940806,121.361500,三峽,C0AC60,2017-09-17T20:00:00+08:00,55.0,82,2.5,26.6,0.7,1004.7,-99,0.0,-99,-99,-99,新北市,06,三峽區,057
24.940806,121.361500,三峽,C0AC60,2017-09-17T21:00:00+08:00,55.0,93,1.7,26.1,0.73,1005.2,-99,0.0,-99,-99,-99,新北市,06,三峽區,057
24.940806,121.361500,三峽,C0AC60,2017-09-17T22:00:00+08:00,55.0,92,1.3,25.6,0.75,1005.5,-99,0.0,-99,-99,-99,新北市,06,三峽區,057
24.940806,121.361500,三峽,C0AC60,2017-09-17T23:00:00+08:00,55.0,90,1.2,24.7,0.81,1005.3,-99,0.0,-99,-99,-99,新北市,06,三峽區,057
24.940806,121.361500,三峽,C0AC60,2017-09-18T00:00:00+08:00,55.0,85,1.2,24.2,0.84,1004.9,-99,0.0,-99,-99,-99,新北市,06,三峽區,057
24.940806,121.361500,三峽,C0AC60,2017-09-18T01:00:00+08:00,55.0,88,1.8,23.5,0.87,1004.7,-99,0.0,-99,-99,-99,新北市,06,三峽區,057
24.940806,121.361500,三峽,C0AC60,2017-09-18T02:00:00+08:00,55.0,88,1.7,23.2,0.85,1004.5,-99,0.0,-99,-99,-99,新北市,06,三峽區,057
24.940806,121.361500,三峽,C0AC60,2017-09-18T03:00:00+08:00,55.0,92,1.5,22.7,0.84,1004.4,-99,0.0,-99,-99,-99,新北市,06,三峽區,057
24.940806,121.361500,三峽,C0AC60,2017-09-18T04:00:00+08:00,55.0,101,1.2,22.4,0.82,1004.6,-99,0.0,-99,-99,-99,新北市,06,三峽區,057
24.940806,121.361500,三峽,C0AC60,2017-09-18T05:00:00+08:00,55.0,103,0.9,23.0,0.71,1004.7,-99,0.0,-99,-99,-99,新北市,06,三峽區,057
24.940806,121.361500,三峽,C0AC60,2017-09-18T06:00:00+08:00,55.0,94,1.3,23.7,0.63,1005.3,-99,0.0,-99,-99,-99,新北市,06,三峽區,057
24.940806,121.361500,三峽,C0AC60,2017-09-18T07:00:00+08:00,55.0,76,2.4,25.1,0.54,1005.8,-99,0.0,-99,-99,-99,新北市,06,三峽區,057
24.940806,121.361500,三峽,C0AC60,2017-09-18T08:00:00+08:00,55.0,89,1.7,26.5,0.59,1006.3,-99,0.0,-99,-99,-99,新北市,06,三峽區,057
24.940806,121.361500,三峽,C0AC60,2017-09-18T09:00:00+08:00,55.0,86,2.0,27.5,0.6,1006.4,-99,0.0,8.8,90,2017-09-18T08:14:00+08:00,新北市,06,三峽區,057
24.940806,121.361500,三峽,C0AC60,2017-09-18T10:00:00+08:00,55.0,77,3.4,28.5,0.56,1006.1,-99,0.0,10.4,65,2017-09-18T09:54:00+08:00,新北市,06,三峽區,057
24.940806,121.361500,三峽,C0AC60,2017-09-18T11:00:00+08:00,55.0,68,2.6,30.0,0.52,1005.5,-99,0.0,8.8,43,2017-09-18T10:42:00+08:00,新北市,06,三峽區,057
24.940806,121.361500,三峽,C0AC60,2017-09-18T12:00:00+08:00,55.0,79,2.3,31.2,0.5,1004.5,-99,0.0,9.9,66,2017-09-18T11:42:00+08:00,新北市,06,三峽區,057
24.940806,121.361500,三峽,C0AC60,2017-09-18T13:00:00+08:00,55.0,77,2.7,32.2,0.48,1003.5,-99,0.0,9.3,51,2017-09-18T12:19:00+08:00,新北市,06,三峽區,057
24.940806,121.361500,三峽,C0AC60,2017-09-18T14:00:00+08:00,55.0,78,3.0,32.5,0.48,1002.9,-99,0.0,8.8,81,2017-09-18T13:59:00+08:00,新北市,06,三峽區,057
24.940806,121.361500,三峽,C0AC60,2017-09-18T15:00:00+08:00,55.0,83,2.5,32.4,0.48,1002.6,-99,0.0,8.8,62,2017-09-18T14:14:00+08:00,新北市,06,三峽區,057
24.940806,121.361500,三峽,C0AC60,2017-09-18T16:00:00+08:00,55.0,86,2.1,31.7,0.49,1002.8,-99,0.0,8.2,84,2017-09-18T15:28:00+08:00,新北市,06,三峽區,057
24.940806,121.361500,三峽,C0AC60,2017-09-18T17:00:00+08:00,55.0,77,3.0,30.3,0.55,1002.9,-99,0.0,9.9,85,2017-09-18T16:27:00+08:00,新北市,06,三峽區,057
24.940806,121.361500,三峽,C0AC60,2017-09-18T18:00:00+08:00,55.0,81,3.1,28.4,0.61,1003.2,-99,0.0,-99,-99,-99,新北市,06,三峽區,057
24.940806,121.361500,三峽,C0AC60,2017-09-18T19:00:00+08:00,55.0,87,2.4,27.3,0.65,1003.5,-99,0.0,8.8,70,2017-09-18T18:20:00+08:00,新北市,06,三峽區,057
24.940806,121.361500,三峽,C0AC60,2017-09-18T20:00:00+08:00,55.0,82,2.1,26.7,0.68,1004.0,-99,0.0,8.2,74,2017-09-18T19:05:00+08:00,新北市,06,三峽區,057
24.940806,121.361500,三峽,C0AC60,2017-09-18T21:00:00+08:00,55.0,86,1.4,26.5,0.69,1004.6,-99,0.0,7.1,98,2017-09-18T20:01:00+08:00,新北市,06,三峽區,057
24.940806,121.361500,三峽,C0AC60,2017-09-18T22:00:00+08:00,55.0,125,0.5,25.9,0.73,1004.5,-99,0.0,-99,-99,-99,新北市,06,三峽區,057
24.940806,121.361500,三峽,C0AC60,2017-09-18T23:00:00+08:00,55.0,158,0.9,25.0,0.81,1004.5,-99,0.0,-99,-99,-99,新北市,06,三峽區,057
24.940806,121.361500,三峽,C0AC60,2017-09-19T00:00:00+08:00,55.0,161,1.5,24.4,0.85,1004.4,-99,0.0,-99,-99,-99,新北市,06,三峽區,057
24.940806,121.361500,三峽,C0AC60,2017-09-19T01:00:00+08:00,55.0,160,1.4,24.3,0.85,1004.2,-99,0.0,-99,-99,-99,新北市,06,三峽區,057
24.940806,121.361500,三峽,C0AC60,2017-09-19T02:00:00+08:00,55.0,169,1.8,23.7,0.87,1004.1,-99,0.0,-99,-99,-99,新北市,06,三峽區,057
24.940806,121.361500,三峽,C0AC60,2017-09-19T03:00:00+08:00,55.0,154,0.7,23.5,0.87,1003.9,-99,0.0,-99,-99,-99,新北市,06,三峽區,057
24.940806,121.361500,三峽,C0AC60,2017-09-19T04:00:00+08:00,55.0,159,0.7,23.5,0.86,1004.0,-99,0.0,-99,-99,-99,新北市,06,三峽區,057
24.940806,121.361500,三峽,C0AC60,2017-09-19T05:00:00+08:00,55.0,207,1.1,23.5,0.85,1004.5,-99,0.0,-99,-99,-99,新北市,06,三峽區,057
24.940806,121.361500,三峽,C0AC60,2017-09-19T06:00:00+08:00,55.0,150,1.5,23.2,0.87,1005.0,-99,0.0,-99,-99,-99,新北市,06,三峽區,057
24.940806,121.361500,三峽,C0AC60,2017-09-19T07:00:00+08:00,55.0,155,2.1,23.8,0.85,1005.7,-99,0.0,-99,-99,-99,新北市,06,三峽區,057
24.940806,121.361500,三峽,C0AC60,2017-09-19T08:00:00+08:00,55.0,0,0.0,26.7,0.72,1005.9,-99,0.0,-99,-99,-99,新北市,06,三峽區,057
24.940806,121.361500,三峽,C0AC60,2017-09-19T09:00:00+08:00,55.0,134,0.5,29.7,0.65,1005.9,-99,0.0,-99,-99,-99,新北市,06,三峽區,057
24.940806,121.361500,三峽,C0AC60,2017-09-19T10:00:00+08:00,55.0,329,0.8,30.4,0.62,1005.5,-99,0.0,-99,-99,-99,新北市,06,三峽區,057
24.940806,121.361500,三峽,C0AC60,2017-09-19T11:00:00+08:00,55.0,47,0.7,32.0,0.56,1004.9,-99,0.0,-99,-99,-99,新北市,06,三峽區,057
24.940806,121.361500,三峽,C0AC60,2017-09-19T12:00:00+08:00,55.0,63,1.6,33.2,0.55,1004.0,-99,0.0,-99,-99,-99,新北市,06,三峽區,057
24.940806,121.361500,三峽,C0AC60,2017-09-19T13:00:00+08:00,55.0,21,0.8,33.7,0.54,1003.1,-99,0.0,-99,-99,-99,新北市,06,三峽區,057
24.940806,121.361500,三峽,C0AC60,2017-09-19T14:00:00+08:00,55.0,341,1.4,33.6,0.58,1002.5,-99,0.0,-99,-99,-99,新北市,06,三峽區,057
24.940806,121.361500,三峽,C0AC60,2017-09-19T15:00:00+08:00,55.0,313,2.1,33.1,0.58,1002.4,-99,0.0,-99,-99,-99,新北市,06,三峽區,057
24.940806,121.361500,三峽,C0AC60,2017-09-19T16:00:00+08:00,55.0,347,1.6,32.2,0.59,1002.7,-99,0.0,-99,-99,-99,新北市,06,三峽區,057
24.940806,121.361500,三峽,C0AC60,2017-09-19T17:00:00+08:00,55.0,309,0.9,31.7,0.61,1003.3,-99,0.0,-99,-99,-99,新北市,06,三峽區,057
24.940806,121.361500,三峽,C0AC60,2017-09-19T18:00:00+08:00,55.0,203,0.6,30.6,0.66,1003.6,-99,0.0,-99,-99,-99,新北市,06,三峽區,057
24.940806,121.361500,三峽,C0AC60,2017-09-19T19:00:00+08:00,55.0,200,1.2,29.1,0.74,1004.1,-99,0.0,-99,-99,-99,新北市,06,三峽區,057
24.940806,121.361500,三峽,C0AC60,2017-09-19T20:00:00+08:00,55.0,159,1.4,28.6,0.75,1004.9,-99,0.0,-99,-99,-99,新北市,06,三峽區,057
24.940806,121.361500,三峽,C0AC60,2017-09-19T21:00:00+08:00,55.0,164,1.2,28.2,0.76,1005.3,-99,0.0,-99,-99,-99,新北市,06,三峽區,057
24.940806,121.361500,三峽,C0AC60,2017-09-19T22:00:00+08:00,55.0,208,0.6,27.2,0.83,1005.3,-99,0.0,-99,-99,-99,新北市,06,三峽區,057
24.940806,121.361500,三峽,C0AC60,2017-09-19T23:00:00+08:00,55.0,208,0.6,26.7,0.86,1005.1,-99,0.0,-99,-99,-99,新北市,06,三峽區,057
24.940806,121.361500,三峽,C0AC60,2017-09-20T00:00:00+08:00,55.0,173,0.8,26.5,0.86,1004.5,-99,0.0,-99,-99,-99,新北市,06,三峽區,057
24.940806,121.361500,三峽,C0AC60,2017-09-20T01:00:00+08:00,55.0,186,0.4,26.2,0.86,1003.9,-99,0.0,-99,-99,-99,新北市,06,三峽區,057
24.940806,121.361500,三峽,C0AC60,2017-09-20T02:00:00+08:00,55.0,214,1.3,25.7,0.86,1003.6,-99,0.0,-99,-99,-99,新北市,06,三峽區,057
24.940806,121.361500,三峽,C0AC60,2017-09-20T03:00:00+08:00,55.0,207,1.1,25.3,0.88,1003.1,-99,0.0,-99,-99,-99,新北市,06,三峽區,057
24.940806,121.361500,三峽,C0AC60,2017-09-20T04:00:00+08:00,55.0,200,0.8,25.5,0.86,1003.5,-99,0.0,-99,-99,-99,新北市,06,三峽區,057
24.940806,121.361500,三峽,C0AC60,2017-09-20T05:00:00+08:00,55.0,190,0.3,24.8,0.9,1003.8,-99,0.0,-99,-99,-99,新北市,06,三峽區,057
24.940806,121.361500,三峽,C0AC60,2017-09-20T06:00:00+08:00,55.0,0,0.1,24.8,0.88,1003.9,-99,0.0,-99,-99,-99,新北市,06,三峽區,057
24.940806,121.361500,三峽,C0AC60,2017-09-20T07:00:00+08:00,55.0,183,0.3,25.6,0.86,1004.2,-99,0.0,-99,-99,-99,新北市,06,三峽區,057
24.940806,121.361500,三峽,C0AC60,2017-09-20T08:00:00+08:00,55.0,0,0.2,27.8,0.75,1004.5,-99,0.0,-99,-99,-99,新北市,06,三峽區,057
24.940806,121.361500,三峽,C0AC60,2017-09-20T09:00:00+08:00,55.0,344,1.2,29.8,0.69,1005.0,-99,0.0,-99,-99,-99,新北市,06,三峽區,057
24.940806,121.361500,三峽,C0AC60,2017-09-20T10:00:00+08:00,55.0,243,1.4,31.3,0.61,1004.6,-99,0.0,-99,-99,-99,新北市,06,三峽區,057
24.940806,121.361500,三峽,C0AC60,2017-09-20T11:00:00+08:00,55.0,247,1.4,32.6,0.53,1004.0,-99,0.0,-99,-99,-99,新北市,06,三峽區,057
24.940806,121.361500,三峽,C0AC60,2017-09-20T12:00:00+08:00,55.0,256,1.0,34.4,0.38,1003.4,-99,0.0,-99,-99,-99,新北市,06,三峽區,057
24.940806,121.361500,三峽,C0AC60,2017-09-20T13:00:00+08:00,55.0,276,1.2,35.1,0.37,1002.4,-99,0.0,-99,-99,-99,新北市,06,三峽區,057
24.940806,121.361500,三峽,C0AC60,2017-09-20T14:00:00+08:00,55.0,334,2.1,33.5,0.56,1002.2,-99,0.0,-99,-99,-99,新北市,06,三峽區,057
24.940806,121.361500,三峽,C0AC60,2017-09-20T15:00:00+08:00,55.0,339,1.5,33.2,0.57,1001.9,-99,0.0,-99,-99,-99,新北市,06,三峽區,057
24.940806,121.361500,三峽,C0AC60,2017-09-20T16:00:00+08:00,55.0,327,0.7,33.6,0.55,1001.8,-99,0.0,-99,-99,-99,新北市,06,三峽區,057
24.940806,121.361500,三峽,C0AC60,2017-09-20T17:00:00+08:00,55.0,353,0.3,33.4,0.47,1001.9,-99,0.0,-99,-99,-99,新北市,06,三峽區,057
24.940806,121.361500,三峽,C0AC60,2017-09-20T18:00:00+08:00,55.0,345,0.6,31.7,0.48,1002.2,-99,0.0,-99,-99,-99,新北市,06,三峽區,057
24.940806,121.361500,三峽,C0AC60,2017-09-20T19:00:00+08:00,55.0,0,0.2,30.1,0.62,1002.9,-99,0.0,-99,-99,-99,新北市,06,三峽區,057
24.940806,121.361500,三峽,C0AC60,2017-09-20T20:00:00+08:00,55.0,169,1.5,28.8,0.72,1003.7,-99,0.0,-99,-99,-99,新北市,06,三峽區,057
24.940806,121.361500,三峽,C0AC60,2017-09-20T21:00:00+08:00,55.0,214,1.0,28.1,0.76,1004.1,-99,0.0,-99,-99,-99,新北市,06,三峽區,057
24.940806,121.361500,三峽,C0AC60,2017-09-20T22:00:00+08:00,55.0,157,0.5,28.1,0.76,1003.5,-99,0.0,-99,-99,-99,新北市,06,三峽區,057
24.940806,121.361500,三峽,C0AC60,2017-09-20T23:00:00+08:00,55.0,180,0.6,27.9,0.8,1003.6,-99,0.0,-99,-99,-99,新北市,06,三峽區,057
24.940806,121.361500,三峽,C0AC60,2017-09-21T00:00:00+08:00,55.0,158,1.5,27.7,0.8,1003.4,-99,0.0,-99,-99,-99,新北市,06,三峽區,057
24.940806,121.361500,三峽,C0AC60,2017-09-21T01:00:00+08:00,55.0,186,1.1,27.2,0.82,1003.0,-99,0.0,-99,-99,-99,新北市,06,三峽區,057
24.940806,121.361500,三峽,C0AC60,2017-09-21T02:00:00+08:00,55.0,187,1.7,27.4,0.81,1002.7,-99,0.0,-99,-99,-99,新北市,06,三峽區,057
24.940806,121.361500,三峽,C0AC60,2017-09-21T03:00:00+08:00,55.0,202,1.3,26.4,0.83,1002.2,-99,0.0,-99,-99,-99,新北市,06,三峽區,057
24.940806,121.361500,三峽,C0AC60,2017-09-21T04:00:00+08:00,55.0,211,0.7,26.1,0.83,1002.1,-99,0.0,-99,-99,-99,新北市,06,三峽區,057
24.940806,121.361500,三峽,C0AC60,2017-09-21T05:00:00+08:00,55.0,189,0.4,25.9,0.84,1002.6,-99,0.0,-99,-99,-99,新北市,06,三峽區,057
24.940806,121.361500,三峽,C0AC60,2017-09-21T06:00:00+08:00,55.0,204,0.7,25.7,0.87,1003.0,-99,0.0,-99,-99,-99,新北市,06,三峽區,057
24.940806,121.361500,三峽,C0AC60,2017-09-21T07:00:00+08:00,55.0,196,0.7,26.2,0.83,1003.5,-99,0.0,-99,-99,-99,新北市,06,三峽區,057
24.940806,121.361500,三峽,C0AC60,2017-09-21T08:00:00+08:00,55.0,0,0.1,28.5,0.74,1003.6,-99,0.0,-99,-99,-99,新北市,06,三峽區,057
24.940806,121.361500,三峽,C0AC60,2017-09-21T09:00:00+08:00,55.0,188,1.6,29.8,0.69,1003.4,-99,0.0,-99,-99,-99,新北市,06,三峽區,057
24.940806,121.361500,三峽,C0AC60,2017-09-21T10:00:00+08:00,55.0,227,0.9,31.0,0.66,1003.5,-99,0.0,-99,-99,-99,新北市,06,三峽區,057
24.940806,121.361500,三峽,C0AC60,2017-09-21T11:00:00+08:00,55.0,302,1.0,32.4,0.64,1003.0,-99,0.0,-99,-99,-99,新北市,06,三峽區,057
24.940806,121.361500,三峽,C0AC60,2017-09-21T12:00:00+08:00,55.0,315,1.4,33.5,0.58,1002.5,-99,0.0,-99,-99,-99,新北市,06,三峽區,057
24.940806,121.361500,三峽,C0AC60,2017-09-21T13:00:00+08:00,55.0,2,1.9,33.5,0.58,1001.9,-99,0.0,-99,-99,-99,新北市,06,三峽區,057
24.940806,121.361500,三峽,C0AC60,2017-09-21T14:00:00+08:00,55.0,323,1.1,34.7,0.53,1001.3,-99,0.0,-99,-99,-99,新北市,06,三峽區,057
24.940806,121.361500,三峽,C0AC60,2017-09-21T15:00:00+08:00,55.0,309,1.0,34.5,0.5,1001.0,-99,0.0,-99,-99,-99,新北市,06,三峽區,057
24.940806,121.361500,三峽,C0AC60,2017-09-21T16:00:00+08:00,55.0,347,1.2,34.7,0.49,1001.0,-99,0.0,-99,-99,-99,新北市,06,三峽區,057
24.940806,121.361500,三峽,C0AC60,2017-09-21T17:00:00+08:00,55.0,347,0.4,34.2,0.54,1001.3,-99,0.0,-99,-99,-99,新北市,06,三峽區,057
24.940806,121.361500,三峽,C0AC60,2017-09-21T18:00:00+08:00,55.0,0,0.1,32.6,0.56,1001.7,-99,0.0,-99,-99,-99,新北市,06,三峽區,057
24.940806,121.361500,三峽,C0AC60,2017-09-21T19:00:00+08:00,55.0,0,0.2,31.6,0.63,1002.0,-99,0.0,-99,-99,-99,新北市,06,三峽區,057
24.940806,121.361500,三峽,C0AC60,2017-09-21T20:00:00+08:00,55.0,201,0.7,29.7,0.76,1003.1,-99,0.0,-99,-99,-99,新北市,06,三峽區,057
24.940806,121.361500,三峽,C0AC60,2017-09-21T21:00:00+08:00,55.0,216,1.0,28.4,0.82,1003.6,-99,0.0,-99,-99,-99,新北市,06,三峽區,057
24.940806,121.361500,三峽,C0AC60,2017-09-21T22:00:00+08:00,55.0,208,0.9,28.1,0.83,1004.1,-99,0.0,-99,-99,-99,新北市,06,三峽區,057
24.940806,121.361500,三峽,C0AC60,2017-09-21T23:00:00+08:00,55.0,210,1.1,27.7,0.84,1003.9,-99,0.0,-99,-99,-99,新北市,06,三峽區,057
24.940806,121.361500,三峽,C0AC60,2017-09-22T00:00:00+08:00,55.0,209,1.0,27.7,0.84,1004.0,-99,0.0,-99,-99,-99,新北市,06,三峽區,057
24.940806,121.361500,三峽,C0AC60,2017-09-22T01:00:00+08:00,55.0,190,0.4,27.0,0.87,1004.1,-99,0.0,-99,-99,-99,新北市,06,三峽區,057
24.940806,121.361500,三峽,C0AC60,2017-09-22T02:00:00+08:00,55.0,208,1.7,26.5,0.89,1004.1,-99,0.0,-99,-99,-99,新北市,06,三峽區,057
24.940806,121.361500,三峽,C0AC60,2017-09-22T03:00:00+08:00,55.0,0,0.2,26.6,0.85,1004.1,-99,0.0,-99,-99,-99,新北市,06,三峽區,057
24.940806,121.361500,三峽,C0AC60,2017-09-22T04:00:00+08:00,55.0,209,0.6,26.2,0.87,1004.0,-99,0.0,-99,-99,-99,新北市,06,三峽區,057
24.940806,121.361500,三峽,C0AC60,2017-09-22T05:00:00+08:00,55.0,183,0.9,26.0,0.88,1004.1,-99,0.0,-99,-99,-99,新北市,06,三峽區,057
24.940806,121.361500,三峽,C0AC60,2017-09-22T06:00:00+08:00,55.0,-99,-99,-99,-99,-99,-99,0.0,-99,-99,-99,新北市,06,三峽區,057
24.940806,121.361500,三峽,C0AC60,2017-09-22T07:00:00+08:00,55.0,198,1.0,26.8,0.81,1005.1,-99,0.0,-99,-99,-99,新北市,06,三峽區,057
24.940806,121.361500,三峽,C0AC60,2017-09-22T08:00:00+08:00,55.0,0,0.2,28.9,0.72,1005.4,-99,0.0,-99,-99,-99,新北市,06,三峽區,057
24.940806,121.361500,三峽,C0AC60,2017-09-22T09:00:00+08:00,55.0,313,0.5,30.4,0.7,1005.8,-99,0.0,-99,-99,-99,新北市,06,三峽區,057
24.940806,121.361500,三峽,C0AC60,2017-09-22T10:00:00+08:00,55.0,278,0.9,31.8,0.65,1005.6,-99,0.0,-99,-99,-99,新北市,06,三峽區,057
24.940806,121.361500,三峽,C0AC60,2017-09-22T11:00:00+08:00,55.0,279,1.2,33.4,0.59,1005.1,-99,0.0,-99,-99,-99,新北市,06,三峽區,057
24.940806,121.361500,三峽,C0AC60,2017-09-22T12:00:00+08:00,55.0,336,1.8,32.9,0.66,1004.4,-99,0.0,-99,-99,-99,新北市,06,三峽區,057
24.940806,121.361500,三峽,C0AC60,2017-09-22T13:00:00+08:00,55.0,348,1.1,33.5,0.64,1003.9,-99,0.0,-99,-99,-99,新北市,06,三峽區,057
24.940806,121.361500,三峽,C0AC60,2017-09-22T14:00:00+08:00,55.0,334,2.1,34.1,0.6,1003.3,-99,0.0,-99,-99,-99,新北市,06,三峽區,057
24.940806,121.361500,三峽,C0AC60,2017-09-22T15:00:00+08:00,55.0,66,1.3,33.7,0.62,1003.3,-99,0.0,-99,-99,-99,新北市,06,三峽區,057
24.940806,121.361500,三峽,C0AC60,2017-09-22T16:00:00+08:00,55.0,358,1.2,33.5,0.63,1003.2,-99,0.0,-99,-99,-99,新北市,06,三峽區,057
24.940806,121.361500,三峽,C0AC60,2017-09-22T17:00:00+08:00,55.0,56,2.3,33.2,0.63,1003.4,-99,0.0,-99,-99,-99,新北市,06,三峽區,057
24.940806,121.361500,三峽,C0AC60,2017-09-22T18:00:00+08:00,55.0,92,1.9,31.1,0.72,1004.0,-99,0.0,-99,-99,-99,新北市,06,三峽區,057
24.940806,121.361500,三峽,C0AC60,2017-09-22T19:00:00+08:00,55.0,85,1.5,30.4,0.72,1004.4,-99,0.0,-99,-99,-99,新北市,06,三峽區,057
24.940806,121.361500,三峽,C0AC60,2017-09-22T20:00:00+08:00,55.0,93,1.0,29.2,0.8,1004.9,-99,0.0,-99,-99,-99,新北市,06,三峽區,057
24.940806,121.361500,三峽,C0AC60,2017-09-22T21:00:00+08:00,55.0,114,0.4,29.0,0.81,1005.5,-99,0.0,-99,-99,-99,新北市,06,三峽區,057
24.940806,121.361500,三峽,C0AC60,2017-09-22T22:00:00+08:00,55.0,86,1.3,28.7,0.84,1005.6,-99,0.0,-99,-99,-99,新北市,06,三峽區,057
24.940806,121.361500,三峽,C0AC60,2017-09-22T23:00:00+08:00,55.0,0,0.2,28.7,0.84,1005.8,-99,0.0,-99,-99,-99,新北市,06,三峽區,057
24.940806,121.361500,三峽,C0AC60,2017-09-23T00:00:00+08:00,55.0,176,1.0,27.8,0.86,1005.3,-99,0.0,-99,-99,-99,新北市,06,三峽區,057
24.940806,121.361500,三峽,C0AC60,2017-09-23T01:00:00+08:00,55.0,162,1.7,27.4,0.88,1005.0,-99,0.0,-99,-99,-99,新北市,06,三峽區,057
24.940806,121.361500,三峽,C0AC60,2017-09-23T02:00:00+08:00,55.0,170,2.3,26.7,0.91,1004.9,-99,0.0,-99,-99,-99,新北市,06,三峽區,057
24.940806,121.361500,三峽,C0AC60,2017-09-23T03:00:00+08:00,55.0,216,1.2,26.8,0.89,1004.9,-99,0.0,-99,-99,-99,新北市,06,三峽區,057
24.940806,121.361500,三峽,C0AC60,2017-09-23T04:00:00+08:00,55.0,192,0.3,26.7,0.89,1005.2,-99,0.0,-99,-99,-99,新北市,06,三峽區,057
24.940806,121.361500,三峽,C0AC60,2017-09-23T05:00:00+08:00,55.0,208,1.3,26.2,0.9,1005.6,-99,0.0,-99,-99,-99,新北市,06,三峽區,057
24.940806,121.361500,三峽,C0AC60,2017-09-23T06:00:00+08:00,55.0,196,0.9,26.7,0.86,1005.9,-99,0.0,-99,-99,-99,新北市,06,三峽區,057
24.940806,121.361500,三峽,C0AC60,2017-09-23T07:00:00+08:00,55.0,161,0.9,27.0,0.86,1006.6,-99,0.0,-99,-99,-99,新北市,06,三峽區,057
24.940806,121.361500,三峽,C0AC60,2017-09-23T08:00:00+08:00,55.0,0,0.1,29.7,0.76,1006.9,-99,0.0,-99,-99,-99,新北市,06,三峽區,057
24.940806,121.361500,三峽,C0AC60,2017-09-23T09:00:00+08:00,55.0,0,0.1,31.6,0.67,1006.8,-99,0.0,-99,-99,-99,新北市,06,三峽區,057
24.940806,121.361500,三峽,C0AC60,2017-09-23T10:00:00+08:00,55.0,72,0.8,33.5,0.59,1006.3,-99,0.0,-99,-99,-99,新北市,06,三峽區,057
24.940806,121.361500,三峽,C0AC60,2017-09-23T11:00:00+08:00,55.0,85,1.0,34.7,0.54,1005.5,-99,0.0,-99,-99,-99,新北市,06,三峽區,057
24.940806,121.361500,三峽,C0AC60,2017-09-23T12:00:00+08:00,55.0,32,0.7,35.5,0.51,1004.8,-99,0.0,-99,-99,-99,新北市,06,三峽區,057
24.940806,121.361500,三峽,C0AC60,2017-09-23T13:00:00+08:00,55.0,272,1.4,36.2,0.48,1004.2,-99,0.0,-99,-99,-99,新北市,06,三峽區,057
24.940806,121.361500,三峽,C0AC60,2017-09-23T14:00:00+08:00,55.0,328,1.4,35.5,0.56,1003.8,-99,0.0,-99,-99,-99,新北市,06,三峽區,057
24.940806,121.361500,三峽,C0AC60,2017-09-23T15:00:00+08:00,55.0,338,1.0,34.8,0.6,1003.5,-99,0.0,-99,-99,-99,新北市,06,三峽區,057
24.940806,121.361500,三峽,C0AC60,2017-09-23T16:00:00+08:00,55.0,312,1.8,34.5,0.6,1003.7,-99,0.0,-99,-99,-99,新北市,06,三峽區,057
24.940806,121.361500,三峽,C0AC60,2017-09-23T17:00:00+08:00,55.0,319,1.1,33.4,0.63,1004.1,-99,0.0,-99,-99,-99,新北市,06,三峽區,057
24.940806,121.361500,三峽,C0AC60,2017-09-23T18:00:00+08:00,55.0,318,0.3,32.6,0.64,1004.5,-99,0.0,-99,-99,-99,新北市,06,三峽區,057
24.940806,121.361500,三峽,C0AC60,2017-09-23T19:00:00+08:00,55.0,223,1.0,31.4,0.7,1004.8,-99,0.0,-99,-99,-99,新北市,06,三峽區,057
24.940806,121.361500,三峽,C0AC60,2017-09-23T20:00:00+08:00,55.0,0,0.0,30.8,0.75,1005.6,-99,0.0,-99,-99,-99,新北市,06,三峽區,057
24.940806,121.361500,三峽,C0AC60,2017-09-23T21:00:00+08:00,55.0,175,1.8,29.8,0.8,1006.2,-99,0.0,-99,-99,-99,新北市,06,三峽區,057
24.940806,121.361500,三峽,C0AC60,2017-09-23T22:00:00+08:00,55.0,0,0.0,29.5,0.81,1005.9,-99,0.0,-99,-99,-99,新北市,06,三峽區,057
24.940806,121.361500,三峽,C0AC60,2017-09-23T23:00:00+08:00,55.0,214,0.6,28.9,0.85,1005.7,-99,0.0,-99,-99,-99,新北市,06,三峽區,057
24.940806,121.361500,三峽,C0AC60,2017-09-24T00:00:00+08:00,55.0,0,0.2,28.7,0.86,1005.2,-99,0.0,-99,-99,-99,新北市,06,三峽區,057
24.940806,121.361500,三峽,C0AC60,2017-09-24T01:00:00+08:00,55.0,0,0.1,28.7,0.86,1004.8,-99,0.0,-99,-99,-99,新北市,06,三峽區,057
24.940806,121.361500,三峽,C0AC60,2017-09-24T02:00:00+08:00,55.0,213,1.3,28.1,0.88,1004.7,-99,0.0,-99,-99,-99,新北市,06,三峽區,057
24.940806,121.361500,三峽,C0AC60,2017-09-24T03:00:00+08:00,55.0,0,0.0,27.7,0.89,1004.5,-99,0.0,-99,-99,-99,新北市,06,三峽區,057
24.940806,121.361500,三峽,C0AC60,2017-09-24T04:00:00+08:00,55.0,208,1.0,27.1,0.88,1004.7,-99,0.0,-99,-99,-99,新北市,06,三峽區,057
24.940806,121.361500,三峽,C0AC60,2017-09-24T05:00:00+08:00,55.0,208,1.4,27.0,0.88,1005.1,-99,0.0,-99,-99,-99,新北市,06,三峽區,057
24.940806,121.361500,三峽,C0AC60,2017-09-24T06:00:00+08:00,55.0,205,0.6,27.1,0.84,1005.3,-99,0.0,-99,-99,-99,新北市,06,三峽區,057
24.940806,121.361500,三峽,C0AC60,2017-09-24T07:00:00+08:00,55.0,206,0.4,27.6,0.81,1005.9,-99,0.0,-99,-99,-99,新北市,06,三峽區,057
24.940806,121.361500,三峽,C0AC60,2017-09-24T08:00:00+08:00,55.0,211,0.7,29.3,0.74,1006.0,-99,0.0,-99,-99,-99,新北市,06,三峽區,057
24.940806,121.361500,三峽,C0AC60,2017-09-24T09:00:00+08:00,55.0,240,1.7,30.6,0.77,1006.2,-99,0.0,-99,-99,-99,新北市,06,三峽區,057
24.940806,121.361500,三峽,C0AC60,2017-09-24T10:00:00+08:00,55.0,242,1.1,31.7,0.73,1006.3,-99,0.0,-99,-99,-99,新北市,06,三峽區,057
24.940806,121.361500,三峽,C0AC60,2017-09-24T11:00:00+08:00,55.0,249,2.1,32.3,0.72,1005.7,-99,0.0,-99,-99,-99,新北市,06,三峽區,057
24.940806,121.361500,三峽,C0AC60,2017-09-24T12:00:00+08:00,55.0,251,1.7,33.8,0.64,1004.9,-99,0.0,-99,-99,-99,新北市,06,三峽區,057
24.940806,121.361500,三峽,C0AC60,2017-09-24T13:00:00+08:00,55.0,333,2.2,34.5,0.62,1004.2,-99,0.0,-99,-99,-99,新北市,06,三峽區,057
24.940806,121.361500,三峽,C0AC60,2017-09-24T14:00:00+08:00,55.0,331,1.9,35.1,0.6,1003.5,-99,0.0,-99,-99,-99,新北市,06,三峽區,057
24.940806,121.361500,三峽,C0AC60,2017-09-24T15:00:00+08:00,55.0,304,1.3,35.5,0.59,1003.1,-99,0.0,-99,-99,-99,新北市,06,三峽區,057
24.940806,121.361500,三峽,C0AC60,2017-09-24T16:00:00+08:00,55.0,334,2.6,33.6,0.67,1003.5,-99,0.0,-99,-99,-99,新北市,06,三峽區,057
24.940806,121.361500,三峽,C0AC60,2017-09-24T17:00:00+08:00,55.0,325,0.8,32.3,0.71,1004.3,-99,0.0,-99,-99,-99,新北市,06,三峽區,057
24.940806,121.361500,三峽,C0AC60,2017-09-24T18:00:00+08:00,55.0,219,2.3,30.2,0.66,1005.2,-99,0.0,-99,-99,-99,新北市,06,三峽區,057
24.940806,121.361500,三峽,C0AC60,2017-09-24T19:00:00+08:00,55.0,210,2.1,28.3,0.74,1005.3,-99,0.0,-99,-99,-99,新北市,06,三峽區,057
24.940806,121.361500,三峽,C0AC60,2017-09-24T20:00:00+08:00,55.0,204,0.9,27.8,0.77,1006.0,-99,0.0,-99,-99,-99,新北市,06,三峽區,057
24.940806,121.361500,三峽,C0AC60,2017-09-24T21:00:00+08:00,55.0,201,1.4,27.1,0.82,1006.3,-99,0.0,-99,-99,-99,新北市,06,三峽區,057
24.940806,121.361500,三峽,C0AC60,2017-09-24T22:00:00+08:00,55.0,210,1.6,26.9,0.84,1006.4,-99,0.0,-99,-99,-99,新北市,06,三峽區,057
24.940806,121.361500,三峽,C0AC60,2017-09-24T23:00:00+08:00,55.0,205,1.1,26.7,0.85,1006.7,-99,0.0,-99,-99,-99,新北市,06,三峽區,057
24.940806,121.361500,三峽,C0AC60,2017-09-25T00:00:00+08:00,55.0,215,1.5,26.7,0.83,1006.5,-99,0.0,-99,-99,-99,新北市,06,三峽區,057
24.940806,121.361500,三峽,C0AC60,2017-09-25T01:00:00+08:00,55.0,211,1.0,26.4,0.83,1006.1,-99,0.0,-99,-99,-99,新北市,06,三峽區,057
24.940806,121.361500,三峽,C0AC60,2017-09-25T02:00:00+08:00,55.0,210,1.3,26.0,0.83,1005.9,-99,0.0,-99,-99,-99,新北市,06,三峽區,057
24.940806,121.361500,三峽,C0AC60,2017-09-25T03:00:00+08:00,55.0,186,0.4,26.6,0.8,1005.5,-99,0.0,-99,-99,-99,新北市,06,三峽區,057
24.940806,121.361500,三峽,C0AC60,2017-09-25T04:00:00+08:00,55.0,207,1.6,25.6,0.85,1005.5,-99,0.0,-99,-99,-99,新北市,06,三峽區,057
24.940806,121.361500,三峽,C0AC60,2017-09-25T05:00:00+08:00,55.0,190,0.4,26.1,0.8,1005.7,-99,0.0,-99,-99,-99,新北市,06,三峽區,057
24.940806,121.361500,三峽,C0AC60,2017-09-25T06:00:00+08:00,55.0,207,0.7,25.6,0.83,1006.4,-99,0.0,-99,-99,-99,新北市,06,三峽區,057
24.940806,121.361500,三峽,C0AC60,2017-09-25T07:00:00+08:00,55.0,198,1.1,25.9,0.83,1006.9,-99,0.0,-99,-99,-99,新北市,06,三峽區,057
24.940806,121.361500,三峽,C0AC60,2017-09-25T08:00:00+08:00,55.0,191,0.7,28.5,0.73,1006.7,-99,0.0,-99,-99,-99,新北市,06,三峽區,057
24.940806,121.361500,三峽,C0AC60,2017-09-25T09:00:00+08:00,55.0,310,0.8,30.4,0.69,1007.0,-99,0.0,-99,-99,-99,新北市,06,三峽區,057
24.940806,121.361500,三峽,C0AC60,2017-09-25T10:00:00+08:00,55.0,278,0.6,31.7,0.64,1006.5,-99,0.0,-99,-99,-99,新北市,06,三峽區,057
24.940806,121.361500,三峽,C0AC60,2017-09-25T11:00:00+08:00,55.0,246,1.2,32.8,0.62,1005.9,-99,0.0,-99,-99,-99,新北市,06,三峽區,057
24.940806,121.361500,三峽,C0AC60,2017-09-25T12:00:00+08:00,55.0,232,0.9,33.8,0.58,1005.3,-99,0.0,-99,-99,-99,新北市,06,三峽區,057
24.940806,121.361500,三峽,C0AC60,2017-09-25T13:00:00+08:00,55.0,290,1.6,33.8,0.63,1004.6,-99,0.0,-99,-99,-99,新北市,06,三峽區,057
24.940806,121.361500,三峽,C0AC60,2017-09-25T14:00:00+08:00,55.0,303,1.2,34.0,0.62,1004.0,-99,0.0,-99,-99,-99,新北市,06,三峽區,057
24.940806,121.361500,三峽,C0AC60,2017-09-25T15:00:00+08:00,55.0,305,1.0,34.2,0.63,1003.7,-99,0.0,-99,-99,-99,新北市,06,三峽區,057
24.940806,121.361500,三峽,C0AC60,2017-09-25T16:00:00+08:00,55.0,293,1.1,33.8,0.65,1003.5,-99,0.0,-99,-99,-99,新北市,06,三峽區,057
24.940806,121.361500,三峽,C0AC60,2017-09-25T17:00:00+08:00,55.0,345,1.4,32.3,0.7,1004.1,-99,0.0,-99,-99,-99,新北市,06,三峽區,057
24.940806,121.361500,三峽,C0AC60,2017-09-25T18:00:00+08:00,55.0,305,0.5,31.4,0.73,1004.7,-99,0.0,-99,-99,-99,新北市,06,三峽區,057
24.940806,121.361500,三峽,C0AC60,2017-09-25T19:00:00+08:00,55.0,240,2.3,30.6,0.75,1005.0,-99,0.0,-99,-99,-99,新北市,06,三峽區,057
24.940806,121.361500,三峽,C0AC60,2017-09-25T20:00:00+08:00,55.0,236,0.3,30.0,0.78,1005.7,-99,0.0,-99,-99,-99,新北市,06,三峽區,057
24.940806,121.361500,三峽,C0AC60,2017-09-25T21:00:00+08:00,55.0,204,1.3,29.0,0.83,1006.3,-99,0.0,-99,-99,-99,新北市,06,三峽區,057
24.940806,121.361500,三峽,C0AC60,2017-09-25T22:00:00+08:00,55.0,197,1.0,28.4,0.86,1005.9,-99,0.0,-99,-99,-99,新北市,06,三峽區,057
24.940806,121.361500,三峽,C0AC60,2017-09-25T23:00:00+08:00,55.0,0,0.1,28.3,0.87,1005.3,-99,0.0,-99,-99,-99,新北市,06,三峽區,057
24.940806,121.361500,三峽,C0AC60,2017-09-26T00:00:00+08:00,55.0,217,0.7,27.7,0.9,1004.9,-99,0.0,-99,-99,-99,新北市,06,三峽區,057
24.940806,121.361500,三峽,C0AC60,2017-09-26T01:00:00+08:00,55.0,0,0.2,27.7,0.89,1004.5,-99,0.0,-99,-99,-99,新北市,06,三峽區,057
24.940806,121.361500,三峽,C0AC60,2017-09-26T02:00:00+08:00,55.0,0,0.2,27.2,0.88,1003.9,-99,0.0,-99,-99,-99,新北市,06,三峽區,057
24.940806,121.361500,三峽,C0AC60,2017-09-26T03:00:00+08:00,55.0,175,0.7,26.7,0.88,1003.9,-99,0.0,-99,-99,-99,新北市,06,三峽區,057
24.940806,121.361500,三峽,C0AC60,2017-09-26T05:00:00+08:00,55.0,196,1.8,25.7,0.92,1004.5,-99,0.0,-99,-99,-99,新北市,06,三峽區,057
24.940806,121.361500,三峽,C0AC60,2017-09-26T06:00:00+08:00,55.0,198,0.3,25.7,0.87,1005.3,-99,0.0,-99,-99,-99,新北市,06,三峽區,057
24.940806,121.361500,三峽,C0AC60,2017-09-26T07:00:00+08:00,55.0,200,1.0,25.8,0.84,1005.8,-99,0.0,-99,-99,-99,新北市,06,三峽區,057
24.940806,121.361500,三峽,C0AC60,2017-09-26T08:00:00+08:00,55.0,167,0.9,28.4,0.71,1006.1,-99,0.0,-99,-99,-99,新北市,06,三峽區,057
24.940806,121.361500,三峽,C0AC60,2017-09-26T09:00:00+08:00,55.0,211,0.4,31.2,0.65,1006.2,-99,0.0,-99,-99,-99,新北市,06,三峽區,057
24.940806,121.361500,三峽,C0AC60,2017-09-26T10:00:00+08:00,55.0,320,0.5,31.9,0.66,1005.7,-99,0.0,-99,-99,-99,新北市,06,三峽區,057
24.940806,121.361500,三峽,C0AC60,2017-09-26T11:00:00+08:00,55.0,289,1.3,33.3,0.61,1005.3,-99,0.0,-99,-99,-99,新北市,06,三峽區,057
24.940806,121.361500,三峽,C0AC60,2017-09-26T12:00:00+08:00,55.0,241,1.3,34.6,0.54,1004.6,-99,0.0,-99,-99,-99,新北市,06,三峽區,057
24.940806,121.361500,三峽,C0AC60,2017-09-26T13:00:00+08:00,55.0,276,1.9,35.4,0.52,1004.0,-99,0.0,-99,-99,-99,新北市,06,三峽區,057
24.940806,121.361500,三峽,C0AC60,2017-09-26T14:00:00+08:00,55.0,323,1.6,36.0,0.52,1003.1,-99,0.0,-99,-99,-99,新北市,06,三峽區,057
24.940806,121.361500,三峽,C0AC60,2017-09-26T15:00:00+08:00,55.0,305,1.2,36.1,0.5,1002.7,-99,0.0,-99,-99,-99,新北市,06,三峽區,057
24.940806,121.361500,三峽,C0AC60,2017-09-26T16:00:00+08:00,55.0,308,0.8,36.0,0.5,1002.7,-99,0.0,-99,-99,-99,新北市,06,三峽區,057
24.940806,121.361500,三峽,C0AC60,2017-09-26T17:00:00+08:00,55.0,297,1.2,34.5,0.56,1003.0,-99,0.0,-99,-99,-99,新北市,06,三峽區,057
24.940806,121.361500,三峽,C0AC60,2017-09-26T18:00:00+08:00,55.0,232,2.9,32.3,0.65,1003.3,-99,0.0,-99,-99,-99,新北市,06,三峽區,057
24.940806,121.361500,三峽,C0AC60,2017-09-26T19:00:00+08:00,55.0,240,1.3,31.5,0.68,1003.7,-99,0.0,-99,-99,-99,新北市,06,三峽區,057
24.940806,121.361500,三峽,C0AC60,2017-09-26T20:00:00+08:00,55.0,191,0.4,30.4,0.75,1004.3,-99,0.0,-99,-99,-99,新北市,06,三峽區,057
24.940806,121.361500,三峽,C0AC60,2017-09-26T21:00:00+08:00,55.0,190,0.8,29.6,0.8,1004.5,-99,0.0,-99,-99,-99,新北市,06,三峽區,057
24.940806,121.361500,三峽,C0AC60,2017-09-26T22:00:00+08:00,55.0,214,1.0,28.5,0.85,1004.9,-99,0.0,-99,-99,-99,新北市,06,三峽區,057
24.940806,121.361500,三峽,C0AC60,2017-09-26T23:00:00+08:00,55.0,165,1.8,28.3,0.85,1004.7,-99,0.0,-99,-99,-99,新北市,06,三峽區,057
24.940806,121.361500,三峽,C0AC60,2017-09-27T00:00:00+08:00,55.0,194,0.9,28.5,0.81,1004.2,-99,0.0,-99,-99,-99,新北市,06,三峽區,057
24.940806,121.361500,三峽,C0AC60,2017-09-27T01:00:00+08:00,55.0,0,0.0,27.9,0.82,1004.0,-99,0.0,-99,-99,-99,新北市,06,三峽區,057
24.940806,121.361500,三峽,C0AC60,2017-09-27T02:00:00+08:00,55.0,205,1.2,27.3,0.85,1004.0,-99,0.0,-99,-99,-99,新北市,06,三峽區,057
24.940806,121.361500,三峽,C0AC60,2017-09-27T03:00:00+08:00,55.0,180,1.3,26.9,0.84,1003.4,-99,0.0,-99,-99,-99,新北市,06,三峽區,057
24.940806,121.361500,三峽,C0AC60,2017-09-27T04:00:00+08:00,55.0,180,0.5,26.4,0.82,1003.6,-99,0.0,-99,-99,-99,新北市,06,三峽區,057
24.940806,121.361500,三峽,C0AC60,2017-09-27T05:00:00+08:00,55.0,208,1.2,25.5,0.87,1003.7,-99,0.0,-99,-99,-99,新北市,06,三峽區,057
24.940806,121.361500,三峽,C0AC60,2017-09-27T06:00:00+08:00,55.0,168,0.4,25.5,0.84,1004.1,-99,0.0,-99,-99,-99,新北市,06,三峽區,057
24.940806,121.361500,三峽,C0AC60,2017-09-27T07:00:00+08:00,55.0,181,0.6,26.3,0.78,1004.4,-99,0.0,-99,-99,-99,新北市,06,三峽區,057
24.940806,121.361500,三峽,C0AC60,2017-09-27T08:00:00+08:00,55.0,0,0.2,29.0,0.68,1004.7,-99,0.0,-99,-99,-99,新北市,06,三峽區,057
24.940806,121.361500,三峽,C0AC60,2017-09-27T09:00:00+08:00,55.0,258,1.6,31.2,0.63,1004.9,-99,0.0,-99,-99,-99,新北市,06,三峽區,057
24.940806,121.361500,三峽,C0AC60,2017-09-27T10:00:00+08:00,55.0,247,2.9,32.6,0.6,1004.2,-99,0.0,-99,-99,-99,新北市,06,三峽區,057
24.940806,121.361500,三峽,C0AC60,2017-09-27T11:00:00+08:00,55.0,268,1.7,34.0,0.53,1003.5,-99,0.0,6.6,243,2017-09-27T10:41:00+08:00,新北市,06,三峽區,057
24.940806,121.361500,三峽,C0AC60,2017-09-27T12:00:00+08:00,55.0,246,2.3,35.0,0.5,1002.5,-99,0.0,-99,-99,-99,新北市,06,三峽區,057
24.940806,121.361500,三峽,C0AC60,2017-09-27T13:00:00+08:00,55.0,264,1.4,36.6,0.46,1001.6,-99,0.0,-99,-99,-99,新北市,06,三峽區,057
24.940806,121.361500,三峽,C0AC60,2017-09-27T14:00:00+08:00,55.0,325,1.4,37.0,0.42,1001.1,-99,0.0,-99,-99,-99,新北市,06,三峽區,057
24.940806,121.361500,三峽,C0AC60,2017-09-27T15:00:00+08:00,55.0,319,1.6,36.8,0.41,1000.7,-99,0.0,-99,-99,-99,新北市,06,三峽區,057
24.940806,121.361500,三峽,C0AC60,2017-09-27T16:00:00+08:00,55.0,346,1.9,36.1,0.45,1000.6,-99,0.0,-99,-99,-99,新北市,06,三峽區,057
24.940806,121.361500,三峽,C0AC60,2017-09-27T17:00:00+08:00,55.0,288,1.3,35.3,0.5,1000.8,-99,0.0,-99,-99,-99,新北市,06,三峽區,057
24.940806,121.361500,三峽,C0AC60,2017-09-27T18:00:00+08:00,55.0,306,1.1,33.5,0.58,1001.4,-99,0.0,-99,-99,-99,新北市,06,三峽區,057
24.940806,121.361500,三峽,C0AC60,2017-09-27T19:00:00+08:00,55.0,198,2.0,31.3,0.69,1002.2,-99,0.0,-99,-99,-99,新北市,06,三峽區,057
24.940806,121.361500,三峽,C0AC60,2017-09-27T20:00:00+08:00,55.0,182,0.4,30.1,0.75,1002.6,-99,0.0,-99,-99,-99,新北市,06,三峽區,057
24.940806,121.361500,三峽,C0AC60,2017-09-27T21:00:00+08:00,55.0,211,1.7,29.0,0.79,1003.3,-99,0.0,-99,-99,-99,新北市,06,三峽區,057
24.940806,121.361500,三峽,C0AC60,2017-09-27T22:00:00+08:00,55.0,211,1.6,28.5,0.8,1003.3,-99,0.0,-99,-99,-99,新北市,06,三峽區,057
24.940806,121.361500,三峽,C0AC60,2017-09-27T23:00:00+08:00,55.0,202,1.7,27.9,0.83,1003.6,-99,0.0,-99,-99,-99,新北市,06,三峽區,057
24.940806,121.361500,三峽,C0AC60,2017-09-28T00:00:00+08:00,55.0,200,1.4,27.5,0.84,1003.7,-99,0.0,-99,-99,-99,新北市,06,三峽區,057
24.940806,121.361500,三峽,C0AC60,2017-09-28T01:00:00+08:00,55.0,184,0.6,27.4,0.85,1003.4,-99,0.0,-99,-99,-99,新北市,06,三峽區,057
24.940806,121.361500,三峽,C0AC60,2017-09-28T02:00:00+08:00,55.0,206,1.2,26.7,0.84,1003.3,-99,0.0,-99,-99,-99,新北市,06,三峽區,057
24.940806,121.361500,三峽,C0AC60,2017-09-28T03:00:00+08:00,55.0,208,0.6,26.4,0.86,1003.0,-99,0.0,-99,-99,-99,新北市,06,三峽區,057
24.940806,121.361500,三峽,C0AC60,2017-09-28T04:00:00+08:00,55.0,201,0.7,26.5,0.83,1003.0,-99,0.0,-99,-99,-99,新北市,06,三峽區,057
24.940806,121.361500,三峽,C0AC60,2017-09-28T05:00:00+08:00,55.0,208,0.7,26.0,0.84,1003.2,-99,0.0,-99,-99,-99,新北市,06,三峽區,057
24.940806,121.361500,三峽,C0AC60,2017-09-28T06:00:00+08:00,55.0,0,0.2,25.5,0.86,1003.9,-99,0.0,-99,-99,-99,新北市,06,三峽區,057
24.940806,121.361500,三峽,C0AC60,2017-09-28T07:00:00+08:00,55.0,209,0.7,26.2,0.83,1004.8,-99,0.0,-99,-99,-99,新北市,06,三峽區,057
24.940806,121.361500,三峽,C0AC60,2017-09-28T08:00:00+08:00,55.0,215,1.0,28.2,0.77,1005.0,-99,0.0,-99,-99,-99,新北市,06,三峽區,057
24.940806,121.361500,三峽,C0AC60,2017-09-28T09:00:00+08:00,55.0,19,0.4,30.7,0.72,1004.8,-99,0.0,-99,-99,-99,新北市,06,三峽區,057
24.940806,121.361500,三峽,C0AC60,2017-09-28T10:00:00+08:00,55.0,0,0.0,32.0,0.68,1004.5,-99,0.0,-99,-99,-99,新北市,06,三峽區,057
24.940806,121.361500,三峽,C0AC60,2017-09-28T11:00:00+08:00,55.0,330,1.2,32.8,0.65,1004.2,-99,0.0,-99,-99,-99,新北市,06,三峽區,057
24.940806,121.361500,三峽,C0AC60,2017-09-28T12:00:00+08:00,55.0,316,1.5,33.3,0.63,1003.5,-99,0.0,-99,-99,-99,新北市,06,三峽區,057
24.940806,121.361500,三峽,C0AC60,2017-09-28T13:00:00+08:00,55.0,345,2.3,32.5,0.69,1003.0,-99,0.0,-99,-99,-99,新北市,06,三峽區,057
24.940806,121.361500,三峽,C0AC60,2017-09-28T14:00:00+08:00,55.0,330,1.8,33.4,0.64,1002.6,-99,0.0,-99,-99,-99,新北市,06,三峽區,057
24.940806,121.361500,三峽,C0AC60,2017-09-28T15:00:00+08:00,55.0,349,1.6,33.5,0.61,1002.4,-99,0.0,-99,-99,-99,新北市,06,三峽區,057
24.940806,121.361500,三峽,C0AC60,2017-09-28T16:00:00+08:00,55.0,2,0.9,33.1,0.6,1002.7,-99,0.0,-99,-99,-99,新北市,06,三峽區,057
24.940806,121.361500,三峽,C0AC60,2017-09-28T17:00:00+08:00,55.0,0,0.2,31.9,0.67,1003.6,-99,0.0,-99,-99,-99,新北市,06,三峽區,057
24.940806,121.361500,三峽,C0AC60,2017-09-28T17:00:00+08:00,55.0,0,0.2,31.9,0.67,1003.6,-99,0.0,-99,-99,-99,新北市,06,三峽區,057
24.940806,121.361500,三峽,C0AC60,2017-09-28T18:00:00+08:00,55.0,15,0.7,30.9,0.65,1004.3,-99,0.0,-99,-99,-99,新北市,06,三峽區,057
24.940806,121.361500,三峽,C0AC60,2017-09-28T19:00:00+08:00,55.0,0,0.0,30.5,0.73,1005.0,-99,0.0,-99,-99,-99,新北市,06,三峽區,057
24.940806,121.361500,三峽,C0AC60,2017-09-28T20:00:00+08:00,55.0,0,0.0,29.5,0.8,1005.7,-99,0.0,-99,-99,-99,新北市,06,三峽區,057
24.940806,121.361500,三峽,C0AC60,2017-09-28T21:00:00+08:00,55.0,94,0.9,29.5,0.78,1006.4,-99,0.0,-99,-99,-99,新北市,06,三峽區,057
24.940806,121.361500,三峽,C0AC60,2017-09-28T22:00:00+08:00,55.0,89,0.5,28.6,0.84,1005.9,-99,0.0,-99,-99,-99,新北市,06,三峽區,057
24.940806,121.361500,三峽,C0AC60,2017-09-28T23:00:00+08:00,55.0,86,1.1,29.1,0.79,1006.8,-99,0.0,-99,-99,-99,新北市,06,三峽區,057
24.940806,121.361500,三峽,C0AC60,2017-09-29T00:00:00+08:00,55.0,89,1.0,28.8,0.82,1007.0,-99,0.0,-99,-99,-99,新北市,06,三峽區,057
24.940806,121.361500,三峽,C0AC60,2017-09-29T01:00:00+08:00,55.0,87,1.5,28.2,0.86,1006.5,-99,0.0,-99,-99,-99,新北市,06,三峽區,057
24.940806,121.361500,三峽,C0AC60,2017-09-29T02:00:00+08:00,55.0,87,1.2,27.6,0.89,1004.8,-99,0.0,-99,-99,-99,新北市,06,三峽區,057
24.940806,121.361500,三峽,C0AC60,2017-09-29T03:00:00+08:00,55.0,73,2.2,28.0,0.82,1004.3,-99,0.0,-99,-99,-99,新北市,06,三峽區,057
24.940806,121.361500,三峽,C0AC60,2017-09-29T04:00:00+08:00,55.0,89,2.9,28.0,0.84,1004.5,-99,0.0,-99,-99,-99,新北市,06,三峽區,057
24.940806,121.361500,三峽,C0AC60,2017-09-29T05:00:00+08:00,55.0,101,1.4,27.9,0.85,1005.1,-99,0.0,7.1,83,2017-09-29T04:33:00+08:00,新北市,06,三峽區,057
24.940806,121.361500,三峽,C0AC60,2017-09-29T06:00:00+08:00,55.0,133,1.0,27.8,0.87,1006.1,-99,0.0,6.6,48,2017-09-29T05:19:00+08:00,新北市,06,三峽區,057
24.940806,121.361500,三峽,C0AC60,2017-09-29T07:00:00+08:00,55.0,193,1.3,26.6,0.88,1007.3,-99,0.0,-99,-99,-99,新北市,06,三峽區,057
24.940806,121.361500,三峽,C0AC60,2017-09-29T08:00:00+08:00,55.0,0,0.1,28.7,0.79,1008.3,-99,0.0,-99,-99,-99,新北市,06,三峽區,057
24.940806,121.361500,三峽,C0AC60,2017-09-29T09:00:00+08:00,55.0,68,2.4,30.0,0.72,1008.2,-99,0.0,-99,-99,-99,新北市,06,三峽區,057
24.940806,121.361500,三峽,C0AC60,2017-09-29T10:00:00+08:00,55.0,73,2.3,30.9,0.7,1008.1,-99,0.0,8.2,74,2017-09-29T09:53:00+08:00,新北市,06,三峽區,057
24.940806,121.361500,三峽,C0AC60,2017-09-29T11:00:00+08:00,55.0,80,3.6,31.9,0.67,1007.5,-99,0.0,9.3,85,2017-09-29T10:37:00+08:00,新北市,06,三峽區,057
24.940806,121.361500,三峽,C0AC60,2017-09-29T12:00:00+08:00,55.0,82,4.3,31.8,0.68,1007.1,-99,0.0,11.0,71,2017-09-29T11:51:00+08:00,新北市,06,三峽區,057
24.940806,121.361500,三峽,C0AC60,2017-09-29T13:00:00+08:00,55.0,81,3.7,32.4,0.65,1006.4,-99,0.0,10.4,82,2017-09-29T12:28:00+08:00,新北市,06,三峽區,057
24.940806,121.361500,三峽,C0AC60,2017-09-29T14:00:00+08:00,55.0,85,4.3,32.1,0.67,1005.8,-99,0.0,11.5,80,2017-09-29T13:03:00+08:00,新北市,06,三峽區,057
24.940806,121.361500,三峽,C0AC60,2017-09-29T15:00:00+08:00,55.0,76,4.0,31.7,0.68,1005.7,-99,0.0,12.6,70,2017-09-29T14:19:00+08:00,新北市,06,三峽區,057
24.940806,121.361500,三峽,C0AC60,2017-09-29T16:00:00+08:00,55.0,79,3.4,31.1,0.7,1005.9,-99,0.0,11.0,93,2017-09-29T15:03:00+08:00,新北市,06,三峽區,057
24.940806,121.361500,三峽,C0AC60,2017-09-29T17:00:00+08:00,55.0,86,2.5,30.0,0.75,1006.6,-99,0.0,12.1,73,2017-09-29T16:46:00+08:00,新北市,06,三峽區,057
24.940806,121.361500,三峽,C0AC60,2017-09-29T18:00:00+08:00,55.0,77,3.3,28.9,0.79,1007.3,-99,0.0,10.4,48,2017-09-29T17:24:00+08:00,新北市,06,三峽區,057
24.940806,121.361500,三峽,C0AC60,2017-09-29T19:00:00+08:00,55.0,92,2.7,28.4,0.81,1008.2,-99,0.0,9.3,88,2017-09-29T18:28:00+08:00,新北市,06,三峽區,057
24.940806,121.361500,三峽,C0AC60,2017-09-29T20:00:00+08:00,55.0,94,1.8,28.2,0.8,1008.9,-99,0.0,8.2,53,2017-09-29T19:06:00+08:00,新北市,06,三峽區,057
24.940806,121.361500,三峽,C0AC60,2017-09-29T21:00:00+08:00,55.0,99,1.9,27.7,0.85,1009.5,-99,0.0,7.7,81,2017-09-29T20:07:00+08:00,新北市,06,三峽區,057
24.940806,121.361500,三峽,C0AC60,2017-09-29T22:00:00+08:00,55.0,83,2.2,27.6,0.85,1009.4,-99,0.0,-99,-99,-99,新北市,06,三峽區,057
24.940806,121.361500,三峽,C0AC60,2017-09-29T23:00:00+08:00,55.0,83,2.0,27.4,0.78,1009.0,-99,0.0,8.8,96,2017-09-29T22:22:00+08:00,新北市,06,三峽區,057
24.940806,121.361500,三峽,C0AC60,2017-09-30T00:00:00+08:00,55.0,82,3.2,27.4,0.77,1008.7,-99,0.0,-99,-99,-99,新北市,06,三峽區,057
24.940806,121.361500,三峽,C0AC60,2017-09-30T01:00:00+08:00,55.0,77,2.2,27.5,0.78,1008.4,-99,0.0,7.7,73,2017-09-30T00:57:00+08:00,新北市,06,三峽區,057
24.940806,121.361500,三峽,C0AC60,2017-09-30T02:00:00+08:00,55.0,83,2.3,27.6,0.73,1008.2,-99,0.0,9.3,89,2017-09-30T01:58:00+08:00,新北市,06,三峽區,057
24.940806,121.361500,三峽,C0AC60,2017-09-30T03:00:00+08:00,55.0,78,2.7,27.4,0.72,1007.9,-99,0.0,-99,-99,-99,新北市,06,三峽區,057
24.940806,121.361500,三峽,C0AC60,2017-09-30T04:00:00+08:00,55.0,82,2.5,27.3,0.71,1007.6,-99,0.0,-99,-99,-99,新北市,06,三峽區,057
24.940806,121.361500,三峽,C0AC60,2017-09-30T05:00:00+08:00,55.0,74,3.4,27.6,0.66,1007.7,-99,0.0,8.8,85,2017-09-30T04:23:00+08:00,新北市,06,三峽區,057
24.940806,121.361500,三峽,C0AC60,2017-09-30T06:00:00+08:00,55.0,76,3.9,27.8,0.7,1007.4,-99,0.0,11.0,94,2017-09-30T05:53:00+08:00,新北市,06,三峽區,057
24.940806,121.361500,三峽,C0AC60,2017-09-30T07:00:00+08:00,55.0,77,4.1,27.9,0.73,1007.2,-99,0.0,12.1,73,2017-09-30T06:45:00+08:00,新北市,06,三峽區,057
24.940806,121.361500,三峽,C0AC60,2017-09-30T08:00:00+08:00,55.0,79,3.9,29.2,0.68,1007.3,-99,0.0,12.1,83,2017-09-30T07:08:00+08:00,新北市,06,三峽區,057
24.940806,121.361500,三峽,C0AC60,2017-09-30T09:00:00+08:00,55.0,75,3.8,30.4,0.64,1008.0,-99,0.0,11.0,70,2017-09-30T08:51:00+08:00,新北市,06,三峽區,057
24.940806,121.361500,三峽,C0AC60,2017-09-30T10:00:00+08:00,55.0,94,2.5,32.1,0.58,1008.0,-99,0.0,8.2,59,2017-09-30T09:31:00+08:00,新北市,06,三峽區,057
24.940806,121.361500,三峽,C0AC60,2017-09-30T11:00:00+08:00,55.0,88,2.9,32.1,0.58,1008.0,-99,0.0,8.8,54,2017-09-30T10:39:00+08:00,新北市,06,三峽區,057
24.940806,121.361500,三峽,C0AC60,2017-09-30T12:00:00+08:00,55.0,84,3.1,33.3,0.53,1007.5,-99,0.0,9.3,49,2017-09-30T11:51:00+08:00,新北市,06,三峽區,057
24.940806,121.361500,三峽,C0AC60,2017-09-30T13:00:00+08:00,55.0,93,2.2,33.9,0.52,1006.9,-99,0.0,9.9,68,2017-09-30T12:16:00+08:00,新北市,06,三峽區,057
24.940806,121.361500,三峽,C0AC60,2017-09-30T14:00:00+08:00,55.0,87,2.9,34.7,0.5,1006.2,-99,0.0,8.8,77,2017-09-30T13:57:00+08:00,新北市,06,三峽區,057
24.940806,121.361500,三峽,C0AC60,2017-09-30T15:00:00+08:00,55.0,89,2.0,33.9,0.53,1006.0,-99,0.0,-99,-99,-99,新北市,06,三峽區,057
24.940806,121.361500,三峽,C0AC60,2017-09-30T16:00:00+08:00,55.0,74,1.9,33.9,0.53,1006.0,-99,0.0,-99,-99,-99,新北市,06,三峽區,057
24.940806,121.361500,三峽,C0AC60,2017-09-30T17:00:00+08:00,55.0,71,1.6,32.4,0.58,1006.3,-99,0.0,-99,-99,-99,新北市,06,三峽區,057
24.940806,121.361500,三峽,C0AC60,2017-09-30T18:00:00+08:00,55.0,76,2.6,31.1,0.61,1006.4,-99,0.0,7.7,79,2017-09-30T17:52:00+08:00,新北市,06,三峽區,057
24.940806,121.361500,三峽,C0AC60,2017-09-30T19:00:00+08:00,55.0,81,3.0,30.2,0.63,1006.8,-99,0.0,-99,-99,-99,新北市,06,三峽區,057
24.940806,121.361500,三峽,C0AC60,2017-09-30T20:00:00+08:00,55.0,81,2.3,29.8,0.65,1007.4,-99,0.0,-99,-99,-99,新北市,06,三峽區,057
24.940806,121.361500,三峽,C0AC60,2017-09-30T21:00:00+08:00,55.0,84,1.6,29.7,0.65,1008.1,-99,0.0,-99,-99,-99,新北市,06,三峽區,057
24.940806,121.361500,三峽,C0AC60,2017-09-30T22:00:00+08:00,55.0,92,1.2,29.6,0.65,1008.3,-99,0.0,-99,-99,-99,新北市,06,三峽區,057
24.940806,121.361500,三峽,C0AC60,2017-09-30T23:00:00+08:00,55.0,0,0.2,29.5,0.65,1008.2,-99,0.0,-99,-99,-99,新北市,06,三峽區,057
