24.940806,121.361500,三峽,C0AC60,2018-01-01T00:00:00+08:00,55.0,92,2.1,15.0,0.8,1016.7,-99,1.0,-99,-99,-99,新北市,06,三峽區,057
24.940806,121.361500,三峽,C0AC60,2018-01-01T01:00:00+08:00,55.0,99,2.5,15.2,0.79,1016.1,-99,0.0,-99,-99,-99,新北市,06,三峽區,057
24.940806,121.361500,三峽,C0AC60,2018-01-01T02:00:00+08:00,55.0,93,3.0,15.3,0.79,1015.8,-99,0.0,7.7,89,2018-01-01T01:45:00+08:00,新北市,06,三峽區,057
24.940806,121.361500,三峽,C0AC60,2018-01-01T03:00:00+08:00,55.0,97,2.2,15.2,0.81,1015.6,-99,0.0,8.2,75,2018-01-01T02:07:00+08:00,新北市,06,三峽區,057
24.940806,121.361500,三峽,C0AC60,2018-01-01T04:00:00+08:00,55.0,94,3.1,15.1,0.79,1015.4,-99,0.0,-99,-99,-99,新北市,06,三峽區,057
24.940806,121.361500,三峽,C0AC60,2018-01-01T05:00:00+08:00,55.0,90,3.0,15.3,0.79,1015.4,-99,0.0,8.2,84,2018-01-01T04:14:00+08:00,新北市,06,三峽區,057
24.940806,121.361500,三峽,C0AC60,2018-01-01T06:00:00+08:00,55.0,93,3.1,15.3,0.81,1015.7,-99,0.0,8.2,78,2018-01-01T05:44:00+08:00,新北市,06,三峽區,057
24.940806,121.361500,三峽,C0AC60,2018-01-01T07:00:00+08:00,55.0,92,2.7,15.4,0.79,1016.2,-99,0.0,9.9,71,2018-01-01T06:07:00+08:00,新北市,06,三峽區,057
24.940806,121.361500,三峽,C0AC60,2018-01-01T08:00:00+08:00,55.0,73,4.2,16.0,0.76,1016.3,-99,0.0,11.0,60,2018-01-01T07:54:00+08:00,新北市,06,三峽區,057
24.940806,121.361500,三峽,C0AC60,2018-01-01T09:00:00+08:00,55.0,76,4.7,16.7,0.74,1016.4,-99,0.0,12.6,71,2018-01-01T08:51:00+08:00,新北市,06,三峽區,057
24.940806,121.361500,三峽,C0AC60,2018-01-01T10:00:00+08:00,55.0,79,4.4,17.6,0.72,1016.5,-99,0.0,11.5,75,2018-01-01T09:19:00+08:00,新北市,06,三峽區,057
24.940806,121.361500,三峽,C0AC60,2018-01-01T11:00:00+08:00,55.0,75,5.0,18.2,0.71,1015.7,-99,0.0,12.1,71,2018-01-01T10:35:00+08:00,新北市,06,三峽區,057
24.940806,121.361500,三峽,C0AC60,2018-01-01T12:00:00+08:00,55.0,80,4.3,19.0,0.7,1014.7,-99,0.0,12.1,52,2018-01-01T11:02:00+08:00,新北市,06,三峽區,057
24.940806,121.361500,三峽,C0AC60,2018-01-01T13:00:00+08:00,55.0,74,4.0,19.3,0.69,1013.6,-99,0.0,11.5,104,2018-01-01T12:17:00+08:00,新北市,06,三峽區,057
24.940806,121.361500,三峽,C0AC60,2018-01-01T14:00:00+08:00,55.0,73,4.6,18.9,0.71,1012.9,-99,0.0,12.6,82,2018-01-01T13:51:00+08:00,新北市,06,三峽區,057
24.940806,121.361500,三峽,C0AC60,2018-01-01T15:00:00+08:00,55.0,76,4.8,18.9,0.72,1012.6,-99,0.0,12.6,82,2018-01-01T14:35:00+08:00,新北市,06,三峽區,057
24.940806,121.361500,三峽,C0AC60,2018-01-01T16:00:00+08:00,55.0,78,4.3,18.2,0.76,1012.6,-99,0.0,12.1,86,2018-01-01T15:09:00+08:00,新北市,06,三峽區,057
24.940806,121.361500,三峽,C0AC60,2018-01-01T17:00:00+08:00,55.0,79,4.8,17.3,0.81,1012.7,-99,0.0,12.1,74,2018-01-01T16:18:00+08:00,新北市,06,三峽區,057
24.940806,121.361500,三峽,C0AC60,2018-01-01T18:00:00+08:00,55.0,81,4.2,17.0,0.83,1013.3,-99,0.0,11.0,75,2018-01-01T17:46:00+08:00,新北市,06,三峽區,057
24.940806,121.361500,三峽,C0AC60,2018-01-01T19:00:00+08:00,55.0,76,4.6,17.1,0.84,1013.8,-99,0.0,12.1,78,2018-01-01T18:26:00+08:00,新北市,06,三峽區,057
24.940806,121.361500,三峽,C0AC60,2018-01-01T20:00:00+08:00,55.0,77,3.6,17.0,0.86,1014.2,-99,0.0,11.0,87,2018-01-01T19:09:00+08:00,新北市,06,三峽區,057
24.940806,121.361500,三峽,C0AC60,2018-01-01T21:00:00+08:00,55.0,73,3.2,17.1,0.86,1014.7,-99,0.0,9.3,74,2018-01-01T20:13:00+08:00,新北市,06,三峽區,057
24.940806,121.361500,三峽,C0AC60,2018-01-01T22:00:00+08:00,55.0,78,3.9,17.5,0.85,1015.0,-99,0.0,10.4,75,2018-01-01T21:35:00+08:00,新北市,06,三峽區,057
24.940806,121.361500,三峽,C0AC60,2018-01-01T23:00:00+08:00,55.0,79,3.3,17.5,0.84,1014.9,-99,0.0,8.8,98,2018-01-01T22:36:00+08:00,新北市,06,三峽區,057
24.940806,121.361500,三峽,C0AC60,2018-01-02T00:00:00+08:00,55.0,79,4.0,17.6,0.85,1014.9,-99,0.0,-99,-99,-99,新北市,06,三峽區,057
24.940806,121.361500,三峽,C0AC60,2018-01-02T01:00:00+08:00,55.0,83,3.4,17.5,0.87,1014.4,-99,0.0,11.0,80,2018-01-02T00:46:00+08:00,新北市,06,三峽區,057
24.940806,121.361500,三峽,C0AC60,2018-01-02T02:00:00+08:00,55.0,77,3.6,17.7,0.86,1013.8,-99,0.0,11.5,79,2018-01-02T01:53:00+08:00,新北市,06,三峽區,057
24.940806,121.361500,三峽,C0AC60,2018-01-02T03:00:00+08:00,55.0,80,3.9,17.7,0.86,1013.4,-99,0.0,11.5,93,2018-01-02T02:30:00+08:00,新北市,06,三峽區,057
24.940806,121.361500,三峽,C0AC60,2018-01-02T04:00:00+08:00,55.0,76,3.7,17.7,0.86,1013.1,-99,0.0,8.8,75,2018-01-02T03:55:00+08:00,新北市,06,三峽區,057
24.940806,121.361500,三峽,C0AC60,2018-01-02T05:00:00+08:00,55.0,78,3.5,17.8,0.86,1013.3,-99,0.0,10.4,105,2018-01-02T04:05:00+08:00,新北市,06,三峽區,057
24.940806,121.361500,三峽,C0AC60,2018-01-02T06:00:00+08:00,55.0,75,3.8,17.7,0.85,1013.7,-99,0.0,9.3,70,2018-01-02T05:59:00+08:00,新北市,06,三峽區,057
24.940806,121.361500,三峽,C0AC60,2018-01-02T07:00:00+08:00,55.0,75,4.2,17.8,0.84,1014.3,-99,0.0,9.9,71,2018-01-02T06:34:00+08:00,新北市,06,三峽區,057
24.940806,121.361500,三峽,C0AC60,2018-01-02T08:00:00+08:00,55.0,79,3.8,18.4,0.83,1014.4,-99,0.0,9.3,52,2018-01-02T07:13:00+08:00,新北市,06,三峽區,057
24.940806,121.361500,三峽,C0AC60,2018-01-02T09:00:00+08:00,55.0,74,3.7,19.8,0.76,1014.5,-99,0.0,10.4,73,2018-01-02T08:09:00+08:00,新北市,06,三峽區,057
24.940806,121.361500,三峽,C0AC60,2018-01-02T10:00:00+08:00,55.0,71,3.5,21.2,0.7,1014.3,-99,0.0,9.9,66,2018-01-02T09:29:00+08:00,新北市,06,三峽區,057
24.940806,121.361500,三峽,C0AC60,2018-01-02T11:00:00+08:00,55.0,75,3.7,22.1,0.66,1013.6,-99,0.0,9.3,51,2018-01-02T10:10:00+08:00,新北市,06,三峽區,057
24.940806,121.361500,三峽,C0AC60,2018-01-02T12:00:00+08:00,55.0,73,3.1,23.3,0.6,1012.5,-99,0.0,10.4,79,2018-01-02T11:05:00+08:00,新北市,06,三峽區,057
24.940806,121.361500,三峽,C0AC60,2018-01-02T13:00:00+08:00,55.0,59,3.1,23.9,0.57,1011.5,-99,0.0,8.8,75,2018-01-02T12:28:00+08:00,新北市,06,三峽區,057
24.940806,121.361500,三峽,C0AC60,2018-01-02T14:00:00+08:00,55.0,60,2.8,24.4,0.54,1010.4,-99,0.0,-99,-99,-99,新北市,06,三峽區,057
24.940806,121.361500,三峽,C0AC60,2018-01-02T15:00:00+08:00,55.0,68,2.5,24.2,0.53,1009.7,-99,0.0,-99,-99,-99,新北市,06,三峽區,057
24.940806,121.361500,三峽,C0AC60,2018-01-02T16:00:00+08:00,55.0,73,2.8,23.1,0.58,1010.1,-99,0.0,8.2,76,2018-01-02T15:47:00+08:00,新北市,06,三峽區,057
24.940806,121.361500,三峽,C0AC60,2018-01-02T17:00:00+08:00,55.0,78,3.2,21.5,0.64,1010.4,-99,0.0,9.3,80,2018-01-02T16:45:00+08:00,新北市,06,三峽區,057
24.940806,121.361500,三峽,C0AC60,2018-01-02T18:00:00+08:00,55.0,80,3.3,20.5,0.7,1010.9,-99,0.0,9.3,72,2018-01-02T17:01:00+08:00,新北市,06,三峽區,057
24.940806,121.361500,三峽,C0AC60,2018-01-02T19:00:00+08:00,55.0,77,3.1,20.3,0.7,1010.8,-99,0.0,9.3,97,2018-01-02T18:14:00+08:00,新北市,06,三峽區,057
24.940806,121.361500,三峽,C0AC60,2018-01-02T20:00:00+08:00,55.0,79,3.0,20.5,0.68,1011.4,-99,0.0,-99,-99,-99,新北市,06,三峽區,057
24.940806,121.361500,三峽,C0AC60,2018-01-02T21:00:00+08:00,55.0,78,3.0,20.4,0.7,1011.9,-99,0.0,-99,-99,-99,新北市,06,三峽區,057
24.940806,121.361500,三峽,C0AC60,2018-01-02T22:00:00+08:00,55.0,104,0.8,19.1,0.76,1012.1,-99,0.0,8.2,83,2018-01-02T21:14:00+08:00,新北市,06,三峽區,057
24.940806,121.361500,三峽,C0AC60,2018-01-02T23:00:00+08:00,55.0,180,1.9,17.1,0.85,1012.2,-99,0.0,-99,-99,-99,新北市,06,三峽區,057
24.940806,121.361500,三峽,C0AC60,2018-01-03T00:00:00+08:00,55.0,155,1.1,16.5,0.87,1012.5,-99,0.0,-99,-99,-99,新北市,06,三峽區,057
24.940806,121.361500,三峽,C0AC60,2018-01-03T01:00:00+08:00,55.0,160,2.3,16.0,0.9,1012.7,-99,0.0,-99,-99,-99,新北市,06,三峽區,057
24.940806,121.361500,三峽,C0AC60,2018-01-03T02:00:00+08:00,55.0,162,2.5,15.8,0.9,1012.3,-99,0.0,-99,-99,-99,新北市,06,三峽區,057
24.940806,121.361500,三峽,C0AC60,2018-01-03T03:00:00+08:00,55.0,166,1.3,15.7,0.9,1012.4,-99,0.0,-99,-99,-99,新北市,06,三峽區,057
24.940806,121.361500,三峽,C0AC60,2018-01-03T04:00:00+08:00,55.0,160,2.8,14.9,0.95,1012.5,-99,0.0,-99,-99,-99,新北市,06,三峽區,057
24.940806,121.361500,三峽,C0AC60,2018-01-03T05:00:00+08:00,55.0,0,0.2,15.6,0.89,1012.1,-99,0.0,-99,-99,-99,新北市,06,三峽區,057
24.940806,121.361500,三峽,C0AC60,2018-01-03T06:00:00+08:00,55.0,0,0.0,15.2,0.92,1012.4,-99,0.0,-99,-99,-99,新北市,06,三峽區,057
24.940806,121.361500,三峽,C0AC60,2018-01-03T07:00:00+08:00,55.0,0,0.2,14.5,0.96,1013.1,-99,0.0,-99,-99,-99,新北市,06,三峽區,057
24.940806,121.361500,三峽,C0AC60,2018-01-03T08:00:00+08:00,55.0,0,0.0,15.8,0.93,1014.3,-99,0.0,-99,-99,-99,新北市,06,三峽區,057
24.940806,121.361500,三峽,C0AC60,2018-01-03T09:00:00+08:00,55.0,173,0.9,18.6,0.79,1014.6,-99,0.0,-99,-99,-99,新北市,06,三峽區,057
24.940806,121.361500,三峽,C0AC60,2018-01-03T10:00:00+08:00,55.0,0,0.2,21.9,0.69,1014.2,-99,0.0,-99,-99,-99,新北市,06,三峽區,057
24.940806,121.361500,三峽,C0AC60,2018-01-03T11:00:00+08:00,55.0,100,0.7,24.7,0.55,1013.1,-99,0.0,-99,-99,-99,新北市,06,三峽區,057
24.940806,121.361500,三峽,C0AC60,2018-01-03T12:00:00+08:00,55.0,66,1.6,25.1,0.53,1012.0,-99,0.0,-99,-99,-99,新北市,06,三峽區,057
24.940806,121.361500,三峽,C0AC60,2018-01-03T13:00:00+08:00,55.0,44,1.7,25.2,0.53,1010.9,-99,0.0,-99,-99,-99,新北市,06,三峽區,057
24.940806,121.361500,三峽,C0AC60,2018-01-03T14:00:00+08:00,55.0,79,2.3,25.8,0.53,1009.9,-99,0.0,-99,-99,-99,新北市,06,三峽區,057
24.940806,121.361500,三峽,C0AC60,2018-01-03T15:00:00+08:00,55.0,96,2.8,24.3,0.58,1009.6,-99,0.0,-99,-99,-99,新北市,06,三峽區,057
24.940806,121.361500,三峽,C0AC60,2018-01-03T16:00:00+08:00,55.0,87,1.7,23.1,0.63,1009.8,-99,0.0,-99,-99,-99,新北市,06,三峽區,057
24.940806,121.361500,三峽,C0AC60,2018-01-03T17:00:00+08:00,55.0,73,2.2,21.9,0.7,1010.3,-99,0.0,7.7,62,2018-01-03T17:00:00+08:00,新北市,06,三峽區,057
24.940806,121.361500,三峽,C0AC60,2018-01-03T18:00:00+08:00,55.0,70,2.6,20.8,0.75,1011.2,-99,0.0,-99,-99,-99,新北市,06,三峽區,057
24.940806,121.361500,三峽,C0AC60,2018-01-03T19:00:00+08:00,55.0,79,2.4,20.4,0.77,1012.0,-99,0.0,-99,-99,-99,新北市,06,三峽區,057
24.940806,121.361500,三峽,C0AC60,2018-01-03T20:00:00+08:00,55.0,86,3.0,20.6,0.76,1012.7,-99,0.0,7.7,81,2018-01-03T19:22:00+08:00,新北市,06,三峽區,057
24.940806,121.361500,三峽,C0AC60,2018-01-03T21:00:00+08:00,55.0,67,2.5,20.5,0.77,1012.8,-99,0.0,7.7,97,2018-01-03T20:24:00+08:00,新北市,06,三峽區,057
24.940806,121.361500,三峽,C0AC60,2018-01-03T22:00:00+08:00,55.0,81,2.6,20.5,0.77,1012.6,-99,0.0,9.3,81,2018-01-03T21:47:00+08:00,新北市,06,三峽區,057
24.940806,121.361500,三峽,C0AC60,2018-01-03T23:00:00+08:00,55.0,81,3.9,20.1,0.8,1012.1,-99,0.0,10.4,78,2018-01-03T22:44:00+08:00,新北市,06,三峽區,057
24.940806,121.361500,三峽,C0AC60,2018-01-04T00:00:00+08:00,55.0,78,3.3,20.1,0.8,1011.6,-99,0.0,-99,-99,-99,新北市,06,三峽區,057
24.940806,121.361500,三峽,C0AC60,2018-01-04T01:00:00+08:00,55.0,85,2.2,20.1,0.81,1011.7,-99,0.0,8.2,71,2018-01-04T00:37:00+08:00,新北市,06,三峽區,057
24.940806,121.361500,三峽,C0AC60,2018-01-04T02:00:00+08:00,55.0,176,1.3,18.0,0.91,1011.6,-99,0.0,-99,-99,-99,新北市,06,三峽區,057
24.940806,121.361500,三峽,C0AC60,2018-01-04T03:00:00+08:00,55.0,159,2.5,17.5,0.92,1011.7,-99,0.0,-99,-99,-99,新北市,06,三峽區,057
24.940806,121.361500,三峽,C0AC60,2018-01-04T04:00:00+08:00,55.0,165,1.9,17.3,0.92,1011.6,-99,0.0,-99,-99,-99,新北市,06,三峽區,057
24.940806,121.361500,三峽,C0AC60,2018-01-04T05:00:00+08:00,55.0,143,1.3,17.0,0.93,1011.2,-99,0.0,-99,-99,-99,新北市,06,三峽區,057
24.940806,121.361500,三峽,C0AC60,2018-01-04T06:00:00+08:00,55.0,159,1.4,16.7,0.93,1011.1,-99,0.0,-99,-99,-99,新北市,06,三峽區,057
24.940806,121.361500,三峽,C0AC60,2018-01-04T07:00:00+08:00,55.0,166,0.4,16.4,0.95,1011.5,-99,0.0,-99,-99,-99,新北市,06,三峽區,057
24.940806,121.361500,三峽,C0AC60,2018-01-04T08:00:00+08:00,55.0,0,0.0,17.2,0.94,1011.9,-99,0.0,-99,-99,-99,新北市,06,三峽區,057
24.940806,121.361500,三峽,C0AC60,2018-01-04T09:00:00+08:00,55.0,222,1.4,19.5,0.87,1012.8,-99,0.0,-99,-99,-99,新北市,06,三峽區,057
24.940806,121.361500,三峽,C0AC60,2018-01-04T10:00:00+08:00,55.0,265,1.6,20.8,0.82,1012.7,-99,0.0,-99,-99,-99,新北市,06,三峽區,057
24.940806,121.361500,三峽,C0AC60,2018-01-04T11:00:00+08:00,55.0,274,1.5,21.1,0.81,1012.1,-99,0.0,-99,-99,-99,新北市,06,三峽區,057
24.940806,121.361500,三峽,C0AC60,2018-01-04T12:00:00+08:00,55.0,266,1.6,21.9,0.75,1011.1,-99,0.0,-99,-99,-99,新北市,06,三峽區,057
24.940806,121.361500,三峽,C0AC60,2018-01-04T13:00:00+08:00,55.0,236,1.7,21.8,0.79,1010.3,-99,0.0,-99,-99,-99,新北市,06,三峽區,057
24.940806,121.361500,三峽,C0AC60,2018-01-04T14:00:00+08:00,55.0,298,1.4,21.8,0.78,1009.2,-99,0.0,-99,-99,-99,新北市,06,三峽區,057
24.940806,121.361500,三峽,C0AC60,2018-01-04T15:00:00+08:00,55.0,304,0.9,21.4,0.83,1009.1,-99,0.0,-99,-99,-99,新北市,06,三峽區,057
24.940806,121.361500,三峽,C0AC60,2018-01-04T16:00:00+08:00,55.0,319,1.3,20.4,0.9,1009.2,-99,0.0,-99,-99,-99,新北市,06,三峽區,057
24.940806,121.361500,三峽,C0AC60,2018-01-04T17:00:00+08:00,55.0,308,1.2,19.3,0.98,1009.6,-99,0.0,-99,-99,-99,新北市,06,三峽區,057
24.940806,121.361500,三峽,C0AC60,2018-01-04T18:00:00+08:00,55.0,282,0.5,18.9,0.99,1010.1,-99,0.5,-99,-99,-99,新北市,06,三峽區,057
24.940806,121.361500,三峽,C0AC60,2018-01-04T19:00:00+08:00,55.0,280,1.4,18.6,0.99,1010.8,-99,0.5,-99,-99,-99,新北市,06,三峽區,057
24.940806,121.361500,三峽,C0AC60,2018-01-04T20:00:00+08:00,55.0,304,0.6,18.1,0.99,1011.2,-99,0.5,-99,-99,-99,新北市,06,三峽區,057
24.940806,121.361500,三峽,C0AC60,2018-01-04T21:00:00+08:00,55.0,236,1.3,17.7,0.99,1011.1,-99,0.5,-99,-99,-99,新北市,06,三峽區,057
24.940806,121.361500,三峽,C0AC60,2018-01-04T22:00:00+08:00,55.0,298,0.9,17.6,0.99,1010.9,-99,0.5,-99,-99,-99,新北市,06,三峽區,057
24.940806,121.361500,三峽,C0AC60,2018-01-04T23:00:00+08:00,55.0,241,1.3,17.3,0.99,1010.5,-99,0.5,-99,-99,-99,新北市,06,三峽區,057
24.940806,121.361500,三峽,C0AC60,2018-01-05T00:00:00+08:00,55.0,320,1.2,17.1,0.99,1010.0,-99,0.5,-99,-99,-99,新北市,06,三峽區,057
24.940806,121.361500,三峽,C0AC60,2018-01-05T01:00:00+08:00,55.0,313,0.9,17.0,0.99,1010.4,-99,-99,-99,-99,-99,新北市,06,三峽區,057
24.940806,121.361500,三峽,C0AC60,2018-01-05T02:00:00+08:00,55.0,292,1.0,16.6,0.99,1010.4,-99,0.0,-99,-99,-99,新北市,06,三峽區,057
24.940806,121.361500,三峽,C0AC60,2018-01-05T03:00:00+08:00,55.0,272,0.5,16.5,0.99,1010.1,-99,0.0,-99,-99,-99,新北市,06,三峽區,057
24.940806,121.361500,三峽,C0AC60,2018-01-05T04:00:00+08:00,55.0,292,0.7,16.4,0.99,1010.3,-99,0.0,-99,-99,-99,新北市,06,三峽區,057
24.940806,121.361500,三峽,C0AC60,2018-01-05T05:00:00+08:00,55.0,0,0.2,16.3,0.99,1010.2,-99,1.0,-99,-99,-99,新北市,06,三峽區,057
24.940806,121.361500,三峽,C0AC60,2018-01-05T06:00:00+08:00,55.0,0,0.0,16.4,0.99,1010.7,-99,1.0,-99,-99,-99,新北市,06,三峽區,057
24.940806,121.361500,三峽,C0AC60,2018-01-05T07:00:00+08:00,55.0,321,0.5,16.4,0.99,1011.7,-99,1.0,-99,-99,-99,新北市,06,三峽區,057
24.940806,121.361500,三峽,C0AC60,2018-01-05T08:00:00+08:00,55.0,0,0.1,16.3,0.99,1012.7,-99,2.0,-99,-99,-99,新北市,06,三峽區,057
24.940806,121.361500,三峽,C0AC60,2018-01-05T09:00:00+08:00,55.0,0,0.0,16.6,0.99,1013.3,-99,3.0,-99,-99,-99,新北市,06,三峽區,057
24.940806,121.361500,三峽,C0AC60,2018-01-05T10:00:00+08:00,55.0,0,0.1,16.6,0.99,1013.6,-99,3.0,-99,-99,-99,新北市,06,三峽區,057
24.940806,121.361500,三峽,C0AC60,2018-01-05T11:00:00+08:00,55.0,88,0.6,16.4,0.99,1013.2,-99,3.0,-99,-99,-99,新北市,06,三峽區,057
24.940806,121.361500,三峽,C0AC60,2018-01-05T12:00:00+08:00,55.0,103,0.7,16.2,0.99,1012.6,-99,3.0,-99,-99,-99,新北市,06,三峽區,057
24.940806,121.361500,三峽,C0AC60,2018-01-05T13:00:00+08:00,55.0,91,0.6,16.1,0.99,1011.9,-99,3.5,-99,-99,-99,新北市,06,三峽區,057
24.940806,121.361500,三峽,C0AC60,2018-01-05T14:00:00+08:00,55.0,94,1.5,16.3,0.99,1011.2,-99,3.5,-99,-99,-99,新北市,06,三峽區,057
24.940806,121.361500,三峽,C0AC60,2018-01-05T15:00:00+08:00,55.0,97,0.9,16.2,0.99,1011.1,-99,3.5,-99,-99,-99,新北市,06,三峽區,057
24.940806,121.361500,三峽,C0AC60,2018-01-05T16:00:00+08:00,55.0,71,1.4,16.2,0.99,1011.4,-99,3.5,-99,-99,-99,新北市,06,三峽區,057
24.940806,121.361500,三峽,C0AC60,2018-01-05T17:00:00+08:00,55.0,92,2.3,16.6,0.94,1011.9,-99,3.5,-99,-99,-99,新北市,06,三峽區,057
24.940806,121.361500,三峽,C0AC60,2018-01-05T18:00:00+08:00,55.0,94,2.0,16.4,0.94,1012.1,-99,3.5,-99,-99,-99,新北市,06,三峽區,057
24.940806,121.361500,三峽,C0AC60,2018-01-05T19:00:00+08:00,55.0,97,1.9,16.3,0.95,1012.5,-99,3.5,7.7,94,2018-01-05T18:32:00+08:00,新北市,06,三峽區,057
24.940806,121.361500,三峽,C0AC60,2018-01-05T20:00:00+08:00,55.0,91,1.9,16.2,0.94,1012.5,-99,3.5,7.1,75,2018-01-05T19:14:00+08:00,新北市,06,三峽區,057
24.940806,121.361500,三峽,C0AC60,2018-01-05T21:00:00+08:00,55.0,100,1.1,16.1,0.95,1012.1,-99,3.5,6.6,59,2018-01-05T20:43:00+08:00,新北市,06,三峽區,057
24.940806,121.361500,三峽,C0AC60,2018-01-05T22:00:00+08:00,55.0,80,3.2,16.6,0.91,1011.9,-99,3.5,9.3,75,2018-01-05T21:53:00+08:00,新北市,06,三峽區,057
24.940806,121.361500,三峽,C0AC60,2018-01-05T23:00:00+08:00,55.0,82,4.1,16.9,0.88,1011.3,-99,3.5,12.1,77,2018-01-05T22:31:00+08:00,新北市,06,三峽區,057
24.940806,121.361500,三峽,C0AC60,2018-01-06T00:00:00+08:00,55.0,77,4.1,16.8,0.89,1011.1,-99,3.5,10.4,79,2018-01-05T23:55:00+08:00,新北市,06,三峽區,057
24.940806,121.361500,三峽,C0AC60,2018-01-06T01:00:00+08:00,55.0,79,3.7,16.8,0.89,1011.0,-99,0.0,12.6,51,2018-01-06T00:42:00+08:00,新北市,06,三峽區,057
24.940806,121.361500,三峽,C0AC60,2018-01-06T02:00:00+08:00,55.0,76,4.3,16.8,0.89,1010.5,-99,0.0,12.1,69,2018-01-06T01:04:00+08:00,新北市,06,三峽區,057
24.940806,121.361500,三峽,C0AC60,2018-01-06T03:00:00+08:00,55.0,79,4.6,16.9,0.89,1010.4,-99,0.0,11.5,106,2018-01-06T02:29:00+08:00,新北市,06,三峽區,057
24.940806,121.361500,三峽,C0AC60,2018-01-06T04:00:00+08:00,55.0,78,4.5,16.7,0.9,1009.6,-99,0.0,11.5,95,2018-01-06T03:39:00+08:00,新北市,06,三峽區,057
24.940806,121.361500,三峽,C0AC60,2018-01-06T05:00:00+08:00,55.0,74,4.8,16.8,0.9,1009.7,-99,0.0,12.1,71,2018-01-06T04:44:00+08:00,新北市,06,三峽區,057
24.940806,121.361500,三峽,C0AC60,2018-01-06T06:00:00+08:00,55.0,74,4.8,16.7,0.92,1010.9,-99,0.0,11.5,96,2018-01-06T05:08:00+08:00,新北市,06,三峽區,057
24.940806,121.361500,三峽,C0AC60,2018-01-06T07:00:00+08:00,55.0,78,4.7,16.5,0.94,1011.1,-99,0.0,12.1,79,2018-01-06T06:56:00+08:00,新北市,06,三峽區,057
24.940806,121.361500,三峽,C0AC60,2018-01-06T08:00:00+08:00,55.0,77,4.1,16.6,0.94,1010.8,-99,0.0,11.5,86,2018-01-06T07:07:00+08:00,新北市,06,三峽區,057
24.940806,121.361500,三峽,C0AC60,2018-01-06T09:00:00+08:00,55.0,78,4.9,17.0,0.91,1011.0,-99,0.0,12.6,56,2018-01-06T08:03:00+08:00,新北市,06,三峽區,057
24.940806,121.361500,三峽,C0AC60,2018-01-06T10:00:00+08:00,55.0,77,5.5,17.0,0.94,1011.3,-99,0.0,12.6,88,2018-01-06T09:25:00+08:00,新北市,06,三峽區,057
24.940806,121.361500,三峽,C0AC60,2018-01-06T11:00:00+08:00,55.0,74,4.1,16.8,0.97,1011.1,-99,0.0,13.7,87,2018-01-06T10:47:00+08:00,新北市,06,三峽區,057
24.940806,121.361500,三峽,C0AC60,2018-01-06T12:00:00+08:00,55.0,78,4.2,16.5,0.99,1010.0,-99,2.5,12.6,93,2018-01-06T11:05:00+08:00,新北市,06,三峽區,057
24.940806,121.361500,三峽,C0AC60,2018-01-06T13:00:00+08:00,55.0,77,3.9,16.7,0.99,1008.8,-99,4.5,10.4,68,2018-01-06T12:32:00+08:00,新北市,06,三峽區,057
24.940806,121.361500,三峽,C0AC60,2018-01-06T14:00:00+08:00,55.0,76,3.6,17.0,0.99,1007.6,-99,5.0,9.9,97,2018-01-06T13:56:00+08:00,新北市,06,三峽區,057
24.940806,121.361500,三峽,C0AC60,2018-01-06T15:00:00+08:00,55.0,79,4.0,16.9,0.99,1009.0,-99,7.5,10.4,57,2018-01-06T14:05:00+08:00,新北市,06,三峽區,057
24.940806,121.361500,三峽,C0AC60,2018-01-06T16:00:00+08:00,55.0,82,3.6,16.9,0.99,1008.6,-99,8.0,10.4,76,2018-01-06T15:14:00+08:00,新北市,06,三峽區,057
24.940806,121.361500,三峽,C0AC60,2018-01-06T17:00:00+08:00,55.0,73,4.1,16.9,0.99,1009.0,-99,9.5,11.0,78,2018-01-06T16:32:00+08:00,新北市,06,三峽區,057
24.940806,121.361500,三峽,C0AC60,2018-01-06T18:00:00+08:00,55.0,75,2.9,16.9,0.99,1009.3,-99,10.5,10.4,73,2018-01-06T17:44:00+08:00,新北市,06,三峽區,057
24.940806,121.361500,三峽,C0AC60,2018-01-06T19:00:00+08:00,55.0,79,3.5,17.1,0.99,1009.6,-99,12.0,11.0,91,2018-01-06T18:54:00+08:00,新北市,06,三峽區,057
24.940806,121.361500,三峽,C0AC60,2018-01-06T20:00:00+08:00,55.0,81,2.4,17.1,0.99,1010.1,-99,15.0,7.7,101,2018-01-06T19:32:00+08:00,新北市,06,三峽區,057
24.940806,121.361500,三峽,C0AC60,2018-01-06T21:00:00+08:00,55.0,80,2.8,17.2,0.99,1010.4,-99,17.0,-99,-99,-99,新北市,06,三峽區,057
24.940806,121.361500,三峽,C0AC60,2018-01-06T22:00:00+08:00,55.0,90,1.6,17.4,0.99,1010.7,-99,17.5,-99,-99,-99,新北市,06,三峽區,057
24.940806,121.361500,三峽,C0AC60,2018-01-06T23:00:00+08:00,55.0,96,2.3,17.5,0.99,1010.8,-99,19.0,-99,-99,-99,新北市,06,三峽區,057
24.940806,121.361500,三峽,C0AC60,2018-01-07T00:00:00+08:00,55.0,81,3.0,17.6,0.99,1009.9,-99,19.5,-99,-99,-99,新北市,06,三峽區,057
24.940806,121.361500,三峽,C0AC60,2018-01-07T01:00:00+08:00,55.0,91,2.1,17.6,0.99,1009.8,-99,3.0,7.7,85,2018-01-07T00:48:00+08:00,新北市,06,三峽區,057
24.940806,121.361500,三峽,C0AC60,2018-01-07T02:00:00+08:00,55.0,89,2.4,17.8,0.99,1009.6,-99,7.0,-99,-99,-99,新北市,06,三峽區,057
24.940806,121.361500,三峽,C0AC60,2018-01-07T03:00:00+08:00,55.0,85,1.8,17.8,0.99,1009.4,-99,9.5,-99,-99,-99,新北市,06,三峽區,057
24.940806,121.361500,三峽,C0AC60,2018-01-07T05:00:00+08:00,55.0,80,1.8,17.6,0.99,1010.4,-99,22.5,-99,-99,-99,新北市,06,三峽區,057
24.940806,121.361500,三峽,C0AC60,2018-01-07T06:00:00+08:00,55.0,91,0.3,17.6,0.99,1010.4,-99,28.0,-99,-99,-99,新北市,06,三峽區,057
24.940806,121.361500,三峽,C0AC60,2018-01-07T07:00:00+08:00,55.0,90,1.2,17.4,0.99,1011.7,-99,35.5,6.6,44,2018-01-07T06:53:00+08:00,新北市,06,三峽區,057
24.940806,121.361500,三峽,C0AC60,2018-01-07T08:00:00+08:00,55.0,140,0.5,16.4,0.99,1012.8,-99,39.5,-99,-99,-99,新北市,06,三峽區,057
24.940806,121.361500,三峽,C0AC60,2018-01-07T09:00:00+08:00,55.0,96,0.8,16.7,0.99,1012.4,-99,40.5,-99,-99,-99,新北市,06,三峽區,057
24.940806,121.361500,三峽,C0AC60,2018-01-07T10:00:00+08:00,55.0,87,1.1,17.2,0.99,1012.2,-99,42.0,-99,-99,-99,新北市,06,三峽區,057
24.940806,121.361500,三峽,C0AC60,2018-01-07T11:00:00+08:00,55.0,87,2.0,17.2,0.99,1011.9,-99,44.0,-99,-99,-99,新北市,06,三峽區,057
24.940806,121.361500,三峽,C0AC60,2018-01-07T12:00:00+08:00,55.0,47,1.1,17.1,0.99,1010.7,-99,44.0,-99,-99,-99,新北市,06,三峽區,057
24.940806,121.361500,三峽,C0AC60,2018-01-07T13:00:00+08:00,55.0,93,1.5,17.1,0.99,1010.4,-99,48.0,-99,-99,-99,新北市,06,三峽區,057
24.940806,121.361500,三峽,C0AC60,2018-01-07T14:00:00+08:00,55.0,353,0.8,17.0,0.99,1009.7,-99,54.0,-99,-99,-99,新北市,06,三峽區,057
24.940806,121.361500,三峽,C0AC60,2018-01-07T15:00:00+08:00,55.0,78,2.8,16.9,0.99,1009.3,-99,57.0,8.8,95,2018-01-07T14:55:00+08:00,新北市,06,三峽區,057
24.940806,121.361500,三峽,C0AC60,2018-01-07T16:00:00+08:00,55.0,58,2.2,17.1,0.99,1009.3,-99,58.0,-99,-99,-99,新北市,06,三峽區,057
24.940806,121.361500,三峽,C0AC60,2018-01-07T17:00:00+08:00,55.0,83,1.9,16.9,0.99,1009.5,-99,62.0,7.1,71,2018-01-07T16:56:00+08:00,新北市,06,三峽區,057
24.940806,121.361500,三峽,C0AC60,2018-01-07T18:00:00+08:00,55.0,92,1.5,16.8,0.99,1009.1,-99,66.0,-99,-99,-99,新北市,06,三峽區,057
24.940806,121.361500,三峽,C0AC60,2018-01-07T19:00:00+08:00,55.0,59,1.8,17.4,0.99,1008.6,-99,68.0,-99,-99,-99,新北市,06,三峽區,057
24.940806,121.361500,三峽,C0AC60,2018-01-07T20:00:00+08:00,55.0,87,2.7,17.7,0.97,1007.4,-99,68.5,-99,-99,-99,新北市,06,三峽區,057
24.940806,121.361500,三峽,C0AC60,2018-01-07T21:00:00+08:00,55.0,98,1.0,18.4,0.91,1007.1,-99,68.5,6.6,102,2018-01-07T20:51:00+08:00,新北市,06,三峽區,057
24.940806,121.361500,三峽,C0AC60,2018-01-07T22:00:00+08:00,55.0,0,0.0,17.7,0.99,1007.5,-99,68.5,-99,-99,-99,新北市,06,三峽區,057
24.940806,121.361500,三峽,C0AC60,2018-01-07T23:00:00+08:00,55.0,163,1.0,17.4,0.99,1007.2,-99,69.0,-99,-99,-99,新北市,06,三峽區,057
24.940806,121.361500,三峽,C0AC60,2018-01-08T00:00:00+08:00,55.0,0,0.1,17.3,0.99,1006.8,-99,69.0,-99,-99,-99,新北市,06,三峽區,057
24.940806,121.361500,三峽,C0AC60,2018-01-08T01:00:00+08:00,55.0,150,0.3,17.3,0.99,1006.5,-99,0.0,-99,-99,-99,新北市,06,三峽區,057
24.940806,121.361500,三峽,C0AC60,2018-01-08T02:00:00+08:00,55.0,0,0.0,17.4,0.99,1006.7,-99,0.0,-99,-99,-99,新北市,06,三峽區,057
24.940806,121.361500,三峽,C0AC60,2018-01-08T03:00:00+08:00,55.0,312,0.8,17.3,0.99,1008.4,-99,3.5,-99,-99,-99,新北市,06,三峽區,057
24.940806,121.361500,三峽,C0AC60,2018-01-08T04:00:00+08:00,55.0,0,0.0,17.3,0.99,1008.4,-99,11.5,-99,-99,-99,新北市,06,三峽區,057
24.940806,121.361500,三峽,C0AC60,2018-01-08T05:00:00+08:00,55.0,161,1.0,17.3,0.99,1008.1,-99,19.0,-99,-99,-99,新北市,06,三峽區,057
24.940806,121.361500,三峽,C0AC60,2018-01-08T06:00:00+08:00,55.0,157,0.6,17.5,0.99,1007.8,-99,21.5,-99,-99,-99,新北市,06,三峽區,057
24.940806,121.361500,三峽,C0AC60,2018-01-08T07:00:00+08:00,55.0,135,1.1,17.6,0.99,1007.0,-99,21.5,-99,-99,-99,新北市,06,三峽區,057
24.940806,121.361500,三峽,C0AC60,2018-01-08T08:00:00+08:00,55.0,0,0.1,17.7,0.99,1007.4,-99,22.0,-99,-99,-99,新北市,06,三峽區,057
24.940806,121.361500,三峽,C0AC60,2018-01-08T09:00:00+08:00,55.0,54,1.8,17.8,0.99,1008.0,-99,22.0,-99,-99,-99,新北市,06,三峽區,057
24.940806,121.361500,三峽,C0AC60,2018-01-08T10:00:00+08:00,55.0,192,1.3,18.0,0.99,1009.5,-99,34.5,-99,-99,-99,新北市,06,三峽區,057
24.940806,121.361500,三峽,C0AC60,2018-01-08T11:00:00+08:00,55.0,233,2.9,18.4,0.99,1009.0,-99,42.0,-99,-99,-99,新北市,06,三峽區,057
24.940806,121.361500,三峽,C0AC60,2018-01-08T12:00:00+08:00,55.0,224,2.3,18.6,0.99,1008.6,-99,47.5,-99,-99,-99,新北市,06,三峽區,057
24.940806,121.361500,三峽,C0AC60,2018-01-08T13:00:00+08:00,55.0,238,0.9,19.0,0.99,1007.0,-99,49.0,-99,-99,-99,新北市,06,三峽區,057
24.940806,121.361500,三峽,C0AC60,2018-01-08T14:00:00+08:00,55.0,228,1.6,19.2,0.99,1006.5,-99,51.0,-99,-99,-99,新北市,06,三峽區,057
24.940806,121.361500,三峽,C0AC60,2018-01-08T15:00:00+08:00,55.0,232,1.9,19.0,0.98,1006.4,-99,53.0,-99,-99,-99,新北市,06,三峽區,057
24.940806,121.361500,三峽,C0AC60,2018-01-08T16:00:00+08:00,55.0,0,0.1,19.1,0.99,1007.0,-99,54.0,-99,-99,-99,新北市,06,三峽區,057
24.940806,121.361500,三峽,C0AC60,2018-01-08T17:00:00+08:00,55.0,319,0.3,18.7,0.99,1008.4,-99,56.5,-99,-99,-99,新北市,06,三峽區,057
24.940806,121.361500,三峽,C0AC60,2018-01-08T18:00:00+08:00,55.0,33,0.9,17.2,0.99,1009.8,-99,63.0,-99,-99,-99,新北市,06,三峽區,057
24.940806,121.361500,三峽,C0AC60,2018-01-08T19:00:00+08:00,55.0,90,1.9,16.0,0.99,1011.5,-99,70.5,-99,-99,-99,新北市,06,三峽區,057
24.940806,121.361500,三峽,C0AC60,2018-01-08T20:00:00+08:00,55.0,95,1.8,15.0,0.99,1012.1,-99,72.5,-99,-99,-99,新北市,06,三峽區,057
24.940806,121.361500,三峽,C0AC60,2018-01-08T21:00:00+08:00,55.0,85,2.0,14.3,0.99,1012.5,-99,75.0,8.2,82,2018-01-08T20:52:00+08:00,新北市,06,三峽區,057
24.940806,121.361500,三峽,C0AC60,2018-01-08T22:00:00+08:00,55.0,85,1.6,14.1,0.99,1013.0,-99,79.5,-99,-99,-99,新北市,06,三峽區,057
24.940806,121.361500,三峽,C0AC60,2018-01-08T23:00:00+08:00,55.0,63,0.5,13.8,0.99,1014.8,-99,85.5,-99,-99,-99,新北市,06,三峽區,057
24.940806,121.361500,三峽,C0AC60,2018-01-09T00:00:00+08:00,55.0,92,0.9,12.5,0.99,1015.0,-99,92.0,-99,-99,-99,新北市,06,三峽區,057
24.940806,121.361500,三峽,C0AC60,2018-01-09T01:00:00+08:00,55.0,93,1.9,12.1,0.99,1015.4,-99,4.0,-99,-99,-99,新北市,06,三峽區,057
24.940806,121.361500,三峽,C0AC60,2018-01-09T02:00:00+08:00,55.0,69,1.0,11.6,0.99,1015.7,-99,6.5,-99,-99,-99,新北市,06,三峽區,057
24.940806,121.361500,三峽,C0AC60,2018-01-09T03:00:00+08:00,55.0,0,0.0,11.5,0.99,1017.3,-99,10.5,-99,-99,-99,新北市,06,三峽區,057
24.940806,121.361500,三峽,C0AC60,2018-01-09T04:00:00+08:00,55.0,0,0.2,11.0,0.99,1017.4,-99,14.0,-99,-99,-99,新北市,06,三峽區,057
24.940806,121.361500,三峽,C0AC60,2018-01-09T05:00:00+08:00,55.0,90,0.9,10.6,0.99,1016.1,-99,16.0,-99,-99,-99,新北市,06,三峽區,057
24.940806,121.361500,三峽,C0AC60,2018-01-09T06:00:00+08:00,55.0,0,0.0,10.2,0.98,1017.9,-99,19.0,-99,-99,-99,新北市,06,三峽區,057
24.940806,121.361500,三峽,C0AC60,2018-01-09T07:00:00+08:00,55.0,99,0.3,9.8,0.94,1018.0,-99,20.5,-99,-99,-99,新北市,06,三峽區,057
24.940806,121.361500,三峽,C0AC60,2018-01-09T08:00:00+08:00,55.0,83,1.3,10.3,0.96,1018.5,-99,21.0,-99,-99,-99,新北市,06,三峽區,057
24.940806,121.361500,三峽,C0AC60,2018-01-09T09:00:00+08:00,55.0,85,1.0,10.5,0.89,1019.2,-99,21.0,-99,-99,-99,新北市,06,三峽區,057
24.940806,121.361500,三峽,C0AC60,2018-01-09T10:00:00+08:00,55.0,84,0.5,11.0,0.89,1019.1,-99,22.0,-99,-99,-99,新北市,06,三峽區,057
24.940806,121.361500,三峽,C0AC60,2018-01-09T11:00:00+08:00,55.0,36,1.0,11.9,0.94,1017.6,-99,22.0,-99,-99,-99,新北市,06,三峽區,057
24.940806,121.361500,三峽,C0AC60,2018-01-09T12:00:00+08:00,55.0,89,1.7,12.8,0.79,1016.6,-99,22.0,-99,-99,-99,新北市,06,三峽區,057
24.940806,121.361500,三峽,C0AC60,2018-01-09T13:00:00+08:00,55.0,82,2.3,12.7,0.76,1015.6,-99,22.0,-99,-99,-99,新北市,06,三峽區,057
24.940806,121.361500,三峽,C0AC60,2018-01-09T14:00:00+08:00,55.0,96,1.5,12.6,0.7,1015.0,-99,22.0,9.3,61,2018-01-09T13:02:00+08:00,新北市,06,三峽區,057
24.940806,121.361500,三峽,C0AC60,2018-01-09T15:00:00+08:00,55.0,81,1.7,11.8,0.78,1015.0,-99,22.5,-99,-99,-99,新北市,06,三峽區,057
24.940806,121.361500,三峽,C0AC60,2018-01-09T16:00:00+08:00,55.0,89,0.4,11.0,0.86,1016.1,-99,23.0,-99,-99,-99,新北市,06,三峽區,057
24.940806,121.361500,三峽,C0AC60,2018-01-09T18:00:00+08:00,55.0,93,1.2,10.2,0.97,1017.7,-99,26.0,-99,-99,-99,新北市,06,三峽區,057
24.940806,121.361500,三峽,C0AC60,2018-01-09T19:00:00+08:00,55.0,90,0.5,10.1,0.97,1018.0,-99,26.5,-99,-99,-99,新北市,06,三峽區,057
24.940806,121.361500,三峽,C0AC60,2018-01-09T20:00:00+08:00,55.0,87,1.4,9.9,0.93,1018.6,-99,27.0,-99,-99,-99,新北市,06,三峽區,057
24.940806,121.361500,三峽,C0AC60,2018-01-09T21:00:00+08:00,55.0,92,0.9,10.2,0.88,1018.9,-99,27.0,-99,-99,-99,新北市,06,三峽區,057
24.940806,121.361500,三峽,C0AC60,2018-01-09T22:00:00+08:00,55.0,0,0.1,9.8,0.95,1019.6,-99,27.5,-99,-99,-99,新北市,06,三峽區,057
24.940806,121.361500,三峽,C0AC60,2018-01-09T23:00:00+08:00,55.0,83,1.1,9.5,0.95,1019.2,-99,28.0,-99,-99,-99,新北市,06,三峽區,057
24.940806,121.361500,三峽,C0AC60,2018-01-10T00:00:00+08:00,55.0,85,1.7,9.3,0.87,1019.0,-99,28.0,-99,-99,-99,新北市,06,三峽區,057
24.940806,121.361500,三峽,C0AC60,2018-01-10T01:00:00+08:00,55.0,82,0.3,9.4,0.9,1019.5,-99,0.5,-99,-99,-99,新北市,06,三峽區,057
24.940806,121.361500,三峽,C0AC60,2018-01-10T02:00:00+08:00,55.0,88,0.9,10.0,0.81,1019.9,-99,0.5,-99,-99,-99,新北市,06,三峽區,057
24.940806,121.361500,三峽,C0AC60,2018-01-10T03:00:00+08:00,55.0,0,0.1,9.7,0.9,1019.8,-99,0.5,-99,-99,-99,新北市,06,三峽區,057
24.940806,121.361500,三峽,C0AC60,2018-01-10T04:00:00+08:00,55.0,160,0.5,9.3,0.92,1020.0,-99,0.5,-99,-99,-99,新北市,06,三峽區,057
24.940806,121.361500,三峽,C0AC60,2018-01-10T05:00:00+08:00,55.0,0,0.2,9.6,0.93,1019.8,-99,0.5,-99,-99,-99,新北市,06,三峽區,057
24.940806,121.361500,三峽,C0AC60,2018-01-10T06:00:00+08:00,55.0,0,0.0,9.4,0.96,1020.5,-99,0.5,-99,-99,-99,新北市,06,三峽區,057
24.940806,121.361500,三峽,C0AC60,2018-01-10T07:00:00+08:00,55.0,93,0.8,9.1,0.97,1020.5,-99,0.5,-99,-99,-99,新北市,06,三峽區,057
24.940806,121.361500,三峽,C0AC60,2018-01-10T08:00:00+08:00,55.0,91,0.9,9.3,0.96,1021.1,-99,0.5,-99,-99,-99,新北市,06,三峽區,057
24.940806,121.361500,三峽,C0AC60,2018-01-10T09:00:00+08:00,55.0,93,0.4,11.3,0.87,1022.1,-99,0.5,-99,-99,-99,新北市,06,三峽區,057
24.940806,121.361500,三峽,C0AC60,2018-01-10T10:00:00+08:00,55.0,33,1.6,13.3,0.53,1022.0,-99,0.5,-99,-99,-99,新北市,06,三峽區,057
24.940806,121.361500,三峽,C0AC60,2018-01-10T11:00:00+08:00,55.0,52,1.8,13.4,0.51,1021.0,-99,0.5,-99,-99,-99,新北市,06,三峽區,057
24.940806,121.361500,三峽,C0AC60,2018-01-10T12:00:00+08:00,55.0,87,1.4,13.7,0.48,1019.5,-99,0.5,-99,-99,-99,新北市,06,三峽區,057
24.940806,121.361500,三峽,C0AC60,2018-01-10T13:00:00+08:00,55.0,34,2.3,14.0,0.45,1018.8,-99,0.5,-99,-99,-99,新北市,06,三峽區,057
24.940806,121.361500,三峽,C0AC60,2018-01-10T14:00:00+08:00,55.0,21,1.5,13.6,0.43,1018.8,-99,0.5,-99,-99,-99,新北市,06,三峽區,057
24.940806,121.361500,三峽,C0AC60,2018-01-10T15:00:00+08:00,55.0,25,0.9,14.0,0.42,1018.7,-99,0.5,-99,-99,-99,新北市,06,三峽區,057
24.940806,121.361500,三峽,C0AC60,2018-01-10T16:00:00+08:00,55.0,64,1.9,13.6,0.37,1019.0,-99,0.5,-99,-99,-99,新北市,06,三峽區,057
24.940806,121.361500,三峽,C0AC60,2018-01-10T17:00:00+08:00,55.0,84,1.6,12.3,0.44,1019.6,-99,0.5,-99,-99,-99,新北市,06,三峽區,057
24.940806,121.361500,三峽,C0AC60,2018-01-10T18:00:00+08:00,55.0,95,1.5,11.3,0.53,1020.0,-99,0.5,-99,-99,-99,新北市,06,三峽區,057
24.940806,121.361500,三峽,C0AC60,2018-01-10T19:00:00+08:00,55.0,0,0.1,10.1,0.66,1020.4,-99,0.5,-99,-99,-99,新北市,06,三峽區,057
24.940806,121.361500,三峽,C0AC60,2018-01-10T20:00:00+08:00,55.0,89,1.6,9.4,0.69,1020.7,-99,0.5,-99,-99,-99,新北市,06,三峽區,057
24.940806,121.361500,三峽,C0AC60,2018-01-10T21:00:00+08:00,55.0,84,1.6,9.4,0.68,1020.9,-99,0.5,-99,-99,-99,新北市,06,三峽區,057
24.940806,121.361500,三峽,C0AC60,2018-01-10T22:00:00+08:00,55.0,94,1.2,10.3,0.63,1021.3,-99,0.5,-99,-99,-99,新北市,06,三峽區,057
24.940806,121.361500,三峽,C0AC60,2018-01-10T23:00:00+08:00,55.0,91,1.3,10.8,0.6,1020.8,-99,0.5,-99,-99,-99,新北市,06,三峽區,057
24.940806,121.361500,三峽,C0AC60,2018-01-11T00:00:00+08:00,55.0,70,0.7,10.5,0.63,1020.8,-99,0.5,-99,-99,-99,新北市,06,三峽區,057
24.940806,121.361500,三峽,C0AC60,2018-01-11T01:00:00+08:00,55.0,86,0.8,10.7,0.64,1020.5,-99,0.0,-99,-99,-99,新北市,06,三峽區,057
24.940806,121.361500,三峽,C0AC60,2018-01-11T02:00:00+08:00,55.0,82,0.8,10.5,0.65,1020.2,-99,0.0,-99,-99,-99,新北市,06,三峽區,057
24.940806,121.361500,三峽,C0AC60,2018-01-11T03:00:00+08:00,55.0,31,1.3,10.4,0.69,1020.8,-99,0.0,-99,-99,-99,新北市,06,三峽區,057
24.940806,121.361500,三峽,C0AC60,2018-01-11T04:00:00+08:00,55.0,82,1.0,10.4,0.68,1020.5,-99,0.0,-99,-99,-99,新北市,06,三峽區,057
24.940806,121.361500,三峽,C0AC60,2018-01-11T05:00:00+08:00,55.0,0,0.0,10.1,0.71,1020.5,-99,0.0,-99,-99,-99,新北市,06,三峽區,057
24.940806,121.361500,三峽,C0AC60,2018-01-11T06:00:00+08:00,55.0,0,0.1,9.5,0.76,1021.0,-99,0.0,-99,-99,-99,新北市,06,三峽區,057
24.940806,121.361500,三峽,C0AC60,2018-01-11T07:00:00+08:00,55.0,97,0.9,9.2,0.78,1021.4,-99,0.0,-99,-99,-99,新北市,06,三峽區,057
24.940806,121.361500,三峽,C0AC60,2018-01-11T08:00:00+08:00,55.0,63,0.4,10.7,0.7,1021.3,-99,0.0,-99,-99,-99,新北市,06,三峽區,057
24.940806,121.361500,三峽,C0AC60,2018-01-11T09:00:00+08:00,55.0,60,1.8,12.7,0.57,1021.9,-99,0.0,-99,-99,-99,新北市,06,三峽區,057
24.940806,121.361500,三峽,C0AC60,2018-01-11T09:00:00+08:00,55.0,60,1.8,12.7,0.57,1021.9,-99,0.0,-99,-99,-99,新北市,06,三峽區,057
24.940806,121.361500,三峽,C0AC60,2018-01-11T10:00:00+08:00,55.0,71,2.6,13.9,0.5,1021.9,-99,0.0,7.7,82,2018-01-11T09:03:00+08:00,新北市,06,三峽區,057
24.940806,121.361500,三峽,C0AC60,2018-01-11T11:00:00+08:00,55.0,91,2.0,15.0,0.45,1021.7,-99,0.0,8.2,89,2018-01-11T10:47:00+08:00,新北市,06,三峽區,057
24.940806,121.361500,三峽,C0AC60,2018-01-11T12:00:00+08:00,55.0,73,1.9,14.3,0.51,1020.8,-99,0.0,8.8,64,2018-01-11T11:34:00+08:00,新北市,06,三峽區,057
24.940806,121.361500,三峽,C0AC60,2018-01-11T13:00:00+08:00,55.0,78,2.9,13.9,0.5,1019.9,-99,0.0,8.8,79,2018-01-11T12:04:00+08:00,新北市,06,三峽區,057
24.940806,121.361500,三峽,C0AC60,2018-01-11T14:00:00+08:00,55.0,89,2.5,14.6,0.5,1019.5,-99,0.0,8.2,88,2018-01-11T13:09:00+08:00,新北市,06,三峽區,057
24.940806,121.361500,三峽,C0AC60,2018-01-11T15:00:00+08:00,55.0,97,2.6,14.2,0.51,1019.5,-99,0.0,8.2,40,2018-01-11T14:09:00+08:00,新北市,06,三峽區,057
24.940806,121.361500,三峽,C0AC60,2018-01-11T16:00:00+08:00,55.0,94,1.7,13.3,0.54,1020.4,-99,0.0,8.2,85,2018-01-11T15:32:00+08:00,新北市,06,三峽區,057
24.940806,121.361500,三峽,C0AC60,2018-01-11T17:00:00+08:00,55.0,92,2.0,12.4,0.56,1021.2,-99,0.0,-99,-99,-99,新北市,06,三峽區,057
24.940806,121.361500,三峽,C0AC60,2018-01-11T18:00:00+08:00,55.0,92,1.7,11.4,0.6,1021.8,-99,0.0,-99,-99,-99,新北市,06,三峽區,057
24.940806,121.361500,三峽,C0AC60,2018-01-11T19:00:00+08:00,55.0,97,1.8,10.8,0.6,1022.6,-99,0.0,-99,-99,-99,新北市,06,三峽區,057
24.940806,121.361500,三峽,C0AC60,2018-01-11T20:00:00+08:00,55.0,94,1.8,10.4,0.6,1023.7,-99,0.0,-99,-99,-99,新北市,06,三峽區,057
24.940806,121.361500,三峽,C0AC60,2018-01-11T21:00:00+08:00,55.0,92,1.7,10.0,0.6,1024.1,-99,0.0,-99,-99,-99,新北市,06,三峽區,057
24.940806,121.361500,三峽,C0AC60,2018-01-11T22:00:00+08:00,55.0,89,0.8,9.4,0.63,1024.5,-99,0.0,-99,-99,-99,新北市,06,三峽區,057
24.940806,121.361500,三峽,C0AC60,2018-01-11T23:00:00+08:00,55.0,88,1.3,9.0,0.66,1024.5,-99,0.0,-99,-99,-99,新北市,06,三峽區,057
24.940806,121.361500,三峽,C0AC60,2018-01-12T00:00:00+08:00,55.0,89,0.8,8.6,0.67,1024.2,-99,0.0,-99,-99,-99,新北市,06,三峽區,057
24.940806,121.361500,三峽,C0AC60,2018-01-12T01:00:00+08:00,55.0,0,0.1,8.7,0.66,1024.2,-99,0.0,-99,-99,-99,新北市,06,三峽區,057
24.940806,121.361500,三峽,C0AC60,2018-01-12T02:00:00+08:00,55.0,0,0.0,8.4,0.69,1023.9,-99,0.0,-99,-99,-99,新北市,06,三峽區,057
24.940806,121.361500,三峽,C0AC60,2018-01-12T03:00:00+08:00,55.0,92,0.5,8.0,0.7,1024.0,-99,0.0,-99,-99,-99,新北市,06,三峽區,057
24.940806,121.361500,三峽,C0AC60,2018-01-12T04:00:00+08:00,55.0,88,1.5,7.3,0.75,1023.9,-99,0.0,-99,-99,-99,新北市,06,三峽區,057
24.940806,121.361500,三峽,C0AC60,2018-01-12T05:00:00+08:00,55.0,92,0.5,7.0,0.78,1023.6,-99,0.0,-99,-99,-99,新北市,06,三峽區,057
24.940806,121.361500,三峽,C0AC60,2018-01-12T06:00:00+08:00,55.0,91,1.0,7.3,0.79,1023.1,-99,0.0,-99,-99,-99,新北市,06,三峽區,057
24.940806,121.361500,三峽,C0AC60,2018-01-12T07:00:00+08:00,55.0,0,0.0,7.6,0.8,1024.0,-99,0.0,-99,-99,-99,新北市,06,三峽區,057
24.940806,121.361500,三峽,C0AC60,2018-01-12T08:00:00+08:00,55.0,104,0.6,9.4,0.68,1024.5,-99,0.0,-99,-99,-99,新北市,06,三峽區,057
24.940806,121.361500,三峽,C0AC60,2018-01-12T09:00:00+08:00,55.0,95,1.6,11.6,0.51,1024.6,-99,0.0,-99,-99,-99,新北市,06,三峽區,057
24.940806,121.361500,三峽,C0AC60,2018-01-12T10:00:00+08:00,55.0,76,2.2,12.9,0.47,1024.6,-99,0.0,-99,-99,-99,新北市,06,三峽區,057
24.940806,121.361500,三峽,C0AC60,2018-01-12T11:00:00+08:00,55.0,93,2.7,13.2,0.46,1024.1,-99,0.0,9.3,92,2018-01-12T10:07:00+08:00,新北市,06,三峽區,057
24.940806,121.361500,三峽,C0AC60,2018-01-12T12:00:00+08:00,55.0,84,2.8,12.9,0.48,1023.6,-99,0.0,8.2,88,2018-01-12T11:35:00+08:00,新北市,06,三峽區,057
24.940806,121.361500,三峽,C0AC60,2018-01-12T13:00:00+08:00,55.0,97,2.6,13.1,0.46,1022.5,-99,0.0,8.8,73,2018-01-12T12:21:00+08:00,新北市,06,三峽區,057
24.940806,121.361500,三峽,C0AC60,2018-01-12T14:00:00+08:00,55.0,91,2.6,13.5,0.45,1021.9,-99,0.0,7.7,85,2018-01-12T13:10:00+08:00,新北市,06,三峽區,057
24.940806,121.361500,三峽,C0AC60,2018-01-12T15:00:00+08:00,55.0,90,2.1,13.2,0.45,1021.9,-99,0.0,8.8,86,2018-01-12T14:26:00+08:00,新北市,06,三峽區,057
24.940806,121.361500,三峽,C0AC60,2018-01-12T16:00:00+08:00,55.0,85,2.9,12.3,0.47,1022.2,-99,0.0,-99,-99,-99,新北市,06,三峽區,057
24.940806,121.361500,三峽,C0AC60,2018-01-12T17:00:00+08:00,55.0,98,1.5,11.4,0.51,1022.9,-99,0.0,-99,-99,-99,新北市,06,三峽區,057
24.940806,121.361500,三峽,C0AC60,2018-01-12T18:00:00+08:00,55.0,96,1.1,10.5,0.57,1023.1,-99,0.0,7.7,64,2018-01-12T17:11:00+08:00,新北市,06,三峽區,057
24.940806,121.361500,三峽,C0AC60,2018-01-12T19:00:00+08:00,55.0,92,1.9,10.2,0.6,1023.8,-99,0.0,-99,-99,-99,新北市,06,三峽區,057
24.940806,121.361500,三峽,C0AC60,2018-01-12T20:00:00+08:00,55.0,92,1.8,10.2,0.59,1023.9,-99,0.0,-99,-99,-99,新北市,06,三峽區,057
24.940806,121.361500,三峽,C0AC60,2018-01-12T21:00:00+08:00,55.0,95,1.3,10.1,0.59,1024.1,-99,0.0,-99,-99,-99,新北市,06,三峽區,057
24.940806,121.361500,三峽,C0AC60,2018-01-12T22:00:00+08:00,55.0,93,1.3,9.8,0.59,1023.8,-99,0.0,-99,-99,-99,新北市,06,三峽區,057
24.940806,121.361500,三峽,C0AC60,2018-01-12T23:00:00+08:00,55.0,98,0.8,9.7,0.62,1023.3,-99,0.0,-99,-99,-99,新北市,06,三峽區,057
24.940806,121.361500,三峽,C0AC60,2018-01-13T00:00:00+08:00,55.0,97,2.3,9.7,0.58,1023.1,-99,0.0,-99,-99,-99,新北市,06,三峽區,057
24.940806,121.361500,三峽,C0AC60,2018-01-13T01:00:00+08:00,55.0,92,2.3,9.8,0.54,1023.1,-99,0.0,-99,-99,-99,新北市,06,三峽區,057
24.940806,121.361500,三峽,C0AC60,2018-01-13T02:00:00+08:00,55.0,93,1.6,9.9,0.5,1023.0,-99,0.0,-99,-99,-99,新北市,06,三峽區,057
24.940806,121.361500,三峽,C0AC60,2018-01-13T03:00:00+08:00,55.0,96,1.0,10.0,0.55,1022.9,-99,0.0,-99,-99,-99,新北市,06,三峽區,057
24.940806,121.361500,三峽,C0AC60,2018-01-13T04:00:00+08:00,55.0,81,1.3,9.3,0.58,1022.6,-99,0.0,-99,-99,-99,新北市,06,三峽區,057
24.940806,121.361500,三峽,C0AC60,2018-01-13T05:00:00+08:00,55.0,93,0.8,9.3,0.6,1022.6,-99,0.0,-99,-99,-99,新北市,06,三峽區,057
24.940806,121.361500,三峽,C0AC60,2018-01-13T06:00:00+08:00,55.0,90,0.6,9.3,0.61,1022.6,-99,0.0,-99,-99,-99,新北市,06,三峽區,057
24.940806,121.361500,三峽,C0AC60,2018-01-13T07:00:00+08:00,55.0,99,1.0,10.2,0.54,1022.3,-99,0.0,-99,-99,-99,新北市,06,三峽區,057
24.940806,121.361500,三峽,C0AC60,2018-01-13T08:00:00+08:00,55.0,101,1.2,11.7,0.51,1022.1,-99,0.0,-99,-99,-99,新北市,06,三峽區,057
24.940806,121.361500,三峽,C0AC60,2018-01-13T09:00:00+08:00,55.0,96,2.5,13.2,0.49,1023.1,-99,0.0,7.7,83,2018-01-13T08:59:00+08:00,新北市,06,三峽區,057
24.940806,121.361500,三峽,C0AC60,2018-01-13T10:00:00+08:00,55.0,93,2.6,14.5,0.45,1023.1,-99,0.0,8.2,81,2018-01-13T09:58:00+08:00,新北市,06,三峽區,057
24.940806,121.361500,三峽,C0AC60,2018-01-13T11:00:00+08:00,55.0,97,2.4,15.2,0.47,1022.0,-99,0.0,8.2,102,2018-01-13T10:51:00+08:00,新北市,06,三峽區,057
24.940806,121.361500,三峽,C0AC60,2018-01-13T12:00:00+08:00,55.0,74,4.0,15.1,0.51,1021.0,-99,0.0,11.5,49,2018-01-13T11:50:00+08:00,新北市,06,三峽區,057
24.940806,121.361500,三峽,C0AC60,2018-01-13T13:00:00+08:00,55.0,77,6.0,15.3,0.53,1019.6,-99,0.0,12.1,78,2018-01-13T12:56:00+08:00,新北市,06,三峽區,057
24.940806,121.361500,三峽,C0AC60,2018-01-13T14:00:00+08:00,55.0,78,3.6,15.5,0.52,1018.9,-99,0.0,12.6,79,2018-01-13T13:34:00+08:00,新北市,06,三峽區,057
24.940806,121.361500,三峽,C0AC60,2018-01-13T15:00:00+08:00,55.0,94,1.6,15.2,0.54,1019.1,-99,0.0,10.4,87,2018-01-13T14:11:00+08:00,新北市,06,三峽區,057
24.940806,121.361500,三峽,C0AC60,2018-01-13T16:00:00+08:00,55.0,82,3.7,15.0,0.58,1019.0,-99,0.0,8.2,86,2018-01-13T15:40:00+08:00,新北市,06,三峽區,057
24.940806,121.361500,三峽,C0AC60,2018-01-13T17:00:00+08:00,55.0,92,2.8,14.0,0.62,1019.2,-99,0.0,11.0,52,2018-01-13T16:02:00+08:00,新北市,06,三峽區,057
24.940806,121.361500,三峽,C0AC60,2018-01-13T18:00:00+08:00,55.0,96,2.6,12.9,0.71,1019.4,-99,0.0,-99,-99,-99,新北市,06,三峽區,057
24.940806,121.361500,三峽,C0AC60,2018-01-13T19:00:00+08:00,55.0,87,2.7,12.6,0.72,1019.4,-99,0.0,-99,-99,-99,新北市,06,三峽區,057
24.940806,121.361500,三峽,C0AC60,2018-01-13T20:00:00+08:00,55.0,94,3.2,13.0,0.68,1019.7,-99,0.0,8.2,93,2018-01-13T19:39:00+08:00,新北市,06,三峽區,057
24.940806,121.361500,三峽,C0AC60,2018-01-13T21:00:00+08:00,55.0,92,2.6,12.9,0.71,1019.9,-99,0.0,7.1,73,2018-01-13T20:03:00+08:00,新北市,06,三峽區,057
24.940806,121.361500,三峽,C0AC60,2018-01-13T22:00:00+08:00,55.0,86,2.6,12.9,0.71,1020.2,-99,0.0,8.2,95,2018-01-13T21:22:00+08:00,新北市,06,三峽區,057
24.940806,121.361500,三峽,C0AC60,2018-01-13T23:00:00+08:00,55.0,76,2.1,12.7,0.75,1019.7,-99,0.0,7.7,61,2018-01-13T22:54:00+08:00,新北市,06,三峽區,057
24.940806,121.361500,三峽,C0AC60,2018-01-14T00:00:00+08:00,55.0,77,2.3,12.3,0.78,1019.5,-99,0.0,7.7,77,2018-01-13T23:51:00+08:00,新北市,06,三峽區,057
24.940806,121.361500,三峽,C0AC60,2018-01-14T01:00:00+08:00,55.0,82,3.3,12.2,0.79,1019.2,-99,0.0,8.2,82,2018-01-14T00:24:00+08:00,新北市,06,三峽區,057
24.940806,121.361500,三峽,C0AC60,2018-01-14T02:00:00+08:00,55.0,86,2.7,12.2,0.81,1018.3,-99,0.0,8.2,61,2018-01-14T01:42:00+08:00,新北市,06,三峽區,057
24.940806,121.361500,三峽,C0AC60,2018-01-14T03:00:00+08:00,55.0,115,0.9,12.3,0.82,1017.8,-99,0.0,6.0,85,2018-01-14T02:56:00+08:00,新北市,06,三峽區,057
24.940806,121.361500,三峽,C0AC60,2018-01-14T04:00:00+08:00,55.0,193,1.0,10.1,0.92,1017.6,-99,0.0,-99,-99,-99,新北市,06,三峽區,057
24.940806,121.361500,三峽,C0AC60,2018-01-14T05:00:00+08:00,55.0,166,1.0,9.5,0.91,1017.5,-99,0.0,-99,-99,-99,新北市,06,三峽區,057
24.940806,121.361500,三峽,C0AC60,2018-01-14T06:00:00+08:00,55.0,168,1.5,9.6,0.88,1017.5,-99,0.0,-99,-99,-99,新北市,06,三峽區,057
24.940806,121.361500,三峽,C0AC60,2018-01-14T07:00:00+08:00,55.0,160,2.4,9.2,0.88,1017.7,-99,0.0,-99,-99,-99,新北市,06,三峽區,057
24.940806,121.361500,三峽,C0AC60,2018-01-14T08:00:00+08:00,55.0,159,2.3,10.7,0.81,1018.0,-99,0.0,-99,-99,-99,新北市,06,三峽區,057
24.940806,121.361500,三峽,C0AC60,2018-01-14T09:00:00+08:00,55.0,186,0.8,13.7,0.68,1018.2,-99,0.0,-99,-99,-99,新北市,06,三峽區,057
24.940806,121.361500,三峽,C0AC60,2018-01-14T10:00:00+08:00,55.0,73,2.8,17.1,0.7,1017.7,-99,0.0,-99,-99,-99,新北市,06,三峽區,057
24.940806,121.361500,三峽,C0AC60,2018-01-14T11:00:00+08:00,55.0,81,2.0,19.2,0.61,1016.6,-99,0.0,8.2,75,2018-01-14T10:33:00+08:00,新北市,06,三峽區,057
24.940806,121.361500,三峽,C0AC60,2018-01-14T12:00:00+08:00,55.0,64,2.0,19.8,0.57,1015.0,-99,0.0,8.8,79,2018-01-14T11:10:00+08:00,新北市,06,三峽區,057
24.940806,121.361500,三峽,C0AC60,2018-01-14T13:00:00+08:00,55.0,80,2.4,20.5,0.57,1013.6,-99,0.0,9.3,89,2018-01-14T12:11:00+08:00,新北市,06,三峽區,057
24.940806,121.361500,三峽,C0AC60,2018-01-14T14:00:00+08:00,55.0,85,2.1,21.3,0.53,1012.9,-99,0.0,-99,-99,-99,新北市,06,三峽區,057
24.940806,121.361500,三峽,C0AC60,2018-01-14T15:00:00+08:00,55.0,96,1.6,21.8,0.42,1012.6,-99,0.0,7.7,73,2018-01-14T14:50:00+08:00,新北市,06,三峽區,057
24.940806,121.361500,三峽,C0AC60,2018-01-14T16:00:00+08:00,55.0,79,2.7,20.7,0.53,1012.9,-99,0.0,-99,-99,-99,新北市,06,三峽區,057
24.940806,121.361500,三峽,C0AC60,2018-01-14T17:00:00+08:00,55.0,76,2.2,19.4,0.58,1013.3,-99,0.0,-99,-99,-99,新北市,06,三峽區,057
24.940806,121.361500,三峽,C0AC60,2018-01-14T18:00:00+08:00,55.0,85,1.9,18.2,0.62,1013.7,-99,0.0,-99,-99,-99,新北市,06,三峽區,057
24.940806,121.361500,三峽,C0AC60,2018-01-14T19:00:00+08:00,55.0,107,0.3,16.3,0.7,1014.3,-99,0.0,-99,-99,-99,新北市,06,三峽區,057
24.940806,121.361500,三峽,C0AC60,2018-01-14T20:00:00+08:00,55.0,126,0.7,15.7,0.73,1014.9,-99,0.0,-99,-99,-99,新北市,06,三峽區,057
24.940806,121.361500,三峽,C0AC60,2018-01-14T21:00:00+08:00,55.0,154,0.3,14.4,0.85,1014.9,-99,0.0,-99,-99,-99,新北市,06,三峽區,057
24.940806,121.361500,三峽,C0AC60,2018-01-14T22:00:00+08:00,55.0,158,2.0,13.7,0.88,1014.5,-99,0.0,-99,-99,-99,新北市,06,三峽區,057
24.940806,121.361500,三峽,C0AC60,2018-01-14T23:00:00+08:00,55.0,163,1.7,13.4,0.89,1014.3,-99,0.0,-99,-99,-99,新北市,06,三峽區,057
24.940806,121.361500,三峽,C0AC60,2018-01-15T00:00:00+08:00,55.0,160,2.6,12.7,0.92,1013.7,-99,0.0,-99,-99,-99,新北市,06,三峽區,057
24.940806,121.361500,三峽,C0AC60,2018-01-15T01:00:00+08:00,55.0,164,2.9,12.3,0.92,1013.3,-99,0.0,-99,-99,-99,新北市,06,三峽區,057
24.940806,121.361500,三峽,C0AC60,2018-01-15T02:00:00+08:00,55.0,160,0.8,11.6,0.95,1013.0,-99,0.0,-99,-99,-99,新北市,06,三峽區,057
24.940806,121.361500,三峽,C0AC60,2018-01-15T03:00:00+08:00,55.0,0,0.0,11.7,0.94,1012.8,-99,0.0,-99,-99,-99,新北市,06,三峽區,057
24.940806,121.361500,三峽,C0AC60,2018-01-15T04:00:00+08:00,55.0,0,0.1,11.6,0.92,1012.8,-99,0.0,-99,-99,-99,新北市,06,三峽區,057
24.940806,121.361500,三峽,C0AC60,2018-01-15T05:00:00+08:00,55.0,0,0.0,11.5,0.88,1013.2,-99,0.0,-99,-99,-99,新北市,06,三峽區,057
24.940806,121.361500,三峽,C0AC60,2018-01-15T06:00:00+08:00,55.0,188,0.5,11.8,0.84,1013.6,-99,0.0,-99,-99,-99,新北市,06,三峽區,057
24.940806,121.361500,三峽,C0AC60,2018-01-15T07:00:00+08:00,55.0,197,1.0,11.9,0.81,1014.0,-99,0.0,-99,-99,-99,新北市,06,三峽區,057
24.940806,121.361500,三峽,C0AC60,2018-01-15T16:00:00+08:00,55.0,70,1.3,24.9,0.48,1008.4,-99,0.0,20.9,135,2018-01-15T15:34:00+08:00,新北市,06,三峽區,057
24.940806,121.361500,三峽,C0AC60,2018-01-15T17:00:00+08:00,55.0,62,2.6,22.8,0.57,1008.7,-99,0.0,6.0,175,2018-01-15T16:20:00+08:00,新北市,06,三峽區,057
24.940806,121.361500,三峽,C0AC60,2018-01-15T18:00:00+08:00,55.0,87,1.9,20.8,0.65,1009.1,-99,0.0,8.2,176,2018-01-15T17:27:00+08:00,新北市,06,三峽區,057
24.940806,121.361500,三峽,C0AC60,2018-01-15T19:00:00+08:00,55.0,163,0.3,19.0,0.79,1009.7,-99,0.0,-99,-99,-99,新北市,06,三峽區,057
24.940806,121.361500,三峽,C0AC60,2018-01-15T20:00:00+08:00,55.0,162,2.6,17.3,0.87,1010.2,-99,0.0,-99,-99,-99,新北市,06,三峽區,057
24.940806,121.361500,三峽,C0AC60,2018-01-15T21:00:00+08:00,55.0,156,1.8,15.9,0.95,1010.5,-99,0.0,-99,-99,-99,新北市,06,三峽區,057
24.940806,121.361500,三峽,C0AC60,2018-01-15T22:00:00+08:00,55.0,174,1.4,15.8,0.93,1010.6,-99,0.0,-99,-99,-99,新北市,06,三峽區,057
24.940806,121.361500,三峽,C0AC60,2018-01-15T23:00:00+08:00,55.0,191,0.5,15.0,0.94,1010.2,-99,0.0,-99,-99,-99,新北市,06,三峽區,057
24.940806,121.361500,三峽,C0AC60,2018-01-16T00:00:00+08:00,55.0,175,0.3,14.7,0.95,1009.8,-99,0.0,-99,-99,-99,新北市,06,三峽區,057
24.940806,121.361500,三峽,C0AC60,2018-01-16T01:00:00+08:00,55.0,202,0.7,14.4,0.94,1009.6,-99,0.0,-99,-99,-99,新北市,06,三峽區,057
24.940806,121.361500,三峽,C0AC60,2018-01-16T02:00:00+08:00,55.0,205,1.9,14.2,0.92,1009.4,-99,0.0,-99,-99,-99,新北市,06,三峽區,057
24.940806,121.361500,三峽,C0AC60,2018-01-16T03:00:00+08:00,55.0,0,0.2,13.5,0.98,1009.5,-99,0.0,-99,-99,-99,新北市,06,三峽區,057
24.940806,121.361500,三峽,C0AC60,2018-01-16T04:00:00+08:00,55.0,0,0.1,13.3,0.99,1009.3,-99,0.0,-99,-99,-99,新北市,06,三峽區,057
24.940806,121.361500,三峽,C0AC60,2018-01-16T05:00:00+08:00,55.0,186,0.5,13.4,0.9,1009.7,-99,0.0,-99,-99,-99,新北市,06,三峽區,057
24.940806,121.361500,三峽,C0AC60,2018-01-16T06:00:00+08:00,55.0,164,1.4,13.0,0.9,1010.1,-99,0.0,-99,-99,-99,新北市,06,三峽區,057
24.940806,121.361500,三峽,C0AC60,2018-01-16T07:00:00+08:00,55.0,159,1.9,13.1,0.9,1010.4,-99,0.0,-99,-99,-99,新北市,06,三峽區,057
24.940806,121.361500,三峽,C0AC60,2018-01-16T08:00:00+08:00,55.0,168,0.7,13.7,0.88,1010.7,-99,0.0,-99,-99,-99,新北市,06,三峽區,057
24.940806,121.361500,三峽,C0AC60,2018-01-16T09:00:00+08:00,55.0,0,0.0,17.3,0.72,1011.0,-99,0.0,-99,-99,-99,新北市,06,三峽區,057
24.940806,121.361500,三峽,C0AC60,2018-01-16T10:00:00+08:00,55.0,95,0.4,19.9,0.68,1010.9,-99,0.0,-99,-99,-99,新北市,06,三峽區,057
24.940806,121.361500,三峽,C0AC60,2018-01-16T11:00:00+08:00,55.0,0,0.1,21.4,0.62,1009.9,-99,0.0,-99,-99,-99,新北市,06,三峽區,057
24.940806,121.361500,三峽,C0AC60,2018-01-16T12:00:00+08:00,55.0,236,1.3,22.4,0.56,1008.6,-99,0.0,-99,-99,-99,新北市,06,三峽區,057
24.940806,121.361500,三峽,C0AC60,2018-01-16T13:00:00+08:00,55.0,269,0.8,24.4,0.48,1007.4,-99,0.0,-99,-99,-99,新北市,06,三峽區,057
24.940806,121.361500,三峽,C0AC60,2018-01-16T14:00:00+08:00,55.0,308,0.3,24.1,0.47,1006.6,-99,0.0,-99,-99,-99,新北市,06,三峽區,057
24.940806,121.361500,三峽,C0AC60,2018-01-16T15:00:00+08:00,55.0,309,2.2,21.8,0.72,1006.5,-99,0.0,-99,-99,-99,新北市,06,三峽區,057
24.940806,121.361500,三峽,C0AC60,2018-01-16T16:00:00+08:00,55.0,320,0.7,20.7,0.79,1006.0,-99,0.0,-99,-99,-99,新北市,06,三峽區,057
24.940806,121.361500,三峽,C0AC60,2018-01-16T17:00:00+08:00,55.0,319,0.8,20.5,0.8,1006.3,-99,0.0,-99,-99,-99,新北市,06,三峽區,057
24.940806,121.361500,三峽,C0AC60,2018-01-16T18:00:00+08:00,55.0,0,0.0,20.4,0.84,1006.3,-99,0.0,-99,-99,-99,新北市,06,三峽區,057
24.940806,121.361500,三峽,C0AC60,2018-01-16T19:00:00+08:00,55.0,0,0.2,19.9,0.87,1006.5,-99,0.0,-99,-99,-99,新北市,06,三峽區,057
24.940806,121.361500,三峽,C0AC60,2018-01-16T20:00:00+08:00,55.0,0,0.2,19.3,0.79,1006.8,-99,0.0,-99,-99,-99,新北市,06,三峽區,057
24.940806,121.361500,三峽,C0AC60,2018-01-16T21:00:00+08:00,55.0,161,1.4,18.4,0.75,1007.2,-99,0.0,-99,-99,-99,新北市,06,三峽區,057
24.940806,121.361500,三峽,C0AC60,2018-01-16T22:00:00+08:00,55.0,163,1.4,17.8,0.78,1007.4,-99,0.0,-99,-99,-99,新北市,06,三峽區,057
24.940806,121.361500,三峽,C0AC60,2018-01-16T23:00:00+08:00,55.0,150,1.2,17.6,0.76,1007.1,-99,0.0,-99,-99,-99,新北市,06,三峽區,057
24.940806,121.361500,三峽,C0AC60,2018-01-17T00:00:00+08:00,55.0,146,0.5,17.2,0.83,1007.2,-99,0.0,-99,-99,-99,新北市,06,三峽區,057
24.940806,121.361500,三峽,C0AC60,2018-01-17T01:00:00+08:00,55.0,171,0.5,17.7,0.78,1007.1,-99,0.0,-99,-99,-99,新北市,06,三峽區,057
24.940806,121.361500,三峽,C0AC60,2018-01-17T02:00:00+08:00,55.0,0,0.0,17.5,0.83,1007.6,-99,0.0,-99,-99,-99,新北市,06,三峽區,057
24.940806,121.361500,三峽,C0AC60,2018-01-17T03:00:00+08:00,55.0,173,0.5,17.3,0.86,1007.8,-99,0.0,-99,-99,-99,新北市,06,三峽區,057
24.940806,121.361500,三峽,C0AC60,2018-01-17T04:00:00+08:00,55.0,173,1.2,17.2,0.9,1007.8,-99,0.0,-99,-99,-99,新北市,06,三峽區,057
24.940806,121.361500,三峽,C0AC60,2018-01-17T05:00:00+08:00,55.0,0,0.0,17.0,0.9,1008.2,-99,0.0,-99,-99,-99,新北市,06,三峽區,057
24.940806,121.361500,三峽,C0AC60,2018-01-17T06:00:00+08:00,55.0,168,1.4,17.1,0.9,1008.8,-99,0.0,-99,-99,-99,新北市,06,三峽區,057
24.940806,121.361500,三峽,C0AC60,2018-01-17T07:00:00+08:00,55.0,0,0.0,17.2,0.92,1009.8,-99,0.0,-99,-99,-99,新北市,06,三峽區,057
24.940806,121.361500,三峽,C0AC60,2018-01-17T08:00:00+08:00,55.0,0,0.2,18.3,0.9,1010.5,-99,0.0,-99,-99,-99,新北市,06,三峽區,057
24.940806,121.361500,三峽,C0AC60,2018-01-17T09:00:00+08:00,55.0,85,0.7,18.6,0.91,1011.1,-99,0.0,-99,-99,-99,新北市,06,三峽區,057
24.940806,121.361500,三峽,C0AC60,2018-01-17T10:00:00+08:00,55.0,100,1.1,19.6,0.84,1011.3,-99,0.0,-99,-99,-99,新北市,06,三峽區,057
24.940806,121.361500,三峽,C0AC60,2018-01-17T11:00:00+08:00,55.0,79,1.9,21.6,0.73,1010.3,-99,0.0,-99,-99,-99,新北市,06,三峽區,057
24.940806,121.361500,三峽,C0AC60,2018-01-17T12:00:00+08:00,55.0,90,1.9,23.0,0.66,1008.9,-99,0.0,-99,-99,-99,新北市,06,三峽區,057
24.940806,121.361500,三峽,C0AC60,2018-01-17T13:00:00+08:00,55.0,34,1.6,23.1,0.65,1008.0,-99,0.0,-99,-99,-99,新北市,06,三峽區,057
24.940806,121.361500,三峽,C0AC60,2018-01-17T14:00:00+08:00,55.0,74,2.7,24.4,0.54,1007.2,-99,0.0,-99,-99,-99,新北市,06,三峽區,057
24.940806,121.361500,三峽,C0AC60,2018-01-17T15:00:00+08:00,55.0,73,3.4,23.5,0.62,1007.0,-99,0.0,10.4,74,2018-01-17T14:57:00+08:00,新北市,06,三峽區,057
24.940806,121.361500,三峽,C0AC60,2018-01-17T16:00:00+08:00,55.0,73,4.2,22.1,0.73,1007.4,-99,0.0,10.4,81,2018-01-17T15:08:00+08:00,新北市,06,三峽區,057
24.940806,121.361500,三峽,C0AC60,2018-01-17T17:00:00+08:00,55.0,72,4.6,21.3,0.77,1007.8,-99,0.0,11.5,72,2018-01-17T16:57:00+08:00,新北市,06,三峽區,057
24.940806,121.361500,三峽,C0AC60,2018-01-17T18:00:00+08:00,55.0,79,4.4,20.9,0.79,1008.3,-99,0.0,13.2,86,2018-01-17T17:58:00+08:00,新北市,06,三峽區,057
24.940806,121.361500,三峽,C0AC60,2018-01-17T19:00:00+08:00,55.0,77,3.9,20.6,0.84,1008.7,-99,0.0,11.5,73,2018-01-17T18:24:00+08:00,新北市,06,三峽區,057
24.940806,121.361500,三峽,C0AC60,2018-01-17T20:00:00+08:00,55.0,81,4.2,20.4,0.85,1009.0,-99,0.0,9.9,84,2018-01-17T19:41:00+08:00,新北市,06,三峽區,057
24.940806,121.361500,三峽,C0AC60,2018-01-17T21:00:00+08:00,55.0,80,3.9,20.5,0.84,1009.2,-99,0.0,10.4,77,2018-01-17T20:01:00+08:00,新北市,06,三峽區,057
24.940806,121.361500,三峽,C0AC60,2018-01-17T22:00:00+08:00,55.0,81,4.7,20.1,0.92,1009.3,-99,0.0,9.3,81,2018-01-17T21:17:00+08:00,新北市,06,三峽區,057
24.940806,121.361500,三峽,C0AC60,2018-01-17T23:00:00+08:00,55.0,79,4.9,19.4,0.97,1009.5,-99,0.0,10.4,73,2018-01-17T22:03:00+08:00,新北市,06,三峽區,057
24.940806,121.361500,三峽,C0AC60,2018-01-18T00:00:00+08:00,55.0,80,3.3,19.5,0.96,1009.3,-99,0.0,-99,-99,-99,新北市,06,三峽區,057
24.940806,121.361500,三峽,C0AC60,2018-01-18T01:00:00+08:00,55.0,80,4.0,19.5,0.97,1009.5,-99,0.0,9.3,89,2018-01-18T00:25:00+08:00,新北市,06,三峽區,057
24.940806,121.361500,三峽,C0AC60,2018-01-18T02:00:00+08:00,55.0,77,3.5,19.5,0.96,1009.3,-99,0.0,9.9,72,2018-01-18T01:12:00+08:00,新北市,06,三峽區,057
24.940806,121.361500,三峽,C0AC60,2018-01-18T03:00:00+08:00,55.0,79,3.8,19.5,0.97,1009.3,-99,0.0,8.8,83,2018-01-18T02:53:00+08:00,新北市,06,三峽區,057
24.940806,121.361500,三峽,C0AC60,2018-01-18T04:00:00+08:00,55.0,75,3.0,19.5,0.98,1009.3,-99,0.0,9.9,91,2018-01-18T03:01:00+08:00,新北市,06,三峽區,057
24.940806,121.361500,三峽,C0AC60,2018-01-18T05:00:00+08:00,55.0,74,3.2,19.6,0.98,1009.7,-99,0.0,9.3,71,2018-01-18T04:21:00+08:00,新北市,06,三峽區,057
24.940806,121.361500,三峽,C0AC60,2018-01-18T06:00:00+08:00,55.0,73,2.5,19.6,0.97,1010.4,-99,0.0,8.8,94,2018-01-18T05:40:00+08:00,新北市,06,三峽區,057
24.940806,121.361500,三峽,C0AC60,2018-01-18T07:00:00+08:00,55.0,70,3.1,19.7,0.97,1010.9,-99,0.0,8.8,77,2018-01-18T06:44:00+08:00,新北市,06,三峽區,057
24.940806,121.361500,三峽,C0AC60,2018-01-18T08:00:00+08:00,55.0,78,3.6,20.1,0.95,1011.8,-99,0.0,10.4,86,2018-01-18T07:41:00+08:00,新北市,06,三峽區,057
24.940806,121.361500,三峽,C0AC60,2018-01-18T09:00:00+08:00,55.0,74,2.8,20.4,0.93,1012.5,-99,0.0,8.2,97,2018-01-18T08:03:00+08:00,新北市,06,三峽區,057
24.940806,121.361500,三峽,C0AC60,2018-01-18T10:00:00+08:00,55.0,68,3.4,21.0,0.89,1012.5,-99,0.0,8.8,90,2018-01-18T09:27:00+08:00,新北市,06,三峽區,057
24.940806,121.361500,三峽,C0AC60,2018-01-18T11:00:00+08:00,55.0,77,4.3,22.0,0.84,1011.5,-99,0.0,11.5,78,2018-01-18T10:42:00+08:00,新北市,06,三峽區,057
24.940806,121.361500,三峽,C0AC60,2018-01-18T12:00:00+08:00,55.0,75,4.7,22.3,0.82,1010.3,-99,0.0,12.6,53,2018-01-18T12:00:00+08:00,新北市,06,三峽區,057
24.940806,121.361500,三峽,C0AC60,2018-01-18T13:00:00+08:00,55.0,65,3.3,22.8,0.81,1009.4,-99,0.0,11.0,79,2018-01-18T12:07:00+08:00,新北市,06,三峽區,057
24.940806,121.361500,三峽,C0AC60,2018-01-18T14:00:00+08:00,55.0,65,3.1,23.0,0.81,1009.0,-99,0.0,9.3,92,2018-01-18T13:05:00+08:00,新北市,06,三峽區,057
24.940806,121.361500,三峽,C0AC60,2018-01-18T15:00:00+08:00,55.0,78,2.8,23.1,0.81,1008.8,-99,0.0,8.8,85,2018-01-18T14:30:00+08:00,新北市,06,三峽區,057
24.940806,121.361500,三峽,C0AC60,2018-01-18T16:00:00+08:00,55.0,81,3.6,22.5,0.84,1009.1,-99,0.0,10.4,80,2018-01-18T15:48:00+08:00,新北市,06,三峽區,057
24.940806,121.361500,三峽,C0AC60,2018-01-18T17:00:00+08:00,55.0,77,3.4,21.8,0.88,1009.8,-99,0.0,9.3,63,2018-01-18T16:20:00+08:00,新北市,06,三峽區,057
24.940806,121.361500,三峽,C0AC60,2018-01-18T18:00:00+08:00,55.0,66,2.4,21.4,0.92,1010.3,-99,0.0,8.2,82,2018-01-18T17:36:00+08:00,新北市,06,三峽區,057
24.940806,121.361500,三峽,C0AC60,2018-01-18T19:00:00+08:00,55.0,80,3.7,20.9,0.94,1011.0,-99,0.0,8.2,54,2018-01-18T18:05:00+08:00,新北市,06,三峽區,057
24.940806,121.361500,三峽,C0AC60,2018-01-18T20:00:00+08:00,55.0,81,2.3,20.3,0.99,1011.7,-99,0.0,8.8,39,2018-01-18T19:06:00+08:00,新北市,06,三峽區,057
24.940806,121.361500,三峽,C0AC60,2018-01-18T21:00:00+08:00,55.0,97,1.2,20.0,0.99,1011.9,-99,0.0,7.7,82,2018-01-18T20:06:00+08:00,新北市,06,三峽區,057
24.940806,121.361500,三峽,C0AC60,2018-01-18T22:00:00+08:00,55.0,81,2.4,20.0,0.98,1011.9,-99,0.0,7.1,60,2018-01-18T21:42:00+08:00,新北市,06,三峽區,057
24.940806,121.361500,三峽,C0AC60,2018-01-18T23:00:00+08:00,55.0,90,2.1,19.9,0.98,1011.9,-99,0.0,-99,-99,-99,新北市,06,三峽區,057
24.940806,121.361500,三峽,C0AC60,2018-01-19T00:00:00+08:00,55.0,86,2.1,19.7,1,1011.8,-99,0.0,-99,-99,-99,新北市,06,三峽區,057
24.940806,121.361500,三峽,C0AC60,2018-01-19T01:00:00+08:00,55.0,76,1.8,19.7,1,1012.0,-99,0.5,-99,-99,-99,新北市,06,三峽區,057
24.940806,121.361500,三峽,C0AC60,2018-01-19T02:00:00+08:00,55.0,85,0.8,19.5,1,1012.0,-99,1.5,-99,-99,-99,新北市,06,三峽區,057
24.940806,121.361500,三峽,C0AC60,2018-01-19T03:00:00+08:00,55.0,332,0.9,19.3,1,1012.2,-99,5.0,-99,-99,-99,新北市,06,三峽區,057
24.940806,121.361500,三峽,C0AC60,2018-01-19T04:00:00+08:00,55.0,0,0.2,18.3,1,1012.6,-99,7.0,-99,-99,-99,新北市,06,三峽區,057
24.940806,121.361500,三峽,C0AC60,2018-01-19T05:00:00+08:00,55.0,0,0.0,17.9,1,1013.2,-99,9.0,-99,-99,-99,新北市,06,三峽區,057
24.940806,121.361500,三峽,C0AC60,2018-01-19T06:00:00+08:00,55.0,97,1.1,17.5,1,1013.7,-99,9.0,-99,-99,-99,新北市,06,三峽區,057
24.940806,121.361500,三峽,C0AC60,2018-01-19T07:00:00+08:00,55.0,88,0.9,17.6,1,1014.2,-99,9.0,-99,-99,-99,新北市,06,三峽區,057
24.940806,121.361500,三峽,C0AC60,2018-01-19T08:00:00+08:00,55.0,89,1.4,17.6,1,1014.6,-99,10.0,-99,-99,-99,新北市,06,三峽區,057
24.940806,121.361500,三峽,C0AC60,2018-01-19T09:00:00+08:00,55.0,80,1.1,18.2,0.98,1015.0,-99,10.0,-99,-99,-99,新北市,06,三峽區,057
24.940806,121.361500,三峽,C0AC60,2018-01-19T10:00:00+08:00,55.0,66,2.2,18.3,0.98,1015.0,-99,10.0,-99,-99,-99,新北市,06,三峽區,057
24.940806,121.361500,三峽,C0AC60,2018-01-19T11:00:00+08:00,55.0,72,1.9,18.6,0.99,1013.8,-99,10.5,-99,-99,-99,新北市,06,三峽區,057
24.940806,121.361500,三峽,C0AC60,2018-01-19T12:00:00+08:00,55.0,71,3.0,18.9,0.96,1013.3,-99,10.5,-99,-99,-99,新北市,06,三峽區,057
24.940806,121.361500,三峽,C0AC60,2018-01-19T13:00:00+08:00,55.0,76,2.9,18.9,0.95,1012.7,-99,10.5,8.8,42,2018-01-19T12:03:00+08:00,新北市,06,三峽區,057
24.940806,121.361500,三峽,C0AC60,2018-01-19T14:00:00+08:00,55.0,82,3.0,18.6,0.97,1011.7,-99,10.5,-99,-99,-99,新北市,06,三峽區,057
24.940806,121.361500,三峽,C0AC60,2018-01-19T15:00:00+08:00,55.0,79,2.6,18.1,0.98,1011.5,-99,10.5,7.7,87,2018-01-19T14:59:00+08:00,新北市,06,三峽區,057
24.940806,121.361500,三峽,C0AC60,2018-01-19T16:00:00+08:00,55.0,91,2.0,17.7,1,1011.8,-99,10.5,-99,-99,-99,新北市,06,三峽區,057
24.940806,121.361500,三峽,C0AC60,2018-01-19T17:00:00+08:00,55.0,90,1.4,17.8,1,1012.4,-99,10.5,-99,-99,-99,新北市,06,三峽區,057
24.940806,121.361500,三峽,C0AC60,2018-01-19T18:00:00+08:00,55.0,88,1.8,17.8,1,1012.3,-99,10.5,-99,-99,-99,新北市,06,三峽區,057
24.940806,121.361500,三峽,C0AC60,2018-01-19T19:00:00+08:00,55.0,84,3.0,17.9,1,1011.6,-99,10.5,-99,-99,-99,新北市,06,三峽區,057
24.940806,121.361500,三峽,C0AC60,2018-01-19T20:00:00+08:00,55.0,81,3.3,18.1,0.99,1011.5,-99,10.5,8.8,94,2018-01-19T19:38:00+08:00,新北市,06,三峽區,057
24.940806,121.361500,三峽,C0AC60,2018-01-19T21:00:00+08:00,55.0,80,3.5,18.2,0.99,1011.6,-99,10.5,-99,-99,-99,新北市,06,三峽區,057
24.940806,121.361500,三峽,C0AC60,2018-01-19T22:00:00+08:00,55.0,84,3.1,18.5,0.98,1011.5,-99,10.5,9.3,88,2018-01-19T21:21:00+08:00,新北市,06,三峽區,057
24.940806,121.361500,三峽,C0AC60,2018-01-19T23:00:00+08:00,55.0,82,3.0,18.6,0.97,1011.8,-99,10.5,9.3,62,2018-01-19T22:05:00+08:00,新北市,06,三峽區,057
24.940806,121.361500,三峽,C0AC60,2018-01-20T00:00:00+08:00,55.0,78,3.1,18.6,0.99,1011.8,-99,11.0,-99,-99,-99,新北市,06,三峽區,057
24.940806,121.361500,三峽,C0AC60,2018-01-20T01:00:00+08:00,55.0,84,2.4,18.6,0.99,1011.5,-99,-99,-99,-99,-99,新北市,06,三峽區,057
24.940806,121.361500,三峽,C0AC60,2018-01-20T02:00:00+08:00,55.0,84,3.3,18.5,0.99,1010.4,-99,0.0,-99,-99,-99,新北市,06,三峽區,057
24.940806,121.361500,三峽,C0AC60,2018-01-20T03:00:00+08:00,55.0,86,3.6,18.3,1,1010.1,-99,0.0,8.2,34,2018-01-20T02:48:00+08:00,新北市,06,三峽區,057
24.940806,121.361500,三峽,C0AC60,2018-01-20T04:00:00+08:00,55.0,83,2.4,18.1,1,1010.5,-99,0.0,9.3,74,2018-01-20T03:19:00+08:00,新北市,06,三峽區,057
24.940806,121.361500,三峽,C0AC60,2018-01-20T05:00:00+08:00,55.0,80,2.3,18.0,1,1011.0,-99,0.0,8.8,80,2018-01-20T04:45:00+08:00,新北市,06,三峽區,057
24.940806,121.361500,三峽,C0AC60,2018-01-20T06:00:00+08:00,55.0,81,2.4,17.6,0.99,1011.3,-99,0.0,8.2,99,2018-01-20T05:36:00+08:00,新北市,06,三峽區,057
24.940806,121.361500,三峽,C0AC60,2018-01-20T07:00:00+08:00,55.0,84,3.4,17.6,0.99,1011.8,-99,0.0,8.2,92,2018-01-20T06:36:00+08:00,新北市,06,三峽區,057
24.940806,121.361500,三峽,C0AC60,2018-01-20T08:00:00+08:00,55.0,81,4.1,17.7,0.98,1012.0,-99,0.0,9.9,81,2018-01-20T07:57:00+08:00,新北市,06,三峽區,057
24.940806,121.361500,三峽,C0AC60,2018-01-20T09:00:00+08:00,55.0,75,3.6,18.3,0.96,1011.9,-99,0.0,9.9,65,2018-01-20T08:44:00+08:00,新北市,06,三峽區,057
24.940806,121.361500,三峽,C0AC60,2018-01-20T10:00:00+08:00,55.0,81,3.7,18.8,0.95,1012.0,-99,0.0,9.9,73,2018-01-20T09:04:00+08:00,新北市,06,三峽區,057
24.940806,121.361500,三峽,C0AC60,2018-01-20T11:00:00+08:00,55.0,78,4.2,18.9,0.94,1011.3,-99,0.0,9.9,96,2018-01-20T10:22:00+08:00,新北市,06,三峽區,057
24.940806,121.361500,三峽,C0AC60,2018-01-20T12:00:00+08:00,55.0,81,3.8,19.0,0.95,1010.4,-99,0.0,8.8,72,2018-01-20T11:05:00+08:00,新北市,06,三峽區,057
24.940806,121.361500,三峽,C0AC60,2018-01-20T13:00:00+08:00,55.0,78,3.1,20.1,0.89,1009.4,-99,0.0,9.3,74,2018-01-20T12:07:00+08:00,新北市,06,三峽區,057
24.940806,121.361500,三峽,C0AC60,2018-01-20T14:00:00+08:00,55.0,74,2.8,20.2,0.88,1008.8,-99,0.0,8.8,98,2018-01-20T13:07:00+08:00,新北市,06,三峽區,057
24.940806,121.361500,三峽,C0AC60,2018-01-20T15:00:00+08:00,55.0,79,2.5,20.2,0.89,1008.3,-99,0.0,8.2,85,2018-01-20T14:06:00+08:00,新北市,06,三峽區,057
24.940806,121.361500,三峽,C0AC60,2018-01-21T01:00:00+08:00,55.0,79,2.9,18.6,0.94,1010.1,-99,0.0,9.3,68,2018-01-21T00:42:00+08:00,新北市,06,三峽區,057
24.940806,121.361500,三峽,C0AC60,2018-01-21T02:00:00+08:00,55.0,75,3.7,18.4,0.95,1009.6,-99,0.0,9.3,56,2018-01-21T01:29:00+08:00,新北市,06,三峽區,057
24.940806,121.361500,三峽,C0AC60,2018-01-21T03:00:00+08:00,55.0,71,3.9,18.4,0.96,1009.3,-99,0.0,10.4,99,2018-01-21T02:36:00+08:00,新北市,06,三峽區,057
24.940806,121.361500,三峽,C0AC60,2018-01-21T04:00:00+08:00,55.0,84,3.1,18.4,0.96,1009.5,-99,0.0,8.8,34,2018-01-21T03:02:00+08:00,新北市,06,三峽區,057
24.940806,121.361500,三峽,C0AC60,2018-01-21T05:00:00+08:00,55.0,85,1.9,18.3,0.97,1009.9,-99,0.0,7.1,91,2018-01-21T04:56:00+08:00,新北市,06,三峽區,057
24.940806,121.361500,三峽,C0AC60,2018-01-21T06:00:00+08:00,55.0,85,2.6,17.9,1,1010.6,-99,0.0,7.7,74,2018-01-21T05:59:00+08:00,新北市,06,三峽區,057
24.940806,121.361500,三峽,C0AC60,2018-01-22T01:00:00+08:00,55.0,275,0.6,18.3,1,1007.9,-99,0.0,-99,-99,-99,新北市,06,三峽區,057
24.940806,121.361500,三峽,C0AC60,2018-01-22T02:00:00+08:00,55.0,300,0.7,17.7,1,1007.9,-99,0.0,-99,-99,-99,新北市,06,三峽區,057
24.940806,121.361500,三峽,C0AC60,2018-01-22T03:00:00+08:00,55.0,300,0.9,16.7,1,1008.0,-99,0.0,-99,-99,-99,新北市,06,三峽區,057
24.940806,121.361500,三峽,C0AC60,2018-01-22T04:00:00+08:00,55.0,240,1.1,16.7,0.99,1008.4,-99,3.0,-99,-99,-99,新北市,06,三峽區,057
24.940806,121.361500,三峽,C0AC60,2018-01-22T05:00:00+08:00,55.0,279,0.7,16.6,1,1009.0,-99,3.5,-99,-99,-99,新北市,06,三峽區,057
24.940806,121.361500,三峽,C0AC60,2018-01-22T06:00:00+08:00,55.0,318,0.8,16.5,1,1009.5,-99,3.5,-99,-99,-99,新北市,06,三峽區,057
24.940806,121.361500,三峽,C0AC60,2018-01-22T07:00:00+08:00,55.0,0,0.0,16.7,1,1010.3,-99,3.5,-99,-99,-99,新北市,06,三峽區,057
24.940806,121.361500,三峽,C0AC60,2018-01-22T08:00:00+08:00,55.0,346,0.5,16.8,1,1010.6,-99,3.5,-99,-99,-99,新北市,06,三峽區,057
24.940806,121.361500,三峽,C0AC60,2018-01-23T22:00:00+08:00,55.0,-99,-99,-99,-99,-99,-99,-99,-99,-99,-99,新北市,06,三峽區,057
24.940806,121.361500,三峽,C0AC60,2018-01-23T23:00:00+08:00,55.0,-99,-99,-99,-99,-99,-99,-99,-99,-99,-99,新北市,06,三峽區,057
24.940806,121.361500,三峽,C0AC60,2018-01-24T01:00:00+08:00,55.0,-99,-99,-99,-99,-99,-99,-99,-99,-99,-99,新北市,06,三峽區,057
24.940806,121.361500,三峽,C0AC60,2018-01-24T02:00:00+08:00,55.0,-99,-99,-99,-99,-99,-99,-99,-99,-99,-99,新北市,06,三峽區,057
24.940806,121.361500,三峽,C0AC60,2018-01-24T03:00:00+08:00,55.0,-99,-99,-99,-99,-99,-99,-99,-99,-99,-99,新北市,06,三峽區,057
24.940806,121.361500,三峽,C0AC60,2018-01-24T04:00:00+08:00,55.0,-99,-99,-99,-99,-99,-99,-99,-99,-99,-99,新北市,06,三峽區,057
24.940806,121.361500,三峽,C0AC60,2018-01-24T05:00:00+08:00,55.0,-99,-99,-99,-99,-99,-99,-99,-99,-99,-99,新北市,06,三峽區,057
24.940806,121.361500,三峽,C0AC60,2018-01-24T06:00:00+08:00,55.0,-99,-99,-99,-99,-99,-99,-99,-99,-99,-99,新北市,06,三峽區,057
24.940806,121.361500,三峽,C0AC60,2018-01-24T18:00:00+08:00,55.0,92,2.7,17.1,0.81,1010.4,-99,0.0,9.9,76,2018-01-24T17:14:00+08:00,新北市,06,三峽區,057
24.940806,121.361500,三峽,C0AC60,2018-01-24T19:00:00+08:00,55.0,91,2.6,16.6,0.86,1010.9,-99,0.0,8.2,50,2018-01-24T18:40:00+08:00,新北市,06,三峽區,057
24.940806,121.361500,三峽,C0AC60,2018-01-24T20:00:00+08:00,55.0,87,3.3,16.6,0.84,1011.2,-99,0.0,8.8,64,2018-01-24T19:55:00+08:00,新北市,06,三峽區,057
24.940806,121.361500,三峽,C0AC60,2018-01-24T21:00:00+08:00,55.0,78,4.5,16.6,0.84,1011.3,-99,0.0,10.4,60,2018-01-24T20:50:00+08:00,新北市,06,三峽區,057
24.940806,121.361500,三峽,C0AC60,2018-01-24T22:00:00+08:00,55.0,78,4.5,16.6,0.84,1011.1,-99,0.0,11.0,73,2018-01-24T21:12:00+08:00,新北市,06,三峽區,057
24.940806,121.361500,三峽,C0AC60,2018-01-24T23:00:00+08:00,55.0,67,3.7,16.2,0.88,1010.7,-99,0.0,11.0,52,2018-01-24T22:47:00+08:00,新北市,06,三峽區,057
24.940806,121.361500,三峽,C0AC60,2018-01-25T00:00:00+08:00,55.0,77,4.2,15.9,0.9,1010.7,-99,0.0,12.1,87,2018-01-24T23:52:00+08:00,新北市,06,三峽區,057
24.940806,121.361500,三峽,C0AC60,2018-01-25T01:00:00+08:00,55.0,78,4.7,15.8,0.9,1010.7,-99,0.0,12.6,59,2018-01-25T00:36:00+08:00,新北市,06,三峽區,057
24.940806,121.361500,三峽,C0AC60,2018-01-25T02:00:00+08:00,55.0,88,3.1,15.6,0.91,1010.6,-99,0.0,11.0,79,2018-01-25T01:10:00+08:00,新北市,06,三峽區,057
24.940806,121.361500,三峽,C0AC60,2018-01-25T03:00:00+08:00,55.0,81,4.2,15.7,0.9,1010.4,-99,0.0,12.1,54,2018-01-25T02:30:00+08:00,新北市,06,三峽區,057
24.940806,121.361500,三峽,C0AC60,2018-01-25T04:00:00+08:00,55.0,76,3.8,15.6,0.91,1010.3,-99,0.0,9.9,89,2018-01-25T03:06:00+08:00,新北市,06,三峽區,057
24.940806,121.361500,三峽,C0AC60,2018-01-25T05:00:00+08:00,55.0,81,4.5,15.7,0.9,1010.3,-99,0.0,11.5,80,2018-01-25T04:37:00+08:00,新北市,06,三峽區,057
24.940806,121.361500,三峽,C0AC60,2018-01-25T06:00:00+08:00,55.0,80,3.9,15.8,0.89,1010.9,-99,0.0,11.0,95,2018-01-25T05:19:00+08:00,新北市,06,三峽區,057
24.940806,121.361500,三峽,C0AC60,2018-01-25T07:00:00+08:00,55.0,82,4.2,15.9,0.89,1011.4,-99,0.0,11.5,102,2018-01-25T06:14:00+08:00,新北市,06,三峽區,057
24.940806,121.361500,三峽,C0AC60,2018-01-25T08:00:00+08:00,55.0,82,4.3,16.2,0.88,1011.9,-99,0.0,11.0,80,2018-01-25T07:37:00+08:00,新北市,06,三峽區,057
24.940806,121.361500,三峽,C0AC60,2018-01-25T09:00:00+08:00,55.0,80,3.9,17.1,0.85,1012.5,-99,0.0,12.1,89,2018-01-25T08:01:00+08:00,新北市,06,三峽區,057
24.940806,121.361500,三峽,C0AC60,2018-01-25T10:00:00+08:00,55.0,81,4.0,18.0,0.8,1012.3,-99,0.0,9.3,88,2018-01-25T09:58:00+08:00,新北市,06,三峽區,057
24.940806,121.361500,三峽,C0AC60,2018-01-25T11:00:00+08:00,55.0,81,3.0,19.1,0.75,1011.5,-99,0.0,14.8,99,2018-01-25T10:51:00+08:00,新北市,06,三峽區,057
24.940806,121.361500,三峽,C0AC60,2018-01-25T12:00:00+08:00,55.0,78,4.1,19.5,0.73,1010.1,-99,0.0,11.0,59,2018-01-25T11:19:00+08:00,新北市,06,三峽區,057
24.940806,121.361500,三峽,C0AC60,2018-01-25T13:00:00+08:00,55.0,76,4.3,19.2,0.75,1008.7,-99,0.0,13.7,74,2018-01-25T12:38:00+08:00,新北市,06,三峽區,057
24.940806,121.361500,三峽,C0AC60,2018-01-25T14:00:00+08:00,55.0,75,4.6,19.7,0.73,1008.0,-99,0.0,12.6,91,2018-01-25T13:38:00+08:00,新北市,06,三峽區,057
24.940806,121.361500,三峽,C0AC60,2018-01-25T15:00:00+08:00,55.0,77,4.1,19.5,0.75,1008.0,-99,0.0,13.2,97,2018-01-25T14:28:00+08:00,新北市,06,三峽區,057
24.940806,121.361500,三峽,C0AC60,2018-01-25T16:00:00+08:00,55.0,75,3.5,18.9,0.79,1008.3,-99,0.0,11.5,78,2018-01-25T15:02:00+08:00,新北市,06,三峽區,057
24.940806,121.361500,三峽,C0AC60,2018-01-25T17:00:00+08:00,55.0,78,3.0,18.4,0.81,1008.8,-99,0.0,10.4,99,2018-01-25T16:07:00+08:00,新北市,06,三峽區,057
24.940806,121.361500,三峽,C0AC60,2018-01-25T18:00:00+08:00,55.0,78,3.4,18.1,0.84,1009.8,-99,0.0,11.0,78,2018-01-25T17:24:00+08:00,新北市,06,三峽區,057
24.940806,121.361500,三峽,C0AC60,2018-01-25T19:00:00+08:00,55.0,86,2.2,18.1,0.84,1010.5,-99,0.0,10.4,90,2018-01-25T18:17:00+08:00,新北市,06,三峽區,057
24.940806,121.361500,三峽,C0AC60,2018-01-25T20:00:00+08:00,55.0,81,3.9,18.1,0.85,1010.8,-99,0.0,9.3,79,2018-01-25T19:46:00+08:00,新北市,06,三峽區,057
24.940806,121.361500,三峽,C0AC60,2018-01-25T21:00:00+08:00,55.0,81,3.3,18.1,0.87,1010.9,-99,0.0,8.8,63,2018-01-25T20:09:00+08:00,新北市,06,三峽區,057
24.940806,121.361500,三峽,C0AC60,2018-01-25T22:00:00+08:00,55.0,85,2.9,17.8,0.93,1011.1,-99,0.0,10.4,52,2018-01-25T21:24:00+08:00,新北市,06,三峽區,057
24.940806,121.361500,三峽,C0AC60,2018-01-25T23:00:00+08:00,55.0,81,3.3,17.6,0.94,1010.9,-99,0.0,8.8,94,2018-01-25T22:01:00+08:00,新北市,06,三峽區,057
24.940806,121.361500,三峽,C0AC60,2018-01-26T00:00:00+08:00,55.0,80,3.2,17.4,0.94,1010.9,-99,0.0,9.3,70,2018-01-25T23:51:00+08:00,新北市,06,三峽區,057
24.940806,121.361500,三峽,C0AC60,2018-01-26T01:00:00+08:00,55.0,80,3.9,17.5,0.93,1011.0,-99,0.0,10.4,77,2018-01-26T00:03:00+08:00,新北市,06,三峽區,057
24.940806,121.361500,三峽,C0AC60,2018-01-26T02:00:00+08:00,55.0,79,3.9,17.5,0.93,1010.8,-99,0.0,10.4,80,2018-01-26T01:55:00+08:00,新北市,06,三峽區,057
24.940806,121.361500,三峽,C0AC60,2018-01-26T03:00:00+08:00,55.0,80,3.6,17.4,0.94,1011.0,-99,0.0,9.3,65,2018-01-26T02:01:00+08:00,新北市,06,三峽區,057
24.940806,121.361500,三峽,C0AC60,2018-01-26T04:00:00+08:00,55.0,85,0.8,17.1,0.95,1011.2,-99,0.0,7.1,62,2018-01-26T03:02:00+08:00,新北市,06,三峽區,057
24.940806,121.361500,三峽,C0AC60,2018-01-26T05:00:00+08:00,55.0,90,1.4,17.2,0.94,1011.9,-99,0.0,-99,-99,-99,新北市,06,三峽區,057
24.940806,121.361500,三峽,C0AC60,2018-01-26T06:00:00+08:00,55.0,91,1.4,17.1,0.95,1013.0,-99,0.0,-99,-99,-99,新北市,06,三峽區,057
24.940806,121.361500,三峽,C0AC60,2018-01-26T07:00:00+08:00,55.0,76,1.4,16.4,0.99,1014.0,-99,0.0,-99,-99,-99,新北市,06,三峽區,057
24.940806,121.361500,三峽,C0AC60,2018-01-26T08:00:00+08:00,55.0,89,1.4,16.2,0.99,1014.9,-99,0.0,-99,-99,-99,新北市,06,三峽區,057
24.940806,121.361500,三峽,C0AC60,2018-01-26T09:00:00+08:00,55.0,95,2.0,16.7,0.9,1015.9,-99,0.0,7.1,79,2018-01-26T08:52:00+08:00,新北市,06,三峽區,057
24.940806,121.361500,三峽,C0AC60,2018-01-26T10:00:00+08:00,55.0,89,3.7,16.6,0.86,1016.0,-99,0.0,8.8,81,2018-01-26T09:12:00+08:00,新北市,06,三峽區,057
24.940806,121.361500,三峽,C0AC60,2018-01-26T11:00:00+08:00,55.0,90,2.5,16.2,0.87,1015.8,-99,0.0,9.3,94,2018-01-26T10:24:00+08:00,新北市,06,三峽區,057
24.940806,121.361500,三峽,C0AC60,2018-01-26T12:00:00+08:00,55.0,90,2.7,16.6,0.82,1014.8,-99,0.0,8.8,85,2018-01-26T11:12:00+08:00,新北市,06,三峽區,057
24.940806,121.361500,三峽,C0AC60,2018-01-26T13:00:00+08:00,55.0,82,2.7,16.2,0.83,1013.5,-99,0.0,10.4,58,2018-01-26T12:47:00+08:00,新北市,06,三峽區,057
24.940806,121.361500,三峽,C0AC60,2018-01-26T14:00:00+08:00,55.0,86,3.0,15.6,0.86,1012.9,-99,0.0,12.1,70,2018-01-26T13:13:00+08:00,新北市,06,三峽區,057
24.940806,121.361500,三峽,C0AC60,2018-01-26T15:00:00+08:00,55.0,79,4.3,15.4,0.85,1013.0,-99,0.0,12.1,75,2018-01-26T14:12:00+08:00,新北市,06,三峽區,057
24.940806,121.361500,三峽,C0AC60,2018-01-26T16:00:00+08:00,55.0,86,3.8,14.7,0.9,1013.1,-99,0.0,14.8,88,2018-01-26T15:28:00+08:00,新北市,06,三峽區,057
24.940806,121.361500,三峽,C0AC60,2018-01-26T17:00:00+08:00,55.0,90,3.1,14.6,0.9,1013.6,-99,0.0,9.9,77,2018-01-26T17:00:00+08:00,新北市,06,三峽區,057
24.940806,121.361500,三峽,C0AC60,2018-01-26T18:00:00+08:00,55.0,86,3.7,14.3,0.89,1013.8,-99,0.0,12.1,70,2018-01-26T17:03:00+08:00,新北市,06,三峽區,057
24.940806,121.361500,三峽,C0AC60,2018-01-26T19:00:00+08:00,55.0,85,3.4,14.3,0.88,1014.2,-99,0.0,12.6,78,2018-01-26T18:47:00+08:00,新北市,06,三峽區,057
24.940806,121.361500,三峽,C0AC60,2018-01-26T20:00:00+08:00,55.0,78,4.3,14.0,0.91,1014.4,-99,0.0,11.5,60,2018-01-26T19:07:00+08:00,新北市,06,三峽區,057
24.940806,121.361500,三峽,C0AC60,2018-01-26T21:00:00+08:00,55.0,81,3.2,14.2,0.89,1014.3,-99,0.0,10.4,105,2018-01-26T20:22:00+08:00,新北市,06,三峽區,057
24.940806,121.361500,三峽,C0AC60,2018-01-26T22:00:00+08:00,55.0,82,3.2,14.0,0.9,1014.2,-99,0.0,12.6,90,2018-01-26T21:16:00+08:00,新北市,06,三峽區,057
24.940806,121.361500,三峽,C0AC60,2018-01-26T23:00:00+08:00,55.0,84,3.7,14.1,0.89,1014.2,-99,0.0,10.4,80,2018-01-26T22:06:00+08:00,新北市,06,三峽區,057
24.940806,121.361500,三峽,C0AC60,2018-01-27T00:00:00+08:00,55.0,79,4.4,14.0,0.88,1013.9,-99,0.0,11.0,75,2018-01-26T23:56:00+08:00,新北市,06,三峽區,057
24.940806,121.361500,三峽,C0AC60,2018-01-27T01:00:00+08:00,55.0,75,4.0,14.1,0.88,1013.4,-99,0.0,10.4,99,2018-01-27T00:35:00+08:00,新北市,06,三峽區,057
24.940806,121.361500,三峽,C0AC60,2018-01-27T02:00:00+08:00,55.0,83,4.3,14.0,0.9,1013.1,-99,0.0,11.5,81,2018-01-27T01:26:00+08:00,新北市,06,三峽區,057
24.940806,121.361500,三峽,C0AC60,2018-01-27T03:00:00+08:00,55.0,79,2.9,14.3,0.87,1012.7,-99,0.0,12.1,79,2018-01-27T02:26:00+08:00,新北市,06,三峽區,057
24.940806,121.361500,三峽,C0AC60,2018-01-27T04:00:00+08:00,55.0,86,3.1,14.5,0.85,1012.3,-99,0.0,10.4,79,2018-01-27T03:05:00+08:00,新北市,06,三峽區,057
24.940806,121.361500,三峽,C0AC60,2018-01-27T05:00:00+08:00,55.0,79,4.1,14.4,0.89,1012.3,-99,0.0,13.2,79,2018-01-27T04:29:00+08:00,新北市,06,三峽區,057
24.940806,121.361500,三峽,C0AC60,2018-01-27T06:00:00+08:00,55.0,78,3.3,14.7,0.87,1012.9,-99,0.0,10.4,88,2018-01-27T05:01:00+08:00,新北市,06,三峽區,057
24.940806,121.361500,三峽,C0AC60,2018-01-27T07:00:00+08:00,55.0,76,4.9,15.0,0.85,1013.2,-99,0.0,14.3,97,2018-01-27T06:33:00+08:00,新北市,06,三峽區,057
24.940806,121.361500,三峽,C0AC60,2018-01-27T08:00:00+08:00,55.0,77,4.7,15.2,0.86,1013.4,-99,0.0,11.5,51,2018-01-27T07:36:00+08:00,新北市,06,三峽區,057
24.940806,121.361500,三峽,C0AC60,2018-01-27T09:00:00+08:00,55.0,76,5.5,15.7,0.85,1013.3,-99,0.0,12.6,80,2018-01-27T08:47:00+08:00,新北市,06,三峽區,057
24.940806,121.361500,三峽,C0AC60,2018-01-27T10:00:00+08:00,55.0,79,4.9,16.8,0.81,1012.8,-99,0.0,14.8,66,2018-01-27T09:40:00+08:00,新北市,06,三峽區,057
24.940806,121.361500,三峽,C0AC60,2018-01-27T11:00:00+08:00,55.0,71,4.9,17.7,0.78,1011.6,-99,0.0,14.8,82,2018-01-27T10:12:00+08:00,新北市,06,三峽區,057
24.940806,121.361500,三峽,C0AC60,2018-01-27T12:00:00+08:00,55.0,73,4.2,18.9,0.75,1010.1,-99,0.0,14.3,86,2018-01-27T11:06:00+08:00,新北市,06,三峽區,057
24.940806,121.361500,三峽,C0AC60,2018-01-27T13:00:00+08:00,55.0,74,3.7,19.8,0.71,1008.7,-99,0.0,10.4,62,2018-01-27T12:19:00+08:00,新北市,06,三峽區,057
24.940806,121.361500,三峽,C0AC60,2018-01-27T14:00:00+08:00,55.0,75,3.1,21.0,0.67,1008.1,-99,0.0,11.0,85,2018-01-27T13:05:00+08:00,新北市,06,三峽區,057
24.940806,121.361500,三峽,C0AC60,2018-01-27T15:00:00+08:00,55.0,62,2.2,21.2,0.67,1008.4,-99,0.0,-99,-99,-99,新北市,06,三峽區,057
24.940806,121.361500,三峽,C0AC60,2018-01-27T16:00:00+08:00,55.0,58,1.9,20.4,0.71,1008.4,-99,0.0,-99,-99,-99,新北市,06,三峽區,057
24.940806,121.361500,三峽,C0AC60,2018-01-27T17:00:00+08:00,55.0,79,1.9,19.9,0.72,1008.3,-99,0.0,7.7,72,2018-01-27T16:08:00+08:00,新北市,06,三峽區,057
24.940806,121.361500,三峽,C0AC60,2018-01-27T18:00:00+08:00,55.0,90,2.2,19.3,0.76,1008.7,-99,0.0,-99,-99,-99,新北市,06,三峽區,057
24.940806,121.361500,三峽,C0AC60,2018-01-27T19:00:00+08:00,55.0,98,1.0,18.6,0.83,1008.8,-99,0.0,-99,-99,-99,新北市,06,三峽區,057
24.940806,121.361500,三峽,C0AC60,2018-01-27T20:00:00+08:00,55.0,0,0.0,18.0,0.9,1008.9,-99,0.0,-99,-99,-99,新北市,06,三峽區,057
24.940806,121.361500,三峽,C0AC60,2018-01-27T21:00:00+08:00,55.0,148,0.9,17.4,0.96,1008.6,-99,0.0,-99,-99,-99,新北市,06,三峽區,057
24.940806,121.361500,三峽,C0AC60,2018-01-27T22:00:00+08:00,55.0,0,0.1,17.5,0.95,1008.9,-99,0.0,-99,-99,-99,新北市,06,三峽區,057
24.940806,121.361500,三峽,C0AC60,2018-01-27T23:00:00+08:00,55.0,199,1.2,17.2,0.97,1008.8,-99,0.0,-99,-99,-99,新北市,06,三峽區,057
24.940806,121.361500,三峽,C0AC60,2018-01-28T00:00:00+08:00,55.0,0,0.0,17.6,0.95,1009.0,-99,0.0,-99,-99,-99,新北市,06,三峽區,057
24.940806,121.361500,三峽,C0AC60,2018-01-28T01:00:00+08:00,55.0,187,0.5,17.5,0.95,1008.4,-99,0.0,-99,-99,-99,新北市,06,三峽區,057
24.940806,121.361500,三峽,C0AC60,2018-01-28T02:00:00+08:00,55.0,195,0.3,17.1,0.98,1007.8,-99,0.0,-99,-99,-99,新北市,06,三峽區,057
24.940806,121.361500,三峽,C0AC60,2018-01-28T03:00:00+08:00,55.0,0,0.0,16.5,0.99,1007.1,-99,0.0,-99,-99,-99,新北市,06,三峽區,057
24.940806,121.361500,三峽,C0AC60,2018-01-28T04:00:00+08:00,55.0,186,0.8,16.0,1,1006.7,-99,0.0,-99,-99,-99,新北市,06,三峽區,057
24.940806,121.361500,三峽,C0AC60,2018-01-28T05:00:00+08:00,55.0,199,1.9,16.6,0.98,1007.0,-99,0.0,-99,-99,-99,新北市,06,三峽區,057
24.940806,121.361500,三峽,C0AC60,2018-01-28T06:00:00+08:00,55.0,0,0.0,16.9,0.99,1008.0,-99,0.0,-99,-99,-99,新北市,06,三峽區,057
24.940806,121.361500,三峽,C0AC60,2018-01-28T07:00:00+08:00,55.0,300,1.3,16.2,1,1008.9,-99,0.0,-99,-99,-99,新北市,06,三峽區,057
24.940806,121.361500,三峽,C0AC60,2018-01-28T08:00:00+08:00,55.0,311,1.3,15.6,1,1009.8,-99,0.0,-99,-99,-99,新北市,06,三峽區,057
24.940806,121.361500,三峽,C0AC60,2018-01-28T09:00:00+08:00,55.0,330,0.7,15.2,1,1010.5,-99,0.5,-99,-99,-99,新北市,06,三峽區,057
24.940806,121.361500,三峽,C0AC60,2018-01-28T10:00:00+08:00,55.0,305,0.6,15.3,1,1010.9,-99,0.5,-99,-99,-99,新北市,06,三峽區,057
24.940806,121.361500,三峽,C0AC60,2018-01-28T11:00:00+08:00,55.0,235,0.3,15.5,1,1010.6,-99,0.5,-99,-99,-99,新北市,06,三峽區,057
24.940806,121.361500,三峽,C0AC60,2018-01-28T12:00:00+08:00,55.0,290,0.4,15.4,0.99,1010.0,-99,2.0,-99,-99,-99,新北市,06,三峽區,057
24.940806,121.361500,三峽,C0AC60,2018-01-28T13:00:00+08:00,55.0,312,0.7,15.6,1,1009.0,-99,4.0,-99,-99,-99,新北市,06,三峽區,057
24.940806,121.361500,三峽,C0AC60,2018-01-28T14:00:00+08:00,55.0,0,0.0,15.5,0.99,1009.0,-99,4.5,-99,-99,-99,新北市,06,三峽區,057
24.940806,121.361500,三峽,C0AC60,2018-01-28T15:00:00+08:00,55.0,0,0.0,15.6,0.99,1008.6,-99,5.0,-99,-99,-99,新北市,06,三峽區,057
24.940806,121.361500,三峽,C0AC60,2018-01-28T16:00:00+08:00,55.0,81,0.9,14.6,1,1009.3,-99,6.0,-99,-99,-99,新北市,06,三峽區,057
24.940806,121.361500,三峽,C0AC60,2018-01-28T17:00:00+08:00,55.0,0,0.2,14.1,0.99,1010.4,-99,8.5,-99,-99,-99,新北市,06,三峽區,057
24.940806,121.361500,三峽,C0AC60,2018-01-28T18:00:00+08:00,55.0,90,1.0,14.0,1,1010.6,-99,9.5,-99,-99,-99,新北市,06,三峽區,057
24.940806,121.361500,三峽,C0AC60,2018-01-28T19:00:00+08:00,55.0,93,1.3,13.7,0.99,1011.5,-99,10.5,-99,-99,-99,新北市,06,三峽區,057
24.940806,121.361500,三峽,C0AC60,2018-01-28T20:00:00+08:00,55.0,72,1.1,13.7,0.99,1012.1,-99,10.5,-99,-99,-99,新北市,06,三峽區,057
24.940806,121.361500,三峽,C0AC60,2018-01-28T21:00:00+08:00,55.0,94,1.1,13.7,0.99,1012.1,-99,11.0,-99,-99,-99,新北市,06,三峽區,057
24.940806,121.361500,三峽,C0AC60,2018-01-28T22:00:00+08:00,55.0,90,1.1,13.7,0.99,1012.8,-99,11.5,-99,-99,-99,新北市,06,三峽區,057
24.940806,121.361500,三峽,C0AC60,2018-01-28T23:00:00+08:00,55.0,36,0.9,13.4,1,1013.1,-99,12.0,-99,-99,-99,新北市,06,三峽區,057
24.940806,121.361500,三峽,C0AC60,2018-01-29T00:00:00+08:00,55.0,79,0.6,13.2,1,1013.2,-99,12.0,-99,-99,-99,新北市,06,三峽區,057
24.940806,121.361500,三峽,C0AC60,2018-01-29T01:00:00+08:00,55.0,52,0.5,13.0,0.99,1013.7,-99,1.0,-99,-99,-99,新北市,06,三峽區,057
24.940806,121.361500,三峽,C0AC60,2018-01-29T02:00:00+08:00,55.0,97,0.9,12.2,0.99,1014.1,-99,3.0,-99,-99,-99,新北市,06,三峽區,057
24.940806,121.361500,三峽,C0AC60,2018-01-29T03:00:00+08:00,55.0,92,1.3,11.9,1,1013.1,-99,4.0,-99,-99,-99,新北市,06,三峽區,057
24.940806,121.361500,三峽,C0AC60,2018-01-29T04:00:00+08:00,55.0,0,0.2,12.0,0.99,1013.8,-99,4.0,-99,-99,-99,新北市,06,三峽區,057
24.940806,121.361500,三峽,C0AC60,2018-01-29T05:00:00+08:00,55.0,93,1.4,11.8,0.99,1013.6,-99,5.0,-99,-99,-99,新北市,06,三峽區,057
24.940806,121.361500,三峽,C0AC60,2018-01-29T06:00:00+08:00,55.0,0,0.1,11.8,0.99,1015.0,-99,5.0,-99,-99,-99,新北市,06,三峽區,057
24.940806,121.361500,三峽,C0AC60,2018-01-29T07:00:00+08:00,55.0,81,1.5,11.8,1,1015.1,-99,6.0,-99,-99,-99,新北市,06,三峽區,057
24.940806,121.361500,三峽,C0AC60,2018-01-29T08:00:00+08:00,55.0,37,1.8,11.9,0.99,1015.9,-99,7.5,-99,-99,-99,新北市,06,三峽區,057
24.940806,121.361500,三峽,C0AC60,2018-01-29T09:00:00+08:00,55.0,99,1.1,12.0,0.99,1016.5,-99,8.5,-99,-99,-99,新北市,06,三峽區,057
24.940806,121.361500,三峽,C0AC60,2018-01-29T10:00:00+08:00,55.0,102,1.8,12.1,0.98,1016.5,-99,8.5,-99,-99,-99,新北市,06,三峽區,057
24.940806,121.361500,三峽,C0AC60,2018-01-29T11:00:00+08:00,55.0,86,2.6,11.9,0.99,1015.6,-99,9.0,7.7,95,2018-01-29T10:44:00+08:00,新北市,06,三峽區,057
24.940806,121.361500,三峽,C0AC60,2018-01-29T12:00:00+08:00,55.0,83,2.2,11.8,0.99,1015.1,-99,10.0,7.7,53,2018-01-29T11:44:00+08:00,新北市,06,三峽區,057
24.940806,121.361500,三峽,C0AC60,2018-01-29T13:00:00+08:00,55.0,93,2.0,11.8,0.98,1013.7,-99,10.0,8.8,56,2018-01-29T12:47:00+08:00,新北市,06,三峽區,057
24.940806,121.361500,三峽,C0AC60,2018-01-29T14:00:00+08:00,55.0,86,2.1,11.8,0.96,1014.0,-99,10.0,7.7,72,2018-01-29T13:13:00+08:00,新北市,06,三峽區,057
24.940806,121.361500,三峽,C0AC60,2018-01-29T15:00:00+08:00,55.0,96,1.5,11.3,0.98,1014.1,-99,10.5,-99,-99,-99,新北市,06,三峽區,057
24.940806,121.361500,三峽,C0AC60,2018-01-29T16:00:00+08:00,55.0,94,2.9,11.0,0.98,1014.2,-99,10.5,-99,-99,-99,新北市,06,三峽區,057
24.940806,121.361500,三峽,C0AC60,2018-01-29T17:00:00+08:00,55.0,93,1.7,11.1,0.97,1014.7,-99,11.0,-99,-99,-99,新北市,06,三峽區,057
24.940806,121.361500,三峽,C0AC60,2018-01-29T18:00:00+08:00,55.0,95,1.7,10.8,1,1015.4,-99,12.5,-99,-99,-99,新北市,06,三峽區,057
24.940806,121.361500,三峽,C0AC60,2018-01-29T19:00:00+08:00,55.0,97,2.3,10.8,1,1016.0,-99,13.5,-99,-99,-99,新北市,06,三峽區,057
24.940806,121.361500,三峽,C0AC60,2018-01-29T20:00:00+08:00,55.0,84,2.0,10.7,0.99,1015.8,-99,14.0,-99,-99,-99,新北市,06,三峽區,057
24.940806,121.361500,三峽,C0AC60,2018-01-29T21:00:00+08:00,55.0,84,1.7,10.8,1,1016.2,-99,15.5,8.8,95,2018-01-29T20:49:00+08:00,新北市,06,三峽區,057
24.940806,121.361500,三峽,C0AC60,2018-01-29T22:00:00+08:00,55.0,92,1.6,10.7,1,1016.7,-99,18.5,-99,-99,-99,新北市,06,三峽區,057
24.940806,121.361500,三峽,C0AC60,2018-01-29T23:00:00+08:00,55.0,95,2.1,10.6,0.99,1016.7,-99,21.0,6.6,96,2018-01-29T22:23:00+08:00,新北市,06,三峽區,057
24.940806,121.361500,三峽,C0AC60,2018-01-30T00:00:00+08:00,55.0,87,1.8,10.9,1,1016.3,-99,21.5,-99,-99,-99,新北市,06,三峽區,057
24.940806,121.361500,三峽,C0AC60,2018-01-30T01:00:00+08:00,55.0,83,2.7,11.0,0.99,1016.4,-99,1.0,8.2,75,2018-01-30T00:23:00+08:00,新北市,06,三峽區,057
24.940806,121.361500,三峽,C0AC60,2018-01-30T02:00:00+08:00,55.0,75,2.2,10.9,1,1016.3,-99,2.5,7.7,88,2018-01-30T01:21:00+08:00,新北市,06,三峽區,057
24.940806,121.361500,三峽,C0AC60,2018-01-30T03:00:00+08:00,55.0,77,1.9,11.0,1,1016.7,-99,3.5,-99,-99,-99,新北市,06,三峽區,057
24.940806,121.361500,三峽,C0AC60,2018-01-30T04:00:00+08:00,55.0,95,2.6,10.8,0.99,1015.5,-99,4.5,-99,-99,-99,新北市,06,三峽區,057
24.940806,121.361500,三峽,C0AC60,2018-01-30T05:00:00+08:00,55.0,73,3.0,11.5,0.96,1015.5,-99,4.5,8.8,106,2018-01-30T04:59:00+08:00,新北市,06,三峽區,057
24.940806,121.361500,三峽,C0AC60,2018-01-30T06:00:00+08:00,55.0,88,1.0,11.2,0.99,1017.1,-99,4.5,-99,-99,-99,新北市,06,三峽區,057
24.940806,121.361500,三峽,C0AC60,2018-01-30T07:00:00+08:00,55.0,85,1.5,11.0,1,1017.3,-99,5.5,-99,-99,-99,新北市,06,三峽區,057
24.940806,121.361500,三峽,C0AC60,2018-01-30T08:00:00+08:00,55.0,97,2.0,11.2,1,1017.0,-99,6.0,6.0,64,2018-01-30T07:15:00+08:00,新北市,06,三峽區,057
24.940806,121.361500,三峽,C0AC60,2018-01-30T09:00:00+08:00,55.0,77,3.5,11.8,1,1015.3,-99,6.0,8.2,83,2018-01-30T08:45:00+08:00,新北市,06,三峽區,057
24.940806,121.361500,三峽,C0AC60,2018-01-30T10:00:00+08:00,55.0,79,4.3,12.8,0.93,1014.5,-99,6.0,11.5,79,2018-01-30T09:35:00+08:00,新北市,06,三峽區,057
24.940806,121.361500,三峽,C0AC60,2018-01-30T11:00:00+08:00,55.0,80,5.1,13.3,0.89,1013.9,-99,6.0,12.6,69,2018-01-30T10:33:00+08:00,新北市,06,三峽區,057
24.940806,121.361500,三峽,C0AC60,2018-01-30T12:00:00+08:00,55.0,77,5.1,13.3,0.91,1013.2,-99,6.0,12.1,85,2018-01-30T11:19:00+08:00,新北市,06,三峽區,057
24.940806,121.361500,三峽,C0AC60,2018-01-30T13:00:00+08:00,55.0,84,4.0,12.9,0.96,1013.4,-99,6.5,11.0,92,2018-01-30T12:28:00+08:00,新北市,06,三峽區,057
24.940806,121.361500,三峽,C0AC60,2018-01-30T14:00:00+08:00,55.0,83,2.7,12.8,0.99,1013.1,-99,7.0,9.9,84,2018-01-30T13:02:00+08:00,新北市,06,三峽區,057
24.940806,121.361500,三峽,C0AC60,2018-01-30T15:00:00+08:00,55.0,78,3.7,13.1,0.99,1012.3,-99,7.0,8.2,65,2018-01-30T14:39:00+08:00,新北市,06,三峽區,057
24.940806,121.361500,三峽,C0AC60,2018-01-30T16:00:00+08:00,55.0,85,2.4,13.1,0.99,1012.4,-99,7.0,8.2,96,2018-01-30T15:09:00+08:00,新北市,06,三峽區,057
24.940806,121.361500,三峽,C0AC60,2018-01-30T17:00:00+08:00,55.0,78,2.6,13.1,0.99,1012.7,-99,7.5,9.3,88,2018-01-30T16:20:00+08:00,新北市,06,三峽區,057
24.940806,121.361500,三峽,C0AC60,2018-01-30T18:00:00+08:00,55.0,82,3.0,13.2,1,1013.1,-99,8.0,-99,-99,-99,新北市,06,三峽區,057
24.940806,121.361500,三峽,C0AC60,2018-01-30T19:00:00+08:00,55.0,80,3.1,13.2,0.99,1013.3,-99,8.0,8.2,87,2018-01-30T18:26:00+08:00,新北市,06,三峽區,057
24.940806,121.361500,三峽,C0AC60,2018-01-30T20:00:00+08:00,55.0,80,3.5,13.4,1,1013.8,-99,8.0,8.2,79,2018-01-30T19:09:00+08:00,新北市,06,三峽區,057
24.940806,121.361500,三峽,C0AC60,2018-01-30T21:00:00+08:00,55.0,87,1.7,13.4,0.99,1014.0,-99,8.5,-99,-99,-99,新北市,06,三峽區,057
24.940806,121.361500,三峽,C0AC60,2018-01-30T22:00:00+08:00,55.0,76,2.8,13.5,1,1014.2,-99,9.5,-99,-99,-99,新北市,06,三峽區,057
24.940806,121.361500,三峽,C0AC60,2018-01-30T23:00:00+08:00,55.0,83,3.5,13.6,0.99,1014.1,-99,10.5,9.3,80,2018-01-30T22:13:00+08:00,新北市,06,三峽區,057
24.940806,121.361500,三峽,C0AC60,2018-01-31T00:00:00+08:00,55.0,91,1.9,13.5,0.99,1014.1,-99,11.0,-99,-99,-99,新北市,06,三峽區,057
24.940806,121.361500,三峽,C0AC60,2018-01-31T02:00:00+08:00,55.0,85,3.0,13.6,1,1013.7,-99,3.5,-99,-99,-99,新北市,06,三峽區,057
24.940806,121.361500,三峽,C0AC60,2018-01-31T03:00:00+08:00,55.0,86,1.3,13.6,1,1014.0,-99,8.0,-99,-99,-99,新北市,06,三峽區,057
24.940806,121.361500,三峽,C0AC60,2018-01-31T04:00:00+08:00,55.0,80,0.9,13.6,0.99,1014.5,-99,12.0,-99,-99,-99,新北市,06,三峽區,057
24.940806,121.361500,三峽,C0AC60,2018-01-31T05:00:00+08:00,55.0,93,0.8,13.6,1,1013.8,-99,15.0,-99,-99,-99,新北市,06,三峽區,057
24.940806,121.361500,三峽,C0AC60,2018-01-31T06:00:00+08:00,55.0,65,1.9,14.2,1,1013.8,-99,15.0,-99,-99,-99,新北市,06,三峽區,057
24.940806,121.361500,三峽,C0AC60,2018-01-31T07:00:00+08:00,55.0,69,2.2,14.3,0.99,1014.0,-99,15.0,7.1,63,2018-01-31T06:02:00+08:00,新北市,06,三峽區,057
24.940806,121.361500,三峽,C0AC60,2018-01-31T08:00:00+08:00,55.0,96,1.8,14.4,0.99,1013.4,-99,15.5,8.2,58,2018-01-31T07:43:00+08:00,新北市,06,三峽區,057
24.940806,121.361500,三峽,C0AC60,2018-01-31T09:00:00+08:00,55.0,82,3.9,15.6,0.94,1013.4,-99,15.5,10.4,88,2018-01-31T08:26:00+08:00,新北市,06,三峽區,057
24.940806,121.361500,三峽,C0AC60,2018-01-31T10:00:00+08:00,55.0,76,3.4,16.5,0.9,1013.1,-99,15.5,9.9,61,2018-01-31T09:38:00+08:00,新北市,06,三峽區,057
24.940806,121.361500,三峽,C0AC60,2018-01-31T11:00:00+08:00,55.0,71,3.8,17.6,0.86,1012.3,-99,15.5,11.5,93,2018-01-31T10:48:00+08:00,新北市,06,三峽區,057
24.940806,121.361500,三峽,C0AC60,2018-01-31T12:00:00+08:00,55.0,71,4.2,17.6,0.88,1011.3,-99,15.5,11.0,65,2018-01-31T11:15:00+08:00,新北市,06,三峽區,057
24.940806,121.361500,三峽,C0AC60,2018-01-31T13:00:00+08:00,55.0,78,3.4,16.7,0.93,1011.0,-99,15.5,11.5,81,2018-01-31T12:19:00+08:00,新北市,06,三峽區,057
24.940806,121.361500,三峽,C0AC60,2018-01-31T14:00:00+08:00,55.0,90,2.1,16.5,0.96,1010.9,-99,15.5,9.3,49,2018-01-31T13:20:00+08:00,新北市,06,三峽區,057
24.940806,121.361500,三峽,C0AC60,2018-01-31T15:00:00+08:00,55.0,89,1.7,16.6,0.97,1010.5,-99,15.5,-99,-99,-99,新北市,06,三峽區,057
24.940806,121.361500,三峽,C0AC60,2018-01-31T16:00:00+08:00,55.0,53,0.6,16.5,0.96,1011.0,-99,15.5,-99,-99,-99,新北市,06,三峽區,057
24.940806,121.361500,三峽,C0AC60,2018-01-31T17:00:00+08:00,55.0,330,0.7,15.3,1,1011.8,-99,16.5,-99,-99,-99,新北市,06,三峽區,057
24.940806,121.361500,三峽,C0AC60,2018-01-31T18:00:00+08:00,55.0,0,0.2,14.6,1,1012.5,-99,18.0,-99,-99,-99,新北市,06,三峽區,057
24.940806,121.361500,三峽,C0AC60,2018-01-31T19:00:00+08:00,55.0,66,0.8,14.1,0.99,1013.2,-99,20.0,-99,-99,-99,新北市,06,三峽區,057
24.940806,121.361500,三峽,C0AC60,2018-01-31T20:00:00+08:00,55.0,76,0.6,13.7,0.99,1014.4,-99,22.0,-99,-99,-99,新北市,06,三峽區,057
24.940806,121.361500,三峽,C0AC60,2018-01-31T21:00:00+08:00,55.0,87,0.6,13.2,0.99,1015.7,-99,25.0,-99,-99,-99,新北市,06,三峽區,057
24.940806,121.361500,三峽,C0AC60,2018-01-31T22:00:00+08:00,55.0,88,1.3,12.6,0.99,1016.3,-99,27.0,-99,-99,-99,新北市,06,三峽區,057
24.940806,121.361500,三峽,C0AC60,2018-01-31T23:00:00+08:00,55.0,81,0.6,12.1,1,1017.2,-99,32.0,-99,-99,-99,新北市,06,三峽區,057
