24.940806,121.361500,三峽,C0AC60,2017-07-01T00:00:00+08:00,55.0,224,0.3,25.7,0.95,1003.2,-99,7.0,-99,-99,-99,新北市,06,三峽區,057
24.940806,121.361500,三峽,C0AC60,2017-07-01T01:00:00+08:00,55.0,173,1.6,25.6,0.93,1003.4,-99,0.0,-99,-99,-99,新北市,06,三峽區,057
24.940806,121.361500,三峽,C0AC60,2017-07-01T02:00:00+08:00,55.0,162,0.4,25.7,0.92,1003.1,-99,0.0,-99,-99,-99,新北市,06,三峽區,057
24.940806,121.361500,三峽,C0AC60,2017-07-01T03:00:00+08:00,55.0,0,0.0,25.3,0.93,1002.6,-99,0.0,-99,-99,-99,新北市,06,三峽區,057
24.940806,121.361500,三峽,C0AC60,2017-07-01T04:00:00+08:00,55.0,204,1.0,25.1,0.92,1002.6,-99,0.0,-99,-99,-99,新北市,06,三峽區,057
24.940806,121.361500,三峽,C0AC60,2017-07-01T05:00:00+08:00,55.0,205,0.6,25.0,0.91,1002.6,-99,0.0,-99,-99,-99,新北市,06,三峽區,057
24.940806,121.361500,三峽,C0AC60,2017-07-01T06:00:00+08:00,55.0,0,0.0,25.1,0.91,1003.1,-99,0.0,-99,-99,-99,新北市,06,三峽區,057
24.940806,121.361500,三峽,C0AC60,2017-07-01T07:00:00+08:00,55.0,193,0.5,26.3,0.86,1003.3,-99,0.0,-99,-99,-99,新北市,06,三峽區,057
24.940806,121.361500,三峽,C0AC60,2017-07-01T08:00:00+08:00,55.0,168,0.4,27.8,0.79,1003.5,-99,0.0,-99,-99,-99,新北市,06,三峽區,057
24.940806,121.361500,三峽,C0AC60,2017-07-01T09:00:00+08:00,55.0,84,0.4,31.1,0.65,1003.2,-99,0.0,-99,-99,-99,新北市,06,三峽區,057
24.940806,121.361500,三峽,C0AC60,2017-07-01T10:00:00+08:00,55.0,32,0.7,31.9,0.64,1002.8,-99,0.0,-99,-99,-99,新北市,06,三峽區,057
24.940806,121.361500,三峽,C0AC60,2017-07-01T11:00:00+08:00,55.0,50,1.3,33.0,0.57,1002.3,-99,0.0,-99,-99,-99,新北市,06,三峽區,057
24.940806,121.361500,三峽,C0AC60,2017-07-01T12:00:00+08:00,55.0,32,1.0,34.4,0.51,1002.0,-99,0.0,-99,-99,-99,新北市,06,三峽區,057
24.940806,121.361500,三峽,C0AC60,2017-07-01T13:00:00+08:00,55.0,337,1.9,33.4,0.59,1001.6,-99,0.0,-99,-99,-99,新北市,06,三峽區,057
24.940806,121.361500,三峽,C0AC60,2017-07-01T14:00:00+08:00,55.0,350,1.5,33.3,0.61,1001.2,-99,0.0,-99,-99,-99,新北市,06,三峽區,057
24.940806,121.361500,三峽,C0AC60,2017-07-01T15:00:00+08:00,55.0,20,1.2,29.9,0.81,1001.4,-99,0.0,-99,-99,-99,新北市,06,三峽區,057
24.940806,121.361500,三峽,C0AC60,2017-07-01T16:00:00+08:00,55.0,91,0.4,25.2,0.99,1002.4,-99,55.5,-99,-99,-99,新北市,06,三峽區,057
24.940806,121.361500,三峽,C0AC60,2017-07-01T17:00:00+08:00,55.0,172,1.8,25.1,0.99,1002.5,-99,61.5,-99,-99,-99,新北市,06,三峽區,057
24.940806,121.361500,三峽,C0AC60,2017-07-01T18:00:00+08:00,55.0,0,0.1,25.3,0.97,1003.9,-99,63.5,-99,-99,-99,新北市,06,三峽區,057
24.940806,121.361500,三峽,C0AC60,2017-07-01T19:00:00+08:00,55.0,0,0.1,24.9,0.98,1005.5,-99,68.5,-99,-99,-99,新北市,06,三峽區,057
24.940806,121.361500,三峽,C0AC60,2017-07-01T20:00:00+08:00,55.0,0,0.0,25.3,0.96,1005.1,-99,73.0,-99,-99,-99,新北市,06,三峽區,057
24.940806,121.361500,三峽,C0AC60,2017-07-01T21:00:00+08:00,55.0,93,1.8,25.3,0.98,1003.4,-99,73.5,-99,-99,-99,新北市,06,三峽區,057
24.940806,121.361500,三峽,C0AC60,2017-07-01T22:00:00+08:00,55.0,237,0.9,25.6,0.96,1002.9,-99,73.5,-99,-99,-99,新北市,06,三峽區,057
24.940806,121.361500,三峽,C0AC60,2017-07-01T23:00:00+08:00,55.0,201,0.9,25.0,0.96,1003.2,-99,73.5,-99,-99,-99,新北市,06,三峽區,057
24.940806,121.361500,三峽,C0AC60,2017-07-02T00:00:00+08:00,55.0,0,0.0,25.3,0.95,1003.3,-99,73.5,-99,-99,-99,新北市,06,三峽區,057
24.940806,121.361500,三峽,C0AC60,2017-07-02T01:00:00+08:00,55.0,0,0.1,24.7,0.94,1003.1,-99,0.0,-99,-99,-99,新北市,06,三峽區,057
24.940806,121.361500,三峽,C0AC60,2017-07-02T02:00:00+08:00,55.0,185,0.9,24.7,0.92,1002.6,-99,0.0,-99,-99,-99,新北市,06,三峽區,057
24.940806,121.361500,三峽,C0AC60,2017-07-02T03:00:00+08:00,55.0,205,0.6,24.4,0.92,1002.5,-99,0.0,-99,-99,-99,新北市,06,三峽區,057
24.940806,121.361500,三峽,C0AC60,2017-07-02T04:00:00+08:00,55.0,158,0.9,24.4,0.92,1002.5,-99,0.0,-99,-99,-99,新北市,06,三峽區,057
24.940806,121.361500,三峽,C0AC60,2017-07-02T05:00:00+08:00,55.0,155,0.6,24.3,0.92,1003.0,-99,0.0,-99,-99,-99,新北市,06,三峽區,057
24.940806,121.361500,三峽,C0AC60,2017-07-02T06:00:00+08:00,55.0,174,0.8,24.4,0.92,1003.5,-99,0.0,-99,-99,-99,新北市,06,三峽區,057
24.940806,121.361500,三峽,C0AC60,2017-07-02T07:00:00+08:00,55.0,158,0.4,26.4,0.85,1003.8,-99,0.0,-99,-99,-99,新北市,06,三峽區,057
24.940806,121.361500,三峽,C0AC60,2017-07-02T08:00:00+08:00,55.0,89,0.5,28.5,0.78,1003.6,-99,0.0,-99,-99,-99,新北市,06,三峽區,057
24.940806,121.361500,三峽,C0AC60,2017-07-02T09:00:00+08:00,55.0,54,0.5,30.6,0.69,1003.3,-99,0.0,-99,-99,-99,新北市,06,三峽區,057
24.940806,121.361500,三峽,C0AC60,2017-07-02T10:00:00+08:00,55.0,44,1.3,31.8,0.64,1003.0,-99,0.0,-99,-99,-99,新北市,06,三峽區,057
24.940806,121.361500,三峽,C0AC60,2017-07-02T11:00:00+08:00,55.0,14,1.2,32.7,0.61,1002.9,-99,0.0,-99,-99,-99,新北市,06,三峽區,057
24.940806,121.361500,三峽,C0AC60,2017-07-02T12:00:00+08:00,55.0,327,1.1,33.1,0.63,1002.3,-99,0.0,-99,-99,-99,新北市,06,三峽區,057
24.940806,121.361500,三峽,C0AC60,2017-07-02T13:00:00+08:00,55.0,341,2.2,33.0,0.61,1002.0,-99,0.0,-99,-99,-99,新北市,06,三峽區,057
24.940806,121.361500,三峽,C0AC60,2017-07-02T14:00:00+08:00,55.0,11,1.9,32.9,0.62,1001.6,-99,0.0,-99,-99,-99,新北市,06,三峽區,057
24.940806,121.361500,三峽,C0AC60,2017-07-02T15:00:00+08:00,55.0,350,1.2,31.5,0.66,1001.1,-99,0.0,-99,-99,-99,新北市,06,三峽區,057
24.940806,121.361500,三峽,C0AC60,2017-07-02T16:00:00+08:00,55.0,321,0.5,30.2,0.73,1001.5,-99,0.0,-99,-99,-99,新北市,06,三峽區,057
24.940806,121.361500,三峽,C0AC60,2017-07-02T17:00:00+08:00,55.0,219,2.0,27.4,0.85,1001.8,-99,0.0,-99,-99,-99,新北市,06,三峽區,057
24.940806,121.361500,三峽,C0AC60,2017-07-02T18:00:00+08:00,55.0,216,1.4,28.4,0.81,1002.4,-99,0.0,-99,-99,-99,新北市,06,三峽區,057
24.940806,121.361500,三峽,C0AC60,2017-07-02T19:00:00+08:00,55.0,0,0.0,28.0,0.84,1002.8,-99,0.0,-99,-99,-99,新北市,06,三峽區,057
24.940806,121.361500,三峽,C0AC60,2017-07-02T21:00:00+08:00,55.0,201,0.5,27.2,0.88,1003.6,-99,0.0,-99,-99,-99,新北市,06,三峽區,057
24.940806,121.361500,三峽,C0AC60,2017-07-02T22:00:00+08:00,55.0,222,0.8,27.3,0.88,1004.1,-99,0.0,-99,-99,-99,新北市,06,三峽區,057
24.940806,121.361500,三峽,C0AC60,2017-07-02T23:00:00+08:00,55.0,226,1.4,26.6,0.9,1003.5,-99,0.0,-99,-99,-99,新北市,06,三峽區,057
24.940806,121.361500,三峽,C0AC60,2017-07-03T00:00:00+08:00,55.0,213,1.0,26.5,0.89,1003.0,-99,0.0,-99,-99,-99,新北市,06,三峽區,057
24.940806,121.361500,三峽,C0AC60,2017-07-03T01:00:00+08:00,55.0,199,0.8,26.5,0.89,1002.2,-99,0.0,-99,-99,-99,新北市,06,三峽區,057
24.940806,121.361500,三峽,C0AC60,2017-07-03T02:00:00+08:00,55.0,0,0.1,26.3,0.89,1001.7,-99,0.0,-99,-99,-99,新北市,06,三峽區,057
24.940806,121.361500,三峽,C0AC60,2017-07-03T03:00:00+08:00,55.0,181,0.6,25.9,0.92,1001.5,-99,0.0,-99,-99,-99,新北市,06,三峽區,057
24.940806,121.361500,三峽,C0AC60,2017-07-03T04:00:00+08:00,55.0,0,0.0,25.7,0.94,1001.4,-99,0.0,-99,-99,-99,新北市,06,三峽區,057
24.940806,121.361500,三峽,C0AC60,2017-07-03T05:00:00+08:00,55.0,0,0.2,25.6,0.93,1001.4,-99,0.0,-99,-99,-99,新北市,06,三峽區,057
24.940806,121.361500,三峽,C0AC60,2017-07-03T06:00:00+08:00,55.0,197,1.4,25.6,0.9,1001.9,-99,0.0,-99,-99,-99,新北市,06,三峽區,057
24.940806,121.361500,三峽,C0AC60,2017-07-03T07:00:00+08:00,55.0,0,0.0,28.0,0.78,1002.2,-99,0.0,-99,-99,-99,新北市,06,三峽區,057
24.940806,121.361500,三峽,C0AC60,2017-07-03T08:00:00+08:00,55.0,252,0.8,29.8,0.68,1002.3,-99,0.0,-99,-99,-99,新北市,06,三峽區,057
24.940806,121.361500,三峽,C0AC60,2017-07-03T09:00:00+08:00,55.0,260,1.3,31.0,0.65,1002.6,-99,0.0,-99,-99,-99,新北市,06,三峽區,057
24.940806,121.361500,三峽,C0AC60,2017-07-03T10:00:00+08:00,55.0,303,2.0,31.6,0.64,1002.7,-99,0.0,-99,-99,-99,新北市,06,三峽區,057
24.940806,121.361500,三峽,C0AC60,2017-07-03T11:00:00+08:00,55.0,304,1.4,32.8,0.61,1002.8,-99,0.0,-99,-99,-99,新北市,06,三峽區,057
24.940806,121.361500,三峽,C0AC60,2017-07-03T12:00:00+08:00,55.0,249,1.5,33.5,0.59,1002.2,-99,0.0,-99,-99,-99,新北市,06,三峽區,057
24.940806,121.361500,三峽,C0AC60,2017-07-03T13:00:00+08:00,55.0,321,1.2,34.1,0.58,1001.5,-99,0.0,-99,-99,-99,新北市,06,三峽區,057
24.940806,121.361500,三峽,C0AC60,2017-07-03T14:00:00+08:00,55.0,336,1.3,32.3,0.66,1001.8,-99,0.0,-99,-99,-99,新北市,06,三峽區,057
24.940806,121.361500,三峽,C0AC60,2017-07-03T15:00:00+08:00,55.0,0,0.0,25.4,0.98,1002.7,-99,16.0,-99,-99,-99,新北市,06,三峽區,057
24.940806,121.361500,三峽,C0AC60,2017-07-03T16:00:00+08:00,55.0,83,0.4,28.4,0.82,1002.0,-99,16.0,-99,-99,-99,新北市,06,三峽區,057
24.940806,121.361500,三峽,C0AC60,2017-07-03T17:00:00+08:00,55.0,89,0.9,30.4,0.72,1001.2,-99,16.0,-99,-99,-99,新北市,06,三峽區,057
24.940806,121.361500,三峽,C0AC60,2017-07-03T18:00:00+08:00,55.0,89,0.8,30.9,0.71,1001.9,-99,16.0,-99,-99,-99,新北市,06,三峽區,057
24.940806,121.361500,三峽,C0AC60,2017-07-03T19:00:00+08:00,55.0,201,1.1,28.3,0.85,1002.8,-99,16.0,-99,-99,-99,新北市,06,三峽區,057
24.940806,121.361500,三峽,C0AC60,2017-07-03T20:00:00+08:00,55.0,222,0.8,27.3,0.89,1003.6,-99,16.0,-99,-99,-99,新北市,06,三峽區,057
24.940806,121.361500,三峽,C0AC60,2017-07-03T21:00:00+08:00,55.0,213,1.3,26.9,0.9,1004.3,-99,16.0,-99,-99,-99,新北市,06,三峽區,057
24.940806,121.361500,三峽,C0AC60,2017-07-03T22:00:00+08:00,55.0,168,1.8,26.7,0.88,1004.6,-99,16.0,-99,-99,-99,新北市,06,三峽區,057
24.940806,121.361500,三峽,C0AC60,2017-07-03T23:00:00+08:00,55.0,184,1.5,26.9,0.89,1004.4,-99,16.0,-99,-99,-99,新北市,06,三峽區,057
24.940806,121.361500,三峽,C0AC60,2017-07-04T00:00:00+08:00,55.0,200,1.7,26.5,0.88,1004.0,-99,16.0,-99,-99,-99,新北市,06,三峽區,057
24.940806,121.361500,三峽,C0AC60,2017-07-04T01:00:00+08:00,55.0,208,1.0,26.0,0.9,1003.6,-99,0.0,-99,-99,-99,新北市,06,三峽區,057
24.940806,121.361500,三峽,C0AC60,2017-07-04T02:00:00+08:00,55.0,165,0.8,25.7,0.91,1003.4,-99,0.0,-99,-99,-99,新北市,06,三峽區,057
24.940806,121.361500,三峽,C0AC60,2017-07-04T03:00:00+08:00,55.0,213,1.0,25.5,0.9,1003.2,-99,0.0,-99,-99,-99,新北市,06,三峽區,057
24.940806,121.361500,三峽,C0AC60,2017-07-04T04:00:00+08:00,55.0,200,1.4,25.4,0.9,1003.1,-99,0.0,-99,-99,-99,新北市,06,三峽區,057
24.940806,121.361500,三峽,C0AC60,2017-07-04T05:00:00+08:00,55.0,199,0.7,25.2,0.9,1003.5,-99,0.0,-99,-99,-99,新北市,06,三峽區,057
24.940806,121.361500,三峽,C0AC60,2017-07-04T06:00:00+08:00,55.0,162,0.9,25.7,0.88,1004.4,-99,0.0,-99,-99,-99,新北市,06,三峽區,057
24.940806,121.361500,三峽,C0AC60,2017-07-04T07:00:00+08:00,55.0,0,0.1,28.0,0.79,1005.1,-99,0.0,-99,-99,-99,新北市,06,三峽區,057
24.940806,121.361500,三峽,C0AC60,2017-07-04T08:00:00+08:00,55.0,88,0.5,29.1,0.79,1005.2,-99,0.0,-99,-99,-99,新北市,06,三峽區,057
24.940806,121.361500,三峽,C0AC60,2017-07-04T09:00:00+08:00,55.0,53,1.3,31.3,0.67,1005.4,-99,0.0,-99,-99,-99,新北市,06,三峽區,057
24.940806,121.361500,三峽,C0AC60,2017-07-04T10:00:00+08:00,55.0,0,0.0,32.4,0.65,1005.2,-99,0.0,-99,-99,-99,新北市,06,三峽區,057
24.940806,121.361500,三峽,C0AC60,2017-07-04T11:00:00+08:00,55.0,0,0.0,32.5,0.64,1005.2,-99,0.0,-99,-99,-99,新北市,06,三峽區,057
24.940806,121.361500,三峽,C0AC60,2017-07-04T12:00:00+08:00,55.0,341,1.4,32.0,0.69,1004.5,-99,0.0,-99,-99,-99,新北市,06,三峽區,057
24.940806,121.361500,三峽,C0AC60,2017-07-04T13:00:00+08:00,55.0,329,1.5,31.8,0.69,1004.0,-99,0.0,-99,-99,-99,新北市,06,三峽區,057
24.940806,121.361500,三峽,C0AC60,2017-07-04T14:00:00+08:00,55.0,354,0.9,31.9,0.69,1003.5,-99,0.0,-99,-99,-99,新北市,06,三峽區,057
24.940806,121.361500,三峽,C0AC60,2017-07-04T15:00:00+08:00,55.0,200,1.6,29.5,0.77,1003.7,-99,0.0,-99,-99,-99,新北市,06,三峽區,057
24.940806,121.361500,三峽,C0AC60,2017-07-04T16:00:00+08:00,55.0,214,1.6,26.9,0.91,1003.9,-99,0.5,-99,-99,-99,新北市,06,三峽區,057
24.940806,121.361500,三峽,C0AC60,2017-07-04T17:00:00+08:00,55.0,199,0.9,26.1,0.95,1004.3,-99,2.5,-99,-99,-99,新北市,06,三峽區,057
24.940806,121.361500,三峽,C0AC60,2017-07-04T18:00:00+08:00,55.0,209,1.0,26.1,0.93,1004.5,-99,3.5,-99,-99,-99,新北市,06,三峽區,057
24.940806,121.361500,三峽,C0AC60,2017-07-04T19:00:00+08:00,55.0,198,0.7,26.3,0.91,1005.1,-99,3.5,-99,-99,-99,新北市,06,三峽區,057
24.940806,121.361500,三峽,C0AC60,2017-07-04T20:00:00+08:00,55.0,215,0.5,25.6,0.93,1005.3,-99,3.5,-99,-99,-99,新北市,06,三峽區,057
24.940806,121.361500,三峽,C0AC60,2017-07-04T21:00:00+08:00,55.0,0,0.1,25.6,0.89,1005.5,-99,3.5,-99,-99,-99,新北市,06,三峽區,057
24.940806,121.361500,三峽,C0AC60,2017-07-04T22:00:00+08:00,55.0,173,0.5,25.4,0.91,1005.6,-99,3.5,-99,-99,-99,新北市,06,三峽區,057
24.940806,121.361500,三峽,C0AC60,2017-07-04T23:00:00+08:00,55.0,171,1.1,25.2,0.91,1005.4,-99,3.5,-99,-99,-99,新北市,06,三峽區,057
24.940806,121.361500,三峽,C0AC60,2017-07-05T00:00:00+08:00,55.0,198,0.8,25.2,0.88,1005.3,-99,3.5,-99,-99,-99,新北市,06,三峽區,057
24.940806,121.361500,三峽,C0AC60,2017-07-05T01:00:00+08:00,55.0,188,1.0,25.1,0.88,1005.3,-99,0.0,-99,-99,-99,新北市,06,三峽區,057
24.940806,121.361500,三峽,C0AC60,2017-07-05T02:00:00+08:00,55.0,0,0.0,24.8,0.92,1004.9,-99,0.0,-99,-99,-99,新北市,06,三峽區,057
24.940806,121.361500,三峽,C0AC60,2017-07-05T03:00:00+08:00,55.0,181,1.5,24.7,0.91,1005.4,-99,0.0,-99,-99,-99,新北市,06,三峽區,057
24.940806,121.361500,三峽,C0AC60,2017-07-05T04:00:00+08:00,55.0,198,2.0,24.8,0.89,1005.5,-99,0.0,-99,-99,-99,新北市,06,三峽區,057
24.940806,121.361500,三峽,C0AC60,2017-07-05T05:00:00+08:00,55.0,211,0.4,24.7,0.89,1005.8,-99,0.0,-99,-99,-99,新北市,06,三峽區,057
24.940806,121.361500,三峽,C0AC60,2017-07-05T06:00:00+08:00,55.0,0,0.2,24.9,0.88,1006.3,-99,0.0,-99,-99,-99,新北市,06,三峽區,057
24.940806,121.361500,三峽,C0AC60,2017-07-05T07:00:00+08:00,55.0,212,0.8,25.5,0.87,1006.6,-99,0.0,-99,-99,-99,新北市,06,三峽區,057
24.940806,121.361500,三峽,C0AC60,2017-07-05T08:00:00+08:00,55.0,88,1.0,28.1,0.79,1006.7,-99,0.0,-99,-99,-99,新北市,06,三峽區,057
24.940806,121.361500,三峽,C0AC60,2017-07-05T09:00:00+08:00,55.0,85,0.8,30.5,0.66,1006.5,-99,0.0,-99,-99,-99,新北市,06,三峽區,057
24.940806,121.361500,三峽,C0AC60,2017-07-05T10:00:00+08:00,55.0,66,1.8,31.9,0.6,1005.9,-99,0.0,-99,-99,-99,新北市,06,三峽區,057
24.940806,121.361500,三峽,C0AC60,2017-07-05T11:00:00+08:00,55.0,68,0.8,33.3,0.6,1005.9,-99,0.0,-99,-99,-99,新北市,06,三峽區,057
24.940806,121.361500,三峽,C0AC60,2017-07-05T12:00:00+08:00,55.0,51,1.7,34.5,0.56,1005.7,-99,0.0,-99,-99,-99,新北市,06,三峽區,057
24.940806,121.361500,三峽,C0AC60,2017-07-05T13:00:00+08:00,55.0,38,1.1,34.8,0.55,1005.6,-99,0.0,-99,-99,-99,新北市,06,三峽區,057
24.940806,121.361500,三峽,C0AC60,2017-07-05T14:00:00+08:00,55.0,334,2.0,32.8,0.63,1005.5,-99,0.0,-99,-99,-99,新北市,06,三峽區,057
24.940806,121.361500,三峽,C0AC60,2017-07-05T15:00:00+08:00,55.0,228,2.7,29.6,0.8,1005.5,-99,0.0,-99,-99,-99,新北市,06,三峽區,057
24.940806,121.361500,三峽,C0AC60,2017-07-05T16:00:00+08:00,55.0,209,2.4,27.3,0.91,1005.1,-99,0.5,-99,-99,-99,新北市,06,三峽區,057
24.940806,121.361500,三峽,C0AC60,2017-07-05T17:00:00+08:00,55.0,205,1.2,27.9,0.87,1004.7,-99,0.5,-99,-99,-99,新北市,06,三峽區,057
24.940806,121.361500,三峽,C0AC60,2017-07-05T18:00:00+08:00,55.0,0,0.2,28.2,0.88,1004.9,-99,0.5,-99,-99,-99,新北市,06,三峽區,057
24.940806,121.361500,三峽,C0AC60,2017-07-05T19:00:00+08:00,55.0,178,0.6,27.6,0.88,1005.3,-99,0.5,-99,-99,-99,新北市,06,三峽區,057
24.940806,121.361500,三峽,C0AC60,2017-07-05T20:00:00+08:00,55.0,214,1.3,26.9,0.92,1005.9,-99,0.5,-99,-99,-99,新北市,06,三峽區,057
24.940806,121.361500,三峽,C0AC60,2017-07-05T21:00:00+08:00,55.0,203,1.9,26.8,0.89,1006.6,-99,0.5,-99,-99,-99,新北市,06,三峽區,057
24.940806,121.361500,三峽,C0AC60,2017-07-05T23:00:00+08:00,55.0,182,0.5,26.7,0.89,1007.0,-99,0.5,-99,-99,-99,新北市,06,三峽區,057
24.940806,121.361500,三峽,C0AC60,2017-07-06T00:00:00+08:00,55.0,200,1.2,26.9,0.87,1006.9,-99,0.5,-99,-99,-99,新北市,06,三峽區,057
24.940806,121.361500,三峽,C0AC60,2017-07-06T01:00:00+08:00,55.0,195,1.0,26.8,0.88,1006.5,-99,0.0,-99,-99,-99,新北市,06,三峽區,057
24.940806,121.361500,三峽,C0AC60,2017-07-06T02:00:00+08:00,55.0,210,0.4,26.5,0.9,1006.0,-99,0.0,-99,-99,-99,新北市,06,三峽區,057
24.940806,121.361500,三峽,C0AC60,2017-07-06T03:00:00+08:00,55.0,162,1.8,26.3,0.9,1005.2,-99,0.0,-99,-99,-99,新北市,06,三峽區,057
24.940806,121.361500,三峽,C0AC60,2017-07-06T04:00:00+08:00,55.0,0,0.1,26.1,0.91,1005.1,-99,0.0,-99,-99,-99,新北市,06,三峽區,057
24.940806,121.361500,三峽,C0AC60,2017-07-06T05:00:00+08:00,55.0,151,1.5,25.7,0.91,1005.3,-99,0.0,-99,-99,-99,新北市,06,三峽區,057
24.940806,121.361500,三峽,C0AC60,2017-07-06T06:00:00+08:00,55.0,156,1.4,25.9,0.9,1005.5,-99,0.0,-99,-99,-99,新北市,06,三峽區,057
24.940806,121.361500,三峽,C0AC60,2017-07-06T07:00:00+08:00,55.0,0,0.2,27.2,0.85,1006.1,-99,0.0,-99,-99,-99,新北市,06,三峽區,057
24.940806,121.361500,三峽,C0AC60,2017-07-06T08:00:00+08:00,55.0,0,0.2,28.7,0.8,1006.8,-99,0.0,-99,-99,-99,新北市,06,三峽區,057
24.940806,121.361500,三峽,C0AC60,2017-07-06T09:00:00+08:00,55.0,106,0.8,30.5,0.72,1006.3,-99,0.0,-99,-99,-99,新北市,06,三峽區,057
24.940806,121.361500,三峽,C0AC60,2017-07-06T10:00:00+08:00,55.0,32,0.8,31.9,0.67,1005.8,-99,0.0,-99,-99,-99,新北市,06,三峽區,057
24.940806,121.361500,三峽,C0AC60,2017-07-06T11:00:00+08:00,55.0,329,1.5,31.9,0.71,1005.6,-99,0.0,-99,-99,-99,新北市,06,三峽區,057
24.940806,121.361500,三峽,C0AC60,2017-07-06T12:00:00+08:00,55.0,342,1.3,32.8,0.67,1005.1,-99,0.0,-99,-99,-99,新北市,06,三峽區,057
24.940806,121.361500,三峽,C0AC60,2017-07-06T13:00:00+08:00,55.0,336,1.3,33.5,0.63,1004.3,-99,0.0,-99,-99,-99,新北市,06,三峽區,057
24.940806,121.361500,三峽,C0AC60,2017-07-06T14:00:00+08:00,55.0,330,1.6,32.7,0.69,1003.3,-99,0.0,-99,-99,-99,新北市,06,三峽區,057
24.940806,121.361500,三峽,C0AC60,2017-07-06T15:00:00+08:00,55.0,324,1.0,32.4,0.72,1002.7,-99,0.0,-99,-99,-99,新北市,06,三峽區,057
24.940806,121.361500,三峽,C0AC60,2017-07-06T16:00:00+08:00,55.0,228,3.8,26.5,0.98,1004.0,-99,55.0,-99,-99,-99,新北市,06,三峽區,057
24.940806,121.361500,三峽,C0AC60,2017-07-06T17:00:00+08:00,55.0,212,0.9,25.7,0.96,1003.3,-99,73.5,-99,-99,-99,新北市,06,三峽區,057
24.940806,121.361500,三峽,C0AC60,2017-07-06T19:00:00+08:00,55.0,0,0.2,27.5,0.88,1004.5,-99,73.5,-99,-99,-99,新北市,06,三峽區,057
24.940806,121.361500,三峽,C0AC60,2017-07-06T20:00:00+08:00,55.0,0,0.2,26.8,0.93,1004.8,-99,73.5,-99,-99,-99,新北市,06,三峽區,057
24.940806,121.361500,三峽,C0AC60,2017-07-06T21:00:00+08:00,55.0,219,0.5,26.5,0.9,1005.3,-99,73.5,-99,-99,-99,新北市,06,三峽區,057
24.940806,121.361500,三峽,C0AC60,2017-07-06T22:00:00+08:00,55.0,204,1.3,26.0,0.93,1005.5,-99,73.5,-99,-99,-99,新北市,06,三峽區,057
24.940806,121.361500,三峽,C0AC60,2017-07-06T23:00:00+08:00,55.0,193,1.1,25.9,0.92,1005.8,-99,73.5,-99,-99,-99,新北市,06,三峽區,057
24.940806,121.361500,三峽,C0AC60,2017-07-07T00:00:00+08:00,55.0,206,1.0,25.9,0.89,1005.4,-99,73.5,-99,-99,-99,新北市,06,三峽區,057
24.940806,121.361500,三峽,C0AC60,2017-07-07T02:00:00+08:00,55.0,0,0.0,25.4,0.91,1005.4,-99,0.0,-99,-99,-99,新北市,06,三峽區,057
24.940806,121.361500,三峽,C0AC60,2017-07-07T03:00:00+08:00,55.0,202,0.5,25.5,0.9,1005.1,-99,0.0,-99,-99,-99,新北市,06,三峽區,057
24.940806,121.361500,三峽,C0AC60,2017-07-07T04:00:00+08:00,55.0,173,0.7,25.5,0.91,1005.1,-99,0.0,-99,-99,-99,新北市,06,三峽區,057
24.940806,121.361500,三峽,C0AC60,2017-07-07T05:00:00+08:00,55.0,197,1.2,25.2,0.92,1005.0,-99,0.0,-99,-99,-99,新北市,06,三峽區,057
24.940806,121.361500,三峽,C0AC60,2017-07-07T06:00:00+08:00,55.0,0,0.0,25.6,0.9,1005.2,-99,0.0,-99,-99,-99,新北市,06,三峽區,057
24.940806,121.361500,三峽,C0AC60,2017-07-07T07:00:00+08:00,55.0,208,1.3,25.6,0.89,1005.4,-99,0.0,-99,-99,-99,新北市,06,三峽區,057
24.940806,121.361500,三峽,C0AC60,2017-07-07T08:00:00+08:00,55.0,0,0.2,27.2,0.83,1006.0,-99,0.0,-99,-99,-99,新北市,06,三峽區,057
24.940806,121.361500,三峽,C0AC60,2017-07-07T09:00:00+08:00,55.0,0,0.0,28.7,0.81,1006.3,-99,0.0,-99,-99,-99,新北市,06,三峽區,057
24.940806,121.361500,三峽,C0AC60,2017-07-07T10:00:00+08:00,55.0,57,0.7,30.5,0.72,1005.8,-99,0.0,-99,-99,-99,新北市,06,三峽區,057
24.940806,121.361500,三峽,C0AC60,2017-07-07T11:00:00+08:00,55.0,0,0.2,31.6,0.68,1005.5,-99,0.0,-99,-99,-99,新北市,06,三峽區,057
24.940806,121.361500,三峽,C0AC60,2017-07-07T12:00:00+08:00,55.0,301,0.7,32.1,0.66,1005.4,-99,0.0,-99,-99,-99,新北市,06,三峽區,057
24.940806,121.361500,三峽,C0AC60,2017-07-07T13:00:00+08:00,55.0,340,0.5,32.6,0.64,1004.8,-99,0.0,-99,-99,-99,新北市,06,三峽區,057
24.940806,121.361500,三峽,C0AC60,2017-07-07T14:00:00+08:00,55.0,0,0.1,32.0,0.7,1004.2,-99,0.0,-99,-99,-99,新北市,06,三峽區,057
24.940806,121.361500,三峽,C0AC60,2017-07-07T15:00:00+08:00,55.0,207,0.9,28.1,0.96,1004.4,-99,6.5,-99,-99,-99,新北市,06,三峽區,057
24.940806,121.361500,三峽,C0AC60,2017-07-07T16:00:00+08:00,55.0,279,0.8,26.9,0.94,1005.3,-99,17.0,-99,-99,-99,新北市,06,三峽區,057
24.940806,121.361500,三峽,C0AC60,2017-07-07T17:00:00+08:00,55.0,231,1.0,24.4,0.93,1006.8,-99,32.0,-99,-99,-99,新北市,06,三峽區,057
24.940806,121.361500,三峽,C0AC60,2017-07-07T18:00:00+08:00,55.0,90,0.9,24.4,0.96,1006.9,-99,34.5,-99,-99,-99,新北市,06,三峽區,057
24.940806,121.361500,三峽,C0AC60,2017-07-07T19:00:00+08:00,55.0,96,0.4,24.6,0.97,1007.3,-99,38.0,-99,-99,-99,新北市,06,三峽區,057
24.940806,121.361500,三峽,C0AC60,2017-07-07T20:00:00+08:00,55.0,0,0.2,24.4,0.98,1007.5,-99,40.0,-99,-99,-99,新北市,06,三峽區,057
24.940806,121.361500,三峽,C0AC60,2017-07-07T21:00:00+08:00,55.0,84,1.2,24.2,0.97,1007.8,-99,40.5,-99,-99,-99,新北市,06,三峽區,057
24.940806,121.361500,三峽,C0AC60,2017-07-07T22:00:00+08:00,55.0,187,0.8,24.0,0.97,1008.1,-99,41.0,-99,-99,-99,新北市,06,三峽區,057
24.940806,121.361500,三峽,C0AC60,2017-07-07T23:00:00+08:00,55.0,154,1.3,24.2,0.97,1008.3,-99,41.5,-99,-99,-99,新北市,06,三峽區,057
24.940806,121.361500,三峽,C0AC60,2017-07-08T00:00:00+08:00,55.0,189,1.2,24.4,0.93,1007.9,-99,41.5,-99,-99,-99,新北市,06,三峽區,057
24.940806,121.361500,三峽,C0AC60,2017-07-08T01:00:00+08:00,55.0,0,0.2,24.0,0.95,1007.3,-99,0.0,-99,-99,-99,新北市,06,三峽區,057
24.940806,121.361500,三峽,C0AC60,2017-07-08T02:00:00+08:00,55.0,160,1.7,24.2,0.94,1006.9,-99,0.0,-99,-99,-99,新北市,06,三峽區,057
24.940806,121.361500,三峽,C0AC60,2017-07-08T03:00:00+08:00,55.0,170,0.9,24.0,0.93,1006.3,-99,0.0,-99,-99,-99,新北市,06,三峽區,057
24.940806,121.361500,三峽,C0AC60,2017-07-08T04:00:00+08:00,55.0,162,0.8,24.1,0.92,1005.6,-99,0.0,-99,-99,-99,新北市,06,三峽區,057
24.940806,121.361500,三峽,C0AC60,2017-07-08T05:00:00+08:00,55.0,160,0.8,24.0,0.93,1005.3,-99,0.0,-99,-99,-99,新北市,06,三峽區,057
24.940806,121.361500,三峽,C0AC60,2017-07-08T06:00:00+08:00,55.0,204,0.7,24.3,0.9,1005.6,-99,0.0,-99,-99,-99,新北市,06,三峽區,057
24.940806,121.361500,三峽,C0AC60,2017-07-08T07:00:00+08:00,55.0,0,0.2,25.4,0.88,1005.9,-99,0.0,-99,-99,-99,新北市,06,三峽區,057
24.940806,121.361500,三峽,C0AC60,2017-07-08T08:00:00+08:00,55.0,0,0.2,27.5,0.83,1006.4,-99,0.0,-99,-99,-99,新北市,06,三峽區,057
24.940806,121.361500,三峽,C0AC60,2017-07-08T09:00:00+08:00,55.0,0,0.0,29.1,0.78,1006.6,-99,0.0,-99,-99,-99,新北市,06,三峽區,057
24.940806,121.361500,三峽,C0AC60,2017-07-08T10:00:00+08:00,55.0,0,0.0,30.2,0.73,1006.6,-99,0.0,-99,-99,-99,新北市,06,三峽區,057
24.940806,121.361500,三峽,C0AC60,2017-07-08T11:00:00+08:00,55.0,0,0.2,31.9,0.58,1006.3,-99,0.0,-99,-99,-99,新北市,06,三峽區,057
24.940806,121.361500,三峽,C0AC60,2017-07-08T12:00:00+08:00,55.0,95,1.2,33.2,0.55,1005.7,-99,0.0,-99,-99,-99,新北市,06,三峽區,057
24.940806,121.361500,三峽,C0AC60,2017-07-08T13:00:00+08:00,55.0,0,0.2,34.1,0.52,1005.3,-99,0.0,-99,-99,-99,新北市,06,三峽區,057
24.940806,121.361500,三峽,C0AC60,2017-07-08T14:00:00+08:00,55.0,315,0.4,33.2,0.6,1004.9,-99,0.0,-99,-99,-99,新北市,06,三峽區,057
24.940806,121.361500,三峽,C0AC60,2017-07-08T15:00:00+08:00,55.0,339,1.1,30.8,0.78,1004.6,-99,0.0,-99,-99,-99,新北市,06,三峽區,057
24.940806,121.361500,三峽,C0AC60,2017-07-08T16:00:00+08:00,55.0,0,0.2,27.5,0.83,1004.3,-99,0.0,-99,-99,-99,新北市,06,三峽區,057
24.940806,121.361500,三峽,C0AC60,2017-07-08T17:00:00+08:00,55.0,0,0.2,27.6,0.76,1004.6,-99,0.0,-99,-99,-99,新北市,06,三峽區,057
24.940806,121.361500,三峽,C0AC60,2017-07-08T18:00:00+08:00,55.0,228,1.3,27.5,0.8,1005.5,-99,0.0,-99,-99,-99,新北市,06,三峽區,057
24.940806,121.361500,三峽,C0AC60,2017-07-08T19:00:00+08:00,55.0,312,0.6,27.1,0.82,1006.5,-99,0.0,-99,-99,-99,新北市,06,三峽區,057
24.940806,121.361500,三峽,C0AC60,2017-07-08T20:00:00+08:00,55.0,192,0.9,25.3,0.95,1006.8,-99,2.0,-99,-99,-99,新北市,06,三峽區,057
24.940806,121.361500,三峽,C0AC60,2017-07-08T21:00:00+08:00,55.0,171,0.8,25.3,0.97,1007.1,-99,4.0,-99,-99,-99,新北市,06,三峽區,057
24.940806,121.361500,三峽,C0AC60,2017-07-08T22:00:00+08:00,55.0,0,0.0,25.4,0.97,1007.4,-99,4.0,-99,-99,-99,新北市,06,三峽區,057
24.940806,121.361500,三峽,C0AC60,2017-07-08T23:00:00+08:00,55.0,191,0.3,25.3,0.97,1007.5,-99,4.0,-99,-99,-99,新北市,06,三峽區,057
24.940806,121.361500,三峽,C0AC60,2017-07-09T00:00:00+08:00,55.0,0,0.2,25.2,0.97,1007.1,-99,4.0,-99,-99,-99,新北市,06,三峽區,057
24.940806,121.361500,三峽,C0AC60,2017-07-09T01:00:00+08:00,55.0,168,0.9,25.0,0.97,1006.7,-99,0.0,-99,-99,-99,新北市,06,三峽區,057
24.940806,121.361500,三峽,C0AC60,2017-07-09T02:00:00+08:00,55.0,187,0.4,25.3,0.94,1006.3,-99,0.0,-99,-99,-99,新北市,06,三峽區,057
24.940806,121.361500,三峽,C0AC60,2017-07-09T03:00:00+08:00,55.0,90,0.4,25.4,0.95,1006.0,-99,0.0,-99,-99,-99,新北市,06,三峽區,057
24.940806,121.361500,三峽,C0AC60,2017-07-09T04:00:00+08:00,55.0,0,0.0,25.2,0.95,1005.5,-99,0.0,-99,-99,-99,新北市,06,三峽區,057
24.940806,121.361500,三峽,C0AC60,2017-07-09T05:00:00+08:00,55.0,0,0.0,25.1,0.94,1005.7,-99,0.0,-99,-99,-99,新北市,06,三峽區,057
24.940806,121.361500,三峽,C0AC60,2017-07-09T06:00:00+08:00,55.0,162,0.7,25.0,0.93,1005.9,-99,0.0,-99,-99,-99,新北市,06,三峽區,057
24.940806,121.361500,三峽,C0AC60,2017-07-09T07:00:00+08:00,55.0,0,0.0,26.5,0.85,1005.8,-99,0.0,-99,-99,-99,新北市,06,三峽區,057
24.940806,121.361500,三峽,C0AC60,2017-07-09T08:00:00+08:00,55.0,88,0.7,27.3,0.86,1006.2,-99,0.0,-99,-99,-99,新北市,06,三峽區,057
24.940806,121.361500,三峽,C0AC60,2017-07-09T09:00:00+08:00,55.0,83,0.8,29.5,0.76,1005.9,-99,0.0,-99,-99,-99,新北市,06,三峽區,057
24.940806,121.361500,三峽,C0AC60,2017-07-09T10:00:00+08:00,55.0,62,0.5,31.4,0.65,1005.6,-99,0.0,-99,-99,-99,新北市,06,三峽區,057
24.940806,121.361500,三峽,C0AC60,2017-07-09T11:00:00+08:00,55.0,271,1.1,32.3,0.62,1005.1,-99,0.0,-99,-99,-99,新北市,06,三峽區,057
24.940806,121.361500,三峽,C0AC60,2017-07-09T12:00:00+08:00,55.0,246,1.4,32.9,0.6,1004.7,-99,0.0,-99,-99,-99,新北市,06,三峽區,057
24.940806,121.361500,三峽,C0AC60,2017-07-09T13:00:00+08:00,55.0,284,1.4,33.7,0.58,1004.3,-99,0.0,-99,-99,-99,新北市,06,三峽區,057
24.940806,121.361500,三峽,C0AC60,2017-07-09T14:00:00+08:00,55.0,320,0.7,33.7,0.61,1003.8,-99,0.0,-99,-99,-99,新北市,06,三峽區,057
24.940806,121.361500,三峽,C0AC60,2017-07-09T15:00:00+08:00,55.0,86,0.9,31.1,0.8,1003.5,-99,1.5,-99,-99,-99,新北市,06,三峽區,057
24.940806,121.361500,三峽,C0AC60,2017-07-09T16:00:00+08:00,55.0,31,2.0,31.4,0.72,1003.3,-99,1.5,-99,-99,-99,新北市,06,三峽區,057
24.940806,121.361500,三峽,C0AC60,2017-07-09T17:00:00+08:00,55.0,90,2.1,30.0,0.8,1003.4,-99,1.5,-99,-99,-99,新北市,06,三峽區,057
24.940806,121.361500,三峽,C0AC60,2017-07-09T18:00:00+08:00,55.0,92,1.5,29.0,0.85,1003.5,-99,1.5,-99,-99,-99,新北市,06,三峽區,057
24.940806,121.361500,三峽,C0AC60,2017-07-09T19:00:00+08:00,55.0,86,0.6,28.7,0.87,1004.0,-99,1.5,-99,-99,-99,新北市,06,三峽區,057
24.940806,121.361500,三峽,C0AC60,2017-07-09T20:00:00+08:00,55.0,0,0.2,28.1,0.9,1004.3,-99,1.5,-99,-99,-99,新北市,06,三峽區,057
24.940806,121.361500,三峽,C0AC60,2017-07-09T21:00:00+08:00,55.0,173,1.0,28.0,0.92,1004.5,-99,1.5,-99,-99,-99,新北市,06,三峽區,057
24.940806,121.361500,三峽,C0AC60,2017-07-09T22:00:00+08:00,55.0,217,0.4,27.3,0.94,1004.9,-99,1.5,-99,-99,-99,新北市,06,三峽區,057
24.940806,121.361500,三峽,C0AC60,2017-07-09T23:00:00+08:00,55.0,169,1.6,26.9,0.96,1004.7,-99,1.5,-99,-99,-99,新北市,06,三峽區,057
24.940806,121.361500,三峽,C0AC60,2017-07-10T00:00:00+08:00,55.0,175,0.6,26.9,0.94,1004.4,-99,1.5,-99,-99,-99,新北市,06,三峽區,057
24.940806,121.361500,三峽,C0AC60,2017-07-10T01:00:00+08:00,55.0,206,0.7,26.6,0.94,1003.7,-99,0.0,-99,-99,-99,新北市,06,三峽區,057
24.940806,121.361500,三峽,C0AC60,2017-07-10T02:00:00+08:00,55.0,202,1.1,26.3,0.93,1003.1,-99,0.0,-99,-99,-99,新北市,06,三峽區,057
24.940806,121.361500,三峽,C0AC60,2017-07-10T03:00:00+08:00,55.0,0,0.2,26.1,0.93,1002.8,-99,0.0,-99,-99,-99,新北市,06,三峽區,057
24.940806,121.361500,三峽,C0AC60,2017-07-10T04:00:00+08:00,55.0,161,0.3,26.0,0.94,1002.7,-99,0.0,-99,-99,-99,新北市,06,三峽區,057
24.940806,121.361500,三峽,C0AC60,2017-07-10T05:00:00+08:00,55.0,0,0.1,26.1,0.93,1002.8,-99,0.0,-99,-99,-99,新北市,06,三峽區,057
24.940806,121.361500,三峽,C0AC60,2017-07-10T06:00:00+08:00,55.0,0,0.2,26.0,0.94,1003.3,-99,0.0,-99,-99,-99,新北市,06,三峽區,057
24.940806,121.361500,三峽,C0AC60,2017-07-10T07:00:00+08:00,55.0,168,1.1,27.3,0.88,1003.6,-99,0.0,-99,-99,-99,新北市,06,三峽區,057
24.940806,121.361500,三峽,C0AC60,2017-07-10T08:00:00+08:00,55.0,0,0.0,29.5,0.8,1003.8,-99,0.0,-99,-99,-99,新北市,06,三峽區,057
24.940806,121.361500,三峽,C0AC60,2017-07-10T09:00:00+08:00,55.0,0,0.0,30.9,0.74,1003.9,-99,0.0,-99,-99,-99,新北市,06,三峽區,057
24.940806,121.361500,三峽,C0AC60,2017-07-10T10:00:00+08:00,55.0,0,0.0,31.8,0.68,1003.5,-99,0.0,-99,-99,-99,新北市,06,三峽區,057
24.940806,121.361500,三峽,C0AC60,2017-07-10T11:00:00+08:00,55.0,31,0.5,33.2,0.63,1003.4,-99,0.0,-99,-99,-99,新北市,06,三峽區,057
24.940806,121.361500,三峽,C0AC60,2017-07-10T12:00:00+08:00,55.0,277,0.7,32.9,0.64,1003.2,-99,0.0,-99,-99,-99,新北市,06,三峽區,057
24.940806,121.361500,三峽,C0AC60,2017-07-10T13:00:00+08:00,55.0,240,1.4,32.7,0.66,1002.8,-99,0.0,-99,-99,-99,新北市,06,三峽區,057
24.940806,121.361500,三峽,C0AC60,2017-07-10T14:00:00+08:00,55.0,268,1.6,33.3,0.65,1002.6,-99,0.0,-99,-99,-99,新北市,06,三峽區,057
24.940806,121.361500,三峽,C0AC60,2017-07-10T15:00:00+08:00,55.0,273,1.6,33.5,0.65,1002.3,-99,0.0,-99,-99,-99,新北市,06,三峽區,057
24.940806,121.361500,三峽,C0AC60,2017-07-10T16:00:00+08:00,55.0,226,2.0,31.4,0.72,1002.7,-99,0.0,-99,-99,-99,新北市,06,三峽區,057
24.940806,121.361500,三峽,C0AC60,2017-07-10T17:00:00+08:00,55.0,87,1.2,30.5,0.77,1002.5,-99,0.0,-99,-99,-99,新北市,06,三峽區,057
24.940806,121.361500,三峽,C0AC60,2017-07-10T18:00:00+08:00,55.0,83,1.0,30.8,0.77,1002.6,-99,0.0,-99,-99,-99,新北市,06,三峽區,057
24.940806,121.361500,三峽,C0AC60,2017-07-10T19:00:00+08:00,55.0,0,0.0,30.3,0.78,1003.1,-99,0.0,-99,-99,-99,新北市,06,三峽區,057
24.940806,121.361500,三峽,C0AC60,2017-07-10T20:00:00+08:00,55.0,204,1.0,29.6,0.84,1003.7,-99,0.0,-99,-99,-99,新北市,06,三峽區,057
24.940806,121.361500,三峽,C0AC60,2017-07-10T21:00:00+08:00,55.0,0,0.2,28.9,0.89,1004.1,-99,0.0,-99,-99,-99,新北市,06,三峽區,057
24.940806,121.361500,三峽,C0AC60,2017-07-10T22:00:00+08:00,55.0,225,0.4,28.6,0.9,1004.8,-99,0.0,-99,-99,-99,新北市,06,三峽區,057
24.940806,121.361500,三峽,C0AC60,2017-07-10T23:00:00+08:00,55.0,206,0.7,28.1,0.91,1004.7,-99,0.0,-99,-99,-99,新北市,06,三峽區,057
24.940806,121.361500,三峽,C0AC60,2017-07-11T00:00:00+08:00,55.0,209,0.4,27.6,0.93,1004.1,-99,0.0,-99,-99,-99,新北市,06,三峽區,057
24.940806,121.361500,三峽,C0AC60,2017-07-11T01:00:00+08:00,55.0,174,1.0,27.6,0.91,1003.8,-99,0.0,-99,-99,-99,新北市,06,三峽區,057
24.940806,121.361500,三峽,C0AC60,2017-07-11T02:00:00+08:00,55.0,0,0.0,27.3,0.92,1003.8,-99,0.0,-99,-99,-99,新北市,06,三峽區,057
24.940806,121.361500,三峽,C0AC60,2017-07-11T03:00:00+08:00,55.0,195,1.0,26.6,0.94,1003.6,-99,0.0,-99,-99,-99,新北市,06,三峽區,057
24.940806,121.361500,三峽,C0AC60,2017-07-11T04:00:00+08:00,55.0,167,0.6,26.7,0.9,1003.6,-99,0.0,-99,-99,-99,新北市,06,三峽區,057
24.940806,121.361500,三峽,C0AC60,2017-07-11T05:00:00+08:00,55.0,200,0.5,26.4,0.91,1004.0,-99,0.0,-99,-99,-99,新北市,06,三峽區,057
24.940806,121.361500,三峽,C0AC60,2017-07-11T06:00:00+08:00,55.0,184,0.5,26.4,0.9,1004.4,-99,0.0,-99,-99,-99,新北市,06,三峽區,057
24.940806,121.361500,三峽,C0AC60,2017-07-11T07:00:00+08:00,55.0,0,0.2,28.1,0.84,1004.9,-99,0.0,-99,-99,-99,新北市,06,三峽區,057
24.940806,121.361500,三峽,C0AC60,2017-07-11T08:00:00+08:00,55.0,0,0.2,29.3,0.82,1005.4,-99,0.0,-99,-99,-99,新北市,06,三峽區,057
24.940806,121.361500,三峽,C0AC60,2017-07-11T09:00:00+08:00,55.0,0,0.0,30.9,0.75,1005.7,-99,0.0,-99,-99,-99,新北市,06,三峽區,057
24.940806,121.361500,三峽,C0AC60,2017-07-11T10:00:00+08:00,55.0,0,0.2,32.4,0.65,1005.7,-99,0.0,-99,-99,-99,新北市,06,三峽區,057
24.940806,121.361500,三峽,C0AC60,2017-07-11T11:00:00+08:00,55.0,289,0.6,33.7,0.62,1005.6,-99,0.0,-99,-99,-99,新北市,06,三峽區,057
24.940806,121.361500,三峽,C0AC60,2017-07-11T12:00:00+08:00,55.0,195,0.6,33.3,0.64,1005.2,-99,0.0,-99,-99,-99,新北市,06,三峽區,057
24.940806,121.361500,三峽,C0AC60,2017-07-11T13:00:00+08:00,55.0,228,0.5,34.1,0.6,1004.7,-99,0.0,-99,-99,-99,新北市,06,三峽區,057
24.940806,121.361500,三峽,C0AC60,2017-07-11T14:00:00+08:00,55.0,15,1.9,27.0,0.89,1005.1,-99,10.0,-99,-99,-99,新北市,06,三峽區,057
24.940806,121.361500,三峽,C0AC60,2017-07-11T15:00:00+08:00,55.0,226,0.5,25.4,0.91,1005.3,-99,12.0,-99,-99,-99,新北市,06,三峽區,057
24.940806,121.361500,三峽,C0AC60,2017-07-11T16:00:00+08:00,55.0,261,0.5,25.6,0.93,1005.0,-99,13.0,-99,-99,-99,新北市,06,三峽區,057
24.940806,121.361500,三峽,C0AC60,2017-07-11T17:00:00+08:00,55.0,316,0.3,25.6,0.95,1004.8,-99,13.0,-99,-99,-99,新北市,06,三峽區,057
24.940806,121.361500,三峽,C0AC60,2017-07-11T18:00:00+08:00,55.0,0,0.2,26.0,0.95,1005.3,-99,13.0,-99,-99,-99,新北市,06,三峽區,057
24.940806,121.361500,三峽,C0AC60,2017-07-11T19:00:00+08:00,55.0,187,0.8,25.9,0.97,1005.9,-99,13.0,-99,-99,-99,新北市,06,三峽區,057
24.940806,121.361500,三峽,C0AC60,2017-07-11T20:00:00+08:00,55.0,0,0.1,26.3,0.93,1006.5,-99,13.0,-99,-99,-99,新北市,06,三峽區,057
24.940806,121.361500,三峽,C0AC60,2017-07-11T21:00:00+08:00,55.0,216,1.2,26.1,0.95,1006.9,-99,13.0,-99,-99,-99,新北市,06,三峽區,057
24.940806,121.361500,三峽,C0AC60,2017-07-11T22:00:00+08:00,55.0,167,0.8,26.2,0.94,1007.5,-99,13.0,-99,-99,-99,新北市,06,三峽區,057
24.940806,121.361500,三峽,C0AC60,2017-07-11T23:00:00+08:00,55.0,0,0.1,26.1,0.94,1007.7,-99,13.0,-99,-99,-99,新北市,06,三峽區,057
24.940806,121.361500,三峽,C0AC60,2017-07-12T00:00:00+08:00,55.0,185,0.6,25.7,0.96,1007.3,-99,13.0,-99,-99,-99,新北市,06,三峽區,057
24.940806,121.361500,三峽,C0AC60,2017-07-12T01:00:00+08:00,55.0,196,0.9,25.7,0.94,1006.7,-99,0.0,-99,-99,-99,新北市,06,三峽區,057
24.940806,121.361500,三峽,C0AC60,2017-07-12T02:00:00+08:00,55.0,0,0.2,25.5,0.95,1006.8,-99,0.0,-99,-99,-99,新北市,06,三峽區,057
24.940806,121.361500,三峽,C0AC60,2017-07-12T03:00:00+08:00,55.0,0,0.1,25.3,0.95,1006.8,-99,0.0,-99,-99,-99,新北市,06,三峽區,057
24.940806,121.361500,三峽,C0AC60,2017-07-12T04:00:00+08:00,55.0,197,0.9,25.2,0.94,1006.7,-99,0.0,-99,-99,-99,新北市,06,三峽區,057
24.940806,121.361500,三峽,C0AC60,2017-07-12T05:00:00+08:00,55.0,158,1.1,25.3,0.93,1006.8,-99,0.0,-99,-99,-99,新北市,06,三峽區,057
24.940806,121.361500,三峽,C0AC60,2017-07-12T06:00:00+08:00,55.0,0,0.0,25.6,0.91,1007.0,-99,0.0,-99,-99,-99,新北市,06,三峽區,057
24.940806,121.361500,三峽,C0AC60,2017-07-12T07:00:00+08:00,55.0,0,0.1,27.0,0.86,1007.0,-99,0.0,-99,-99,-99,新北市,06,三峽區,057
24.940806,121.361500,三峽,C0AC60,2017-07-12T08:00:00+08:00,55.0,0,0.0,28.9,0.79,1006.9,-99,0.0,-99,-99,-99,新北市,06,三峽區,057
24.940806,121.361500,三峽,C0AC60,2017-07-12T09:00:00+08:00,55.0,313,0.5,30.8,0.72,1007.0,-99,0.0,-99,-99,-99,新北市,06,三峽區,057
24.940806,121.361500,三峽,C0AC60,2017-07-12T10:00:00+08:00,55.0,237,0.6,32.1,0.64,1006.9,-99,0.0,-99,-99,-99,新北市,06,三峽區,057
24.940806,121.361500,三峽,C0AC60,2017-07-12T11:00:00+08:00,55.0,201,0.9,33.2,0.62,1006.6,-99,0.0,-99,-99,-99,新北市,06,三峽區,057
24.940806,121.361500,三峽,C0AC60,2017-07-12T12:00:00+08:00,55.0,349,1.4,33.2,0.66,1006.4,-99,0.0,-99,-99,-99,新北市,06,三峽區,057
24.940806,121.361500,三峽,C0AC60,2017-07-12T13:00:00+08:00,55.0,305,2.2,32.6,0.68,1005.8,-99,0.0,-99,-99,-99,新北市,06,三峽區,057
24.940806,121.361500,三峽,C0AC60,2017-07-12T14:00:00+08:00,55.0,306,0.4,32.6,0.66,1005.7,-99,0.0,-99,-99,-99,新北市,06,三峽區,057
24.940806,121.361500,三峽,C0AC60,2017-07-12T15:00:00+08:00,55.0,22,2.1,32.4,0.66,1005.3,-99,0.0,-99,-99,-99,新北市,06,三峽區,057
24.940806,121.361500,三峽,C0AC60,2017-07-12T16:00:00+08:00,55.0,85,0.4,30.7,0.77,1004.9,-99,0.0,-99,-99,-99,新北市,06,三峽區,057
24.940806,121.361500,三峽,C0AC60,2017-07-12T17:00:00+08:00,55.0,0,0.2,31.1,0.77,1004.6,-99,0.0,-99,-99,-99,新北市,06,三峽區,057
24.940806,121.361500,三峽,C0AC60,2017-07-12T18:00:00+08:00,55.0,0,0.0,31.0,0.8,1005.1,-99,0.0,-99,-99,-99,新北市,06,三峽區,057
24.940806,121.361500,三峽,C0AC60,2017-07-12T19:00:00+08:00,55.0,0,0.2,30.4,0.79,1005.4,-99,0.0,-99,-99,-99,新北市,06,三峽區,057
24.940806,121.361500,三峽,C0AC60,2017-07-12T20:00:00+08:00,55.0,178,0.7,29.1,0.88,1005.9,-99,0.0,-99,-99,-99,新北市,06,三峽區,057
24.940806,121.361500,三峽,C0AC60,2017-07-12T21:00:00+08:00,55.0,0,0.1,28.4,0.89,1006.1,-99,0.0,-99,-99,-99,新北市,06,三峽區,057
24.940806,121.361500,三峽,C0AC60,2017-07-12T22:00:00+08:00,55.0,218,1.2,27.8,0.89,1005.9,-99,0.0,-99,-99,-99,新北市,06,三峽區,057
24.940806,121.361500,三峽,C0AC60,2017-07-12T23:00:00+08:00,55.0,0,0.0,27.1,0.94,1005.7,-99,0.0,-99,-99,-99,新北市,06,三峽區,057
24.940806,121.361500,三峽,C0AC60,2017-07-13T00:00:00+08:00,55.0,0,0.2,27.3,0.91,1005.6,-99,0.0,-99,-99,-99,新北市,06,三峽區,057
24.940806,121.361500,三峽,C0AC60,2017-07-13T01:00:00+08:00,55.0,204,0.9,26.7,0.91,1005.0,-99,0.0,-99,-99,-99,新北市,06,三峽區,057
24.940806,121.361500,三峽,C0AC60,2017-07-13T02:00:00+08:00,55.0,201,0.9,26.6,0.89,1004.4,-99,0.0,-99,-99,-99,新北市,06,三峽區,057
24.940806,121.361500,三峽,C0AC60,2017-07-13T03:00:00+08:00,55.0,193,0.7,26.5,0.89,1004.1,-99,0.0,-99,-99,-99,新北市,06,三峽區,057
24.940806,121.361500,三峽,C0AC60,2017-07-13T04:00:00+08:00,55.0,0,0.2,25.9,0.92,1004.3,-99,0.0,-99,-99,-99,新北市,06,三峽區,057
24.940806,121.361500,三峽,C0AC60,2017-07-13T05:00:00+08:00,55.0,194,0.7,25.9,0.89,1004.4,-99,0.0,-99,-99,-99,新北市,06,三峽區,057
24.940806,121.361500,三峽,C0AC60,2017-07-13T06:00:00+08:00,55.0,170,1.2,25.8,0.91,1004.8,-99,0.0,-99,-99,-99,新北市,06,三峽區,057
24.940806,121.361500,三峽,C0AC60,2017-07-13T07:00:00+08:00,55.0,163,0.9,27.3,0.83,1005.3,-99,0.0,-99,-99,-99,新北市,06,三峽區,057
24.940806,121.361500,三峽,C0AC60,2017-07-13T08:00:00+08:00,55.0,0,0.0,29.2,0.77,1005.3,-99,0.0,-99,-99,-99,新北市,06,三峽區,057
24.940806,121.361500,三峽,C0AC60,2017-07-13T09:00:00+08:00,55.0,319,1.5,30.8,0.66,1005.3,-99,0.0,-99,-99,-99,新北市,06,三峽區,057
24.940806,121.361500,三峽,C0AC60,2017-07-13T10:00:00+08:00,55.0,281,0.9,32.1,0.61,1005.0,-99,0.0,-99,-99,-99,新北市,06,三峽區,057
24.940806,121.361500,三峽,C0AC60,2017-07-13T11:00:00+08:00,55.0,240,1.7,33.2,0.55,1004.5,-99,0.0,-99,-99,-99,新北市,06,三峽區,057
24.940806,121.361500,三峽,C0AC60,2017-07-13T12:00:00+08:00,55.0,17,1.7,34.7,0.51,1003.9,-99,0.0,-99,-99,-99,新北市,06,三峽區,057
24.940806,121.361500,三峽,C0AC60,2017-07-13T13:00:00+08:00,55.0,351,0.4,34.5,0.56,1003.0,-99,0.0,-99,-99,-99,新北市,06,三峽區,057
24.940806,121.361500,三峽,C0AC60,2017-07-13T14:00:00+08:00,55.0,353,1.3,34.7,0.57,1002.7,-99,0.0,-99,-99,-99,新北市,06,三峽區,057
24.940806,121.361500,三峽,C0AC60,2017-07-13T15:00:00+08:00,55.0,318,1.4,34.8,0.54,1002.4,-99,0.0,-99,-99,-99,新北市,06,三峽區,057
24.940806,121.361500,三峽,C0AC60,2017-07-13T16:00:00+08:00,55.0,311,0.9,34.3,0.52,1002.0,-99,0.0,-99,-99,-99,新北市,06,三峽區,057
24.940806,121.361500,三峽,C0AC60,2017-07-13T17:00:00+08:00,55.0,30,1.2,33.4,0.6,1001.9,-99,0.0,-99,-99,-99,新北市,06,三峽區,057
24.940806,121.361500,三峽,C0AC60,2017-07-13T22:00:00+08:00,55.0,0,0.2,27.9,0.87,1003.8,-99,0.0,-99,-99,-99,新北市,06,三峽區,057
24.940806,121.361500,三峽,C0AC60,2017-07-13T23:00:00+08:00,55.0,204,1.2,27.2,0.9,1004.1,-99,0.0,-99,-99,-99,新北市,06,三峽區,057
24.940806,121.361500,三峽,C0AC60,2017-07-14T00:00:00+08:00,55.0,217,0.5,26.9,0.9,1003.7,-99,0.0,-99,-99,-99,新北市,06,三峽區,057
24.940806,121.361500,三峽,C0AC60,2017-07-14T01:00:00+08:00,55.0,211,1.1,26.7,0.88,1003.4,-99,0.0,-99,-99,-99,新北市,06,三峽區,057
24.940806,121.361500,三峽,C0AC60,2017-07-14T02:00:00+08:00,55.0,198,1.1,26.7,0.88,1003.4,-99,0.0,-99,-99,-99,新北市,06,三峽區,057
24.940806,121.361500,三峽,C0AC60,2017-07-14T03:00:00+08:00,55.0,217,0.7,26.3,0.88,1003.6,-99,0.0,-99,-99,-99,新北市,06,三峽區,057
24.940806,121.361500,三峽,C0AC60,2017-07-14T04:00:00+08:00,55.0,154,0.7,26.1,0.88,1003.5,-99,0.0,-99,-99,-99,新北市,06,三峽區,057
24.940806,121.361500,三峽,C0AC60,2017-07-14T05:00:00+08:00,55.0,0,0.2,25.8,0.9,1003.9,-99,0.0,-99,-99,-99,新北市,06,三峽區,057
24.940806,121.361500,三峽,C0AC60,2017-07-14T06:00:00+08:00,55.0,0,0.0,26.2,0.87,1004.3,-99,0.0,-99,-99,-99,新北市,06,三峽區,057
24.940806,121.361500,三峽,C0AC60,2017-07-14T07:00:00+08:00,55.0,184,0.5,27.9,0.8,1004.5,-99,0.0,-99,-99,-99,新北市,06,三峽區,057
24.940806,121.361500,三峽,C0AC60,2017-07-14T08:00:00+08:00,55.0,85,0.8,29.8,0.74,1004.4,-99,0.0,-99,-99,-99,新北市,06,三峽區,057
24.940806,121.361500,三峽,C0AC60,2017-07-14T09:00:00+08:00,55.0,49,0.8,31.6,0.66,1004.1,-99,0.0,-99,-99,-99,新北市,06,三峽區,057
24.940806,121.361500,三峽,C0AC60,2017-07-14T10:00:00+08:00,55.0,81,0.4,32.6,0.61,1003.8,-99,0.0,-99,-99,-99,新北市,06,三峽區,057
24.940806,121.361500,三峽,C0AC60,2017-07-14T11:00:00+08:00,55.0,52,1.2,34.5,0.51,1003.5,-99,0.0,-99,-99,-99,新北市,06,三峽區,057
24.940806,121.361500,三峽,C0AC60,2017-07-14T12:00:00+08:00,55.0,328,1.2,34.4,0.51,1003.1,-99,0.0,-99,-99,-99,新北市,06,三峽區,057
24.940806,121.361500,三峽,C0AC60,2017-07-14T13:00:00+08:00,55.0,343,1.8,32.9,0.66,1002.9,-99,0.0,-99,-99,-99,新北市,06,三峽區,057
24.940806,121.361500,三峽,C0AC60,2017-07-14T14:00:00+08:00,55.0,330,1.8,32.4,0.67,1002.7,-99,0.0,-99,-99,-99,新北市,06,三峽區,057
24.940806,121.361500,三峽,C0AC60,2017-07-14T15:00:00+08:00,55.0,341,1.8,31.5,0.68,1002.4,-99,0.0,-99,-99,-99,新北市,06,三峽區,057
24.940806,121.361500,三峽,C0AC60,2017-07-14T16:00:00+08:00,55.0,317,0.8,31.1,0.69,1002.3,-99,0.0,-99,-99,-99,新北市,06,三峽區,057
24.940806,121.361500,三峽,C0AC60,2017-07-14T17:00:00+08:00,55.0,358,0.7,31.8,0.65,1002.2,-99,0.0,-99,-99,-99,新北市,06,三峽區,057
24.940806,121.361500,三峽,C0AC60,2017-07-14T18:00:00+08:00,55.0,0,0.1,31.1,0.68,1002.4,-99,0.0,-99,-99,-99,新北市,06,三峽區,057
24.940806,121.361500,三峽,C0AC60,2017-07-14T19:00:00+08:00,55.0,317,0.5,30.6,0.72,1003.6,-99,0.0,-99,-99,-99,新北市,06,三峽區,057
24.940806,121.361500,三峽,C0AC60,2017-07-14T20:00:00+08:00,55.0,218,0.5,29.3,0.79,1003.6,-99,0.0,-99,-99,-99,新北市,06,三峽區,057
24.940806,121.361500,三峽,C0AC60,2017-07-14T21:00:00+08:00,55.0,85,1.4,28.8,0.85,1003.9,-99,0.0,-99,-99,-99,新北市,06,三峽區,057
24.940806,121.361500,三峽,C0AC60,2017-07-14T22:00:00+08:00,55.0,198,1.2,28.4,0.86,1004.4,-99,0.0,-99,-99,-99,新北市,06,三峽區,057
24.940806,121.361500,三峽,C0AC60,2017-07-14T23:00:00+08:00,55.0,187,0.6,28.1,0.88,1004.6,-99,0.0,-99,-99,-99,新北市,06,三峽區,057
24.940806,121.361500,三峽,C0AC60,2017-07-15T00:00:00+08:00,55.0,0,0.2,27.9,0.87,1004.4,-99,0.0,-99,-99,-99,新北市,06,三峽區,057
24.940806,121.361500,三峽,C0AC60,2017-07-15T01:00:00+08:00,55.0,208,1.1,27.7,0.87,1004.1,-99,0.0,-99,-99,-99,新北市,06,三峽區,057
24.940806,121.361500,三峽,C0AC60,2017-07-15T02:00:00+08:00,55.0,205,0.7,27.6,0.88,1004.2,-99,0.0,-99,-99,-99,新北市,06,三峽區,057
24.940806,121.361500,三峽,C0AC60,2017-07-15T03:00:00+08:00,55.0,0,0.2,27.4,0.9,1004.2,-99,0.0,-99,-99,-99,新北市,06,三峽區,057
24.940806,121.361500,三峽,C0AC60,2017-07-15T04:00:00+08:00,55.0,220,0.4,27.6,0.88,1004.3,-99,0.0,-99,-99,-99,新北市,06,三峽區,057
24.940806,121.361500,三峽,C0AC60,2017-07-15T05:00:00+08:00,55.0,0,0.0,27.1,0.91,1004.5,-99,0.0,-99,-99,-99,新北市,06,三峽區,057
24.940806,121.361500,三峽,C0AC60,2017-07-15T06:00:00+08:00,55.0,89,0.6,27.4,0.88,1004.7,-99,0.0,-99,-99,-99,新北市,06,三峽區,057
24.940806,121.361500,三峽,C0AC60,2017-07-15T07:00:00+08:00,55.0,0,0.0,28.6,0.84,1004.9,-99,0.0,-99,-99,-99,新北市,06,三峽區,057
24.940806,121.361500,三峽,C0AC60,2017-07-15T08:00:00+08:00,55.0,93,0.6,29.3,0.82,1004.8,-99,0.0,-99,-99,-99,新北市,06,三峽區,057
24.940806,121.361500,三峽,C0AC60,2017-07-15T09:00:00+08:00,55.0,47,1.1,31.7,0.6,1004.8,-99,0.0,-99,-99,-99,新北市,06,三峽區,057
24.940806,121.361500,三峽,C0AC60,2017-07-15T10:00:00+08:00,55.0,89,0.8,33.0,0.59,1004.6,-99,0.0,-99,-99,-99,新北市,06,三峽區,057
24.940806,121.361500,三峽,C0AC60,2017-07-15T11:00:00+08:00,55.0,16,1.0,32.9,0.58,1004.2,-99,0.0,-99,-99,-99,新北市,06,三峽區,057
24.940806,121.361500,三峽,C0AC60,2017-07-15T12:00:00+08:00,55.0,357,0.7,33.2,0.59,1003.7,-99,0.0,-99,-99,-99,新北市,06,三峽區,057
24.940806,121.361500,三峽,C0AC60,2017-07-15T13:00:00+08:00,55.0,351,1.1,33.2,0.62,1003.1,-99,0.0,-99,-99,-99,新北市,06,三峽區,057
24.940806,121.361500,三峽,C0AC60,2017-07-15T14:00:00+08:00,55.0,321,1.1,33.3,0.62,1002.9,-99,0.0,-99,-99,-99,新北市,06,三峽區,057
24.940806,121.361500,三峽,C0AC60,2017-07-15T15:00:00+08:00,55.0,350,1.4,34.1,0.59,1002.6,-99,0.0,-99,-99,-99,新北市,06,三峽區,057
24.940806,121.361500,三峽,C0AC60,2017-07-15T16:00:00+08:00,55.0,324,0.7,34.2,0.6,1002.2,-99,0.0,-99,-99,-99,新北市,06,三峽區,057
24.940806,121.361500,三峽,C0AC60,2017-07-15T17:00:00+08:00,55.0,244,1.7,33.6,0.63,1002.2,-99,0.0,-99,-99,-99,新北市,06,三峽區,057
24.940806,121.361500,三峽,C0AC60,2017-07-15T18:00:00+08:00,55.0,0,0.0,33.9,0.62,1002.2,-99,0.0,-99,-99,-99,新北市,06,三峽區,057
24.940806,121.361500,三峽,C0AC60,2017-07-15T19:00:00+08:00,55.0,91,1.3,32.4,0.68,1002.9,-99,0.0,-99,-99,-99,新北市,06,三峽區,057
24.940806,121.361500,三峽,C0AC60,2017-07-15T20:00:00+08:00,55.0,84,0.5,31.0,0.7,1003.4,-99,0.0,-99,-99,-99,新北市,06,三峽區,057
24.940806,121.361500,三峽,C0AC60,2017-07-15T21:00:00+08:00,55.0,185,0.5,29.6,0.81,1003.8,-99,0.0,-99,-99,-99,新北市,06,三峽區,057
24.940806,121.361500,三峽,C0AC60,2017-07-15T22:00:00+08:00,55.0,205,1.0,28.3,0.86,1004.8,-99,0.0,-99,-99,-99,新北市,06,三峽區,057
24.940806,121.361500,三峽,C0AC60,2017-07-15T23:00:00+08:00,55.0,200,0.4,28.0,0.88,1004.8,-99,0.0,-99,-99,-99,新北市,06,三峽區,057
24.940806,121.361500,三峽,C0AC60,2017-07-16T00:00:00+08:00,55.0,178,0.6,27.9,0.86,1004.6,-99,0.0,-99,-99,-99,新北市,06,三峽區,057
24.940806,121.361500,三峽,C0AC60,2017-07-16T01:00:00+08:00,55.0,0,0.1,27.3,0.87,1004.2,-99,0.0,-99,-99,-99,新北市,06,三峽區,057
24.940806,121.361500,三峽,C0AC60,2017-07-16T02:00:00+08:00,55.0,215,0.3,26.9,0.88,1004.2,-99,0.0,-99,-99,-99,新北市,06,三峽區,057
24.940806,121.361500,三峽,C0AC60,2017-07-16T03:00:00+08:00,55.0,189,0.4,26.8,0.88,1004.6,-99,0.0,-99,-99,-99,新北市,06,三峽區,057
24.940806,121.361500,三峽,C0AC60,2017-07-16T04:00:00+08:00,55.0,161,1.0,26.3,0.91,1004.7,-99,0.0,-99,-99,-99,新北市,06,三峽區,057
24.940806,121.361500,三峽,C0AC60,2017-07-16T05:00:00+08:00,55.0,200,2.1,26.0,0.9,1004.7,-99,0.0,-99,-99,-99,新北市,06,三峽區,057
24.940806,121.361500,三峽,C0AC60,2017-07-16T06:00:00+08:00,55.0,210,0.6,26.1,0.89,1005.3,-99,0.0,-99,-99,-99,新北市,06,三峽區,057
24.940806,121.361500,三峽,C0AC60,2017-07-16T07:00:00+08:00,55.0,169,1.2,27.6,0.82,1005.1,-99,0.0,-99,-99,-99,新北市,06,三峽區,057
24.940806,121.361500,三峽,C0AC60,2017-07-16T08:00:00+08:00,55.0,202,0.9,29.3,0.73,1005.0,-99,0.0,-99,-99,-99,新北市,06,三峽區,057
24.940806,121.361500,三峽,C0AC60,2017-07-16T09:00:00+08:00,55.0,162,0.8,30.5,0.73,1004.8,-99,0.0,-99,-99,-99,新北市,06,三峽區,057
24.940806,121.361500,三峽,C0AC60,2017-07-16T10:00:00+08:00,55.0,84,0.7,32.7,0.62,1004.7,-99,0.0,-99,-99,-99,新北市,06,三峽區,057
24.940806,121.361500,三峽,C0AC60,2017-07-16T11:00:00+08:00,55.0,315,0.3,32.6,0.61,1004.5,-99,0.0,-99,-99,-99,新北市,06,三峽區,057
24.940806,121.361500,三峽,C0AC60,2017-07-16T12:00:00+08:00,55.0,345,0.5,32.9,0.6,1004.2,-99,0.0,-99,-99,-99,新北市,06,三峽區,057
24.940806,121.361500,三峽,C0AC60,2017-07-16T13:00:00+08:00,55.0,47,0.3,34.3,0.56,1003.8,-99,0.0,-99,-99,-99,新北市,06,三峽區,057
24.940806,121.361500,三峽,C0AC60,2017-07-16T15:00:00+08:00,55.0,359,1.1,34.4,0.61,1002.9,-99,0.0,-99,-99,-99,新北市,06,三峽區,057
24.940806,121.361500,三峽,C0AC60,2017-07-16T16:00:00+08:00,55.0,87,2.4,33.7,0.59,1002.0,-99,0.0,-99,-99,-99,新北市,06,三峽區,057
24.940806,121.361500,三峽,C0AC60,2017-07-16T17:00:00+08:00,55.0,90,2.4,34.5,0.56,1001.9,-99,0.0,-99,-99,-99,新北市,06,三峽區,057
24.940806,121.361500,三峽,C0AC60,2017-07-16T18:00:00+08:00,55.0,83,1.5,34.2,0.55,1002.0,-99,0.0,-99,-99,-99,新北市,06,三峽區,057
24.940806,121.361500,三峽,C0AC60,2017-07-16T19:00:00+08:00,55.0,221,0.8,32.3,0.6,1002.7,-99,0.0,-99,-99,-99,新北市,06,三峽區,057
24.940806,121.361500,三峽,C0AC60,2017-07-16T20:00:00+08:00,55.0,203,0.8,30.9,0.76,1004.3,-99,0.0,-99,-99,-99,新北市,06,三峽區,057
24.940806,121.361500,三峽,C0AC60,2017-07-16T21:00:00+08:00,55.0,0,0.0,30.5,0.78,1004.7,-99,0.0,-99,-99,-99,新北市,06,三峽區,057
24.940806,121.361500,三峽,C0AC60,2017-07-16T22:00:00+08:00,55.0,221,0.9,29.6,0.82,1005.5,-99,0.0,-99,-99,-99,新北市,06,三峽區,057
24.940806,121.361500,三峽,C0AC60,2017-07-16T23:00:00+08:00,55.0,200,0.4,29.1,0.83,1005.5,-99,0.0,-99,-99,-99,新北市,06,三峽區,057
24.940806,121.361500,三峽,C0AC60,2017-07-17T00:00:00+08:00,55.0,182,0.4,28.4,0.78,1005.4,-99,0.0,-99,-99,-99,新北市,06,三峽區,057
24.940806,121.361500,三峽,C0AC60,2017-07-17T01:00:00+08:00,55.0,167,0.5,27.6,0.86,1004.9,-99,0.0,-99,-99,-99,新北市,06,三峽區,057
24.940806,121.361500,三峽,C0AC60,2017-07-17T02:00:00+08:00,55.0,0,0.1,27.3,0.82,1004.8,-99,0.0,-99,-99,-99,新北市,06,三峽區,057
24.940806,121.361500,三峽,C0AC60,2017-07-17T03:00:00+08:00,55.0,0,0.2,27.2,0.83,1005.0,-99,0.0,-99,-99,-99,新北市,06,三峽區,057
24.940806,121.361500,三峽,C0AC60,2017-07-17T04:00:00+08:00,55.0,168,1.1,26.9,0.82,1005.0,-99,0.0,-99,-99,-99,新北市,06,三峽區,057
24.940806,121.361500,三峽,C0AC60,2017-07-17T05:00:00+08:00,55.0,198,0.6,26.4,0.84,1005.4,-99,0.0,-99,-99,-99,新北市,06,三峽區,057
24.940806,121.361500,三峽,C0AC60,2017-07-17T06:00:00+08:00,55.0,213,1.2,26.2,0.85,1005.9,-99,0.0,-99,-99,-99,新北市,06,三峽區,057
24.940806,121.361500,三峽,C0AC60,2017-07-17T07:00:00+08:00,55.0,190,0.8,26.9,0.82,1006.6,-99,0.0,-99,-99,-99,新北市,06,三峽區,057
24.940806,121.361500,三峽,C0AC60,2017-07-17T08:00:00+08:00,55.0,0,0.0,29.0,0.74,1007.0,-99,0.0,-99,-99,-99,新北市,06,三峽區,057
24.940806,121.361500,三峽,C0AC60,2017-07-17T09:00:00+08:00,55.0,85,0.8,30.1,0.69,1007.0,-99,0.0,-99,-99,-99,新北市,06,三峽區,057
24.940806,121.361500,三峽,C0AC60,2017-07-17T10:00:00+08:00,55.0,304,0.6,31.7,0.62,1007.0,-99,0.0,-99,-99,-99,新北市,06,三峽區,057
24.940806,121.361500,三峽,C0AC60,2017-07-17T11:00:00+08:00,55.0,330,0.3,32.8,0.59,1006.5,-99,0.0,-99,-99,-99,新北市,06,三峽區,057
24.940806,121.361500,三峽,C0AC60,2017-07-17T12:00:00+08:00,55.0,0,0.2,34.9,0.48,1006.3,-99,0.0,-99,-99,-99,新北市,06,三峽區,057
24.940806,121.361500,三峽,C0AC60,2017-07-17T13:00:00+08:00,55.0,37,0.3,35.6,0.42,1005.8,-99,0.0,-99,-99,-99,新北市,06,三峽區,057
24.940806,121.361500,三峽,C0AC60,2017-07-17T14:00:00+08:00,55.0,245,2.4,31.7,0.71,1005.7,-99,0.0,-99,-99,-99,新北市,06,三峽區,057
24.940806,121.361500,三峽,C0AC60,2017-07-17T15:00:00+08:00,55.0,5,1.0,33.2,0.69,1005.8,-99,0.0,-99,-99,-99,新北市,06,三峽區,057
24.940806,121.361500,三峽,C0AC60,2017-07-17T16:00:00+08:00,55.0,331,1.4,31.8,0.76,1005.7,-99,0.0,-99,-99,-99,新北市,06,三峽區,057
24.940806,121.361500,三峽,C0AC60,2017-07-17T17:00:00+08:00,55.0,304,1.3,31.3,0.77,1005.5,-99,0.0,-99,-99,-99,新北市,06,三峽區,057
24.940806,121.361500,三峽,C0AC60,2017-07-17T18:00:00+08:00,55.0,289,0.9,30.9,0.8,1006.0,-99,0.0,-99,-99,-99,新北市,06,三峽區,057
24.940806,121.361500,三峽,C0AC60,2017-07-17T19:00:00+08:00,55.0,0,0.1,30.4,0.82,1006.3,-99,0.0,-99,-99,-99,新北市,06,三峽區,057
24.940806,121.361500,三峽,C0AC60,2017-07-17T20:00:00+08:00,55.0,0,0.0,30.3,0.8,1006.9,-99,0.0,-99,-99,-99,新北市,06,三峽區,057
24.940806,121.361500,三峽,C0AC60,2017-07-17T21:00:00+08:00,55.0,203,1.2,29.4,0.85,1007.4,-99,0.0,-99,-99,-99,新北市,06,三峽區,057
24.940806,121.361500,三峽,C0AC60,2017-07-17T22:00:00+08:00,55.0,198,1.1,29.2,0.87,1007.9,-99,0.0,-99,-99,-99,新北市,06,三峽區,057
24.940806,121.361500,三峽,C0AC60,2017-07-17T23:00:00+08:00,55.0,186,1.3,29.3,0.85,1007.7,-99,0.0,-99,-99,-99,新北市,06,三峽區,057
24.940806,121.361500,三峽,C0AC60,2017-07-18T00:00:00+08:00,55.0,212,0.9,28.5,0.9,1007.6,-99,0.0,-99,-99,-99,新北市,06,三峽區,057
24.940806,121.361500,三峽,C0AC60,2017-07-18T01:00:00+08:00,55.0,206,0.4,28.2,0.9,1007.1,-99,0.0,-99,-99,-99,新北市,06,三峽區,057
24.940806,121.361500,三峽,C0AC60,2017-07-18T02:00:00+08:00,55.0,0,0.1,28.2,0.9,1006.8,-99,0.0,-99,-99,-99,新北市,06,三峽區,057
24.940806,121.361500,三峽,C0AC60,2017-07-18T03:00:00+08:00,55.0,202,0.6,27.8,0.88,1006.7,-99,0.0,-99,-99,-99,新北市,06,三峽區,057
24.940806,121.361500,三峽,C0AC60,2017-07-18T04:00:00+08:00,55.0,202,0.9,27.3,0.9,1007.0,-99,0.0,-99,-99,-99,新北市,06,三峽區,057
24.940806,121.361500,三峽,C0AC60,2017-07-18T05:00:00+08:00,55.0,224,0.6,27.2,0.91,1007.3,-99,0.0,-99,-99,-99,新北市,06,三峽區,057
24.940806,121.361500,三峽,C0AC60,2017-07-18T06:00:00+08:00,55.0,209,0.8,27.1,0.87,1008.0,-99,0.0,-99,-99,-99,新北市,06,三峽區,057
24.940806,121.361500,三峽,C0AC60,2017-07-18T07:00:00+08:00,55.0,181,0.3,27.8,0.84,1008.3,-99,0.0,-99,-99,-99,新北市,06,三峽區,057
24.940806,121.361500,三峽,C0AC60,2017-07-18T08:00:00+08:00,55.0,91,0.5,30.5,0.78,1008.1,-99,0.0,-99,-99,-99,新北市,06,三峽區,057
24.940806,121.361500,三峽,C0AC60,2017-07-18T09:00:00+08:00,55.0,67,0.9,31.8,0.71,1007.9,-99,0.0,-99,-99,-99,新北市,06,三峽區,057
24.940806,121.361500,三峽,C0AC60,2017-07-18T10:00:00+08:00,55.0,47,1.3,32.6,0.64,1007.2,-99,0.0,-99,-99,-99,新北市,06,三峽區,057
24.940806,121.361500,三峽,C0AC60,2017-07-18T11:00:00+08:00,55.0,83,1.0,33.6,0.59,1006.6,-99,0.0,-99,-99,-99,新北市,06,三峽區,057
24.940806,121.361500,三峽,C0AC60,2017-07-18T12:00:00+08:00,55.0,94,1.4,35.0,0.55,1005.9,-99,0.0,-99,-99,-99,新北市,06,三峽區,057
24.940806,121.361500,三峽,C0AC60,2017-07-18T13:00:00+08:00,55.0,10,1.0,35.2,0.57,1005.5,-99,0.0,-99,-99,-99,新北市,06,三峽區,057
24.940806,121.361500,三峽,C0AC60,2017-07-18T14:00:00+08:00,55.0,358,0.6,35.2,0.61,1005.3,-99,0.0,-99,-99,-99,新北市,06,三峽區,057
24.940806,121.361500,三峽,C0AC60,2017-07-18T15:00:00+08:00,55.0,326,1.9,34.4,0.62,1005.2,-99,0.0,-99,-99,-99,新北市,06,三峽區,057
24.940806,121.361500,三峽,C0AC60,2017-07-18T16:00:00+08:00,55.0,343,1.7,33.6,0.64,1004.9,-99,0.0,-99,-99,-99,新北市,06,三峽區,057
24.940806,121.361500,三峽,C0AC60,2017-07-18T17:00:00+08:00,55.0,284,1.4,34.0,0.61,1004.8,-99,0.0,-99,-99,-99,新北市,06,三峽區,057
24.940806,121.361500,三峽,C0AC60,2017-07-18T18:00:00+08:00,55.0,300,1.6,33.0,0.65,1004.6,-99,0.0,-99,-99,-99,新北市,06,三峽區,057
24.940806,121.361500,三峽,C0AC60,2017-07-18T19:00:00+08:00,55.0,311,1.7,31.4,0.71,1005.8,-99,0.0,-99,-99,-99,新北市,06,三峽區,057
24.940806,121.361500,三峽,C0AC60,2017-07-18T20:00:00+08:00,55.0,304,0.9,30.9,0.73,1006.6,-99,0.0,-99,-99,-99,新北市,06,三峽區,057
24.940806,121.361500,三峽,C0AC60,2017-07-18T21:00:00+08:00,55.0,0,0.1,30.2,0.8,1007.2,-99,0.0,-99,-99,-99,新北市,06,三峽區,057
24.940806,121.361500,三峽,C0AC60,2017-07-18T22:00:00+08:00,55.0,0,0.1,29.6,0.82,1007.5,-99,0.0,-99,-99,-99,新北市,06,三峽區,057
24.940806,121.361500,三峽,C0AC60,2017-07-18T23:00:00+08:00,55.0,197,1.3,28.2,0.88,1007.4,-99,0.0,-99,-99,-99,新北市,06,三峽區,057
24.940806,121.361500,三峽,C0AC60,2017-07-19T00:00:00+08:00,55.0,0,0.2,27.6,0.89,1007.0,-99,0.0,-99,-99,-99,新北市,06,三峽區,057
24.940806,121.361500,三峽,C0AC60,2017-07-19T01:00:00+08:00,55.0,214,0.4,27.3,0.88,1006.8,-99,0.0,-99,-99,-99,新北市,06,三峽區,057
24.940806,121.361500,三峽,C0AC60,2017-07-19T02:00:00+08:00,55.0,207,1.1,26.7,0.85,1006.2,-99,0.0,-99,-99,-99,新北市,06,三峽區,057
24.940806,121.361500,三峽,C0AC60,2017-07-19T03:00:00+08:00,55.0,204,0.3,26.5,0.85,1005.8,-99,0.0,-99,-99,-99,新北市,06,三峽區,057
24.940806,121.361500,三峽,C0AC60,2017-07-19T04:00:00+08:00,55.0,0,0.2,26.2,0.82,1005.4,-99,0.0,-99,-99,-99,新北市,06,三峽區,057
24.940806,121.361500,三峽,C0AC60,2017-07-19T05:00:00+08:00,55.0,201,1.1,25.8,0.83,1005.3,-99,0.0,-99,-99,-99,新北市,06,三峽區,057
24.940806,121.361500,三峽,C0AC60,2017-07-19T06:00:00+08:00,55.0,160,1.3,26.2,0.81,1005.3,-99,0.0,-99,-99,-99,新北市,06,三峽區,057
24.940806,121.361500,三峽,C0AC60,2017-07-19T07:00:00+08:00,55.0,0,0.1,28.1,0.74,1005.6,-99,0.0,-99,-99,-99,新北市,06,三峽區,057
24.940806,121.361500,三峽,C0AC60,2017-07-19T08:00:00+08:00,55.0,84,0.9,30.4,0.72,1005.5,-99,0.0,-99,-99,-99,新北市,06,三峽區,057
24.940806,121.361500,三峽,C0AC60,2017-07-19T09:00:00+08:00,55.0,87,1.6,32.8,0.57,1004.9,-99,0.0,-99,-99,-99,新北市,06,三峽區,057
24.940806,121.361500,三峽,C0AC60,2017-07-19T10:00:00+08:00,55.0,70,1.3,34.5,0.47,1004.5,-99,0.0,-99,-99,-99,新北市,06,三峽區,057
24.940806,121.361500,三峽,C0AC60,2017-07-19T11:00:00+08:00,55.0,91,1.9,35.6,0.44,1004.1,-99,0.0,-99,-99,-99,新北市,06,三峽區,057
24.940806,121.361500,三峽,C0AC60,2017-07-19T12:00:00+08:00,55.0,80,1.9,36.9,0.4,1003.5,-99,0.0,-99,-99,-99,新北市,06,三峽區,057
24.940806,121.361500,三峽,C0AC60,2017-07-19T13:00:00+08:00,55.0,7,0.8,35.4,0.55,1003.2,-99,0.0,-99,-99,-99,新北市,06,三峽區,057
24.940806,121.361500,三峽,C0AC60,2017-07-19T14:00:00+08:00,55.0,326,1.1,33.0,0.6,1003.4,-99,0.0,-99,-99,-99,新北市,06,三峽區,057
24.940806,121.361500,三峽,C0AC60,2017-07-19T15:00:00+08:00,55.0,315,2.0,33.1,0.57,1003.0,-99,0.0,-99,-99,-99,新北市,06,三峽區,057
24.940806,121.361500,三峽,C0AC60,2017-07-19T16:00:00+08:00,55.0,338,1.2,33.0,0.59,1002.6,-99,0.0,-99,-99,-99,新北市,06,三峽區,057
24.940806,121.361500,三峽,C0AC60,2017-07-19T17:00:00+08:00,55.0,329,1.3,31.9,0.66,1002.2,-99,0.0,-99,-99,-99,新北市,06,三峽區,057
24.940806,121.361500,三峽,C0AC60,2017-07-19T18:00:00+08:00,55.0,359,0.3,31.8,0.64,1002.1,-99,0.0,-99,-99,-99,新北市,06,三峽區,057
24.940806,121.361500,三峽,C0AC60,2017-07-19T19:00:00+08:00,55.0,0,0.0,31.3,0.64,1002.9,-99,0.0,-99,-99,-99,新北市,06,三峽區,057
24.940806,121.361500,三峽,C0AC60,2017-07-19T20:00:00+08:00,55.0,186,0.3,29.9,0.75,1003.0,-99,0.0,-99,-99,-99,新北市,06,三峽區,057
24.940806,121.361500,三峽,C0AC60,2017-07-19T21:00:00+08:00,55.0,197,0.6,28.9,0.8,1003.6,-99,0.0,-99,-99,-99,新北市,06,三峽區,057
24.940806,121.361500,三峽,C0AC60,2017-07-19T22:00:00+08:00,55.0,201,1.9,27.9,0.84,1004.1,-99,0.0,-99,-99,-99,新北市,06,三峽區,057
24.940806,121.361500,三峽,C0AC60,2017-07-19T23:00:00+08:00,55.0,207,1.2,27.8,0.83,1003.8,-99,0.0,-99,-99,-99,新北市,06,三峽區,057
24.940806,121.361500,三峽,C0AC60,2017-07-20T00:00:00+08:00,55.0,202,0.5,27.9,0.83,1003.8,-99,0.0,-99,-99,-99,新北市,06,三峽區,057
24.940806,121.361500,三峽,C0AC60,2017-07-20T01:00:00+08:00,55.0,219,1.7,28.0,0.85,1004.0,-99,0.0,-99,-99,-99,新北市,06,三峽區,057
24.940806,121.361500,三峽,C0AC60,2017-07-20T02:00:00+08:00,55.0,0,0.2,27.3,0.88,1003.9,-99,0.0,-99,-99,-99,新北市,06,三峽區,057
24.940806,121.361500,三峽,C0AC60,2017-07-20T03:00:00+08:00,55.0,210,0.7,26.6,0.9,1003.7,-99,0.0,-99,-99,-99,新北市,06,三峽區,057
24.940806,121.361500,三峽,C0AC60,2017-07-20T04:00:00+08:00,55.0,214,1.1,26.5,0.9,1003.6,-99,0.0,-99,-99,-99,新北市,06,三峽區,057
24.940806,121.361500,三峽,C0AC60,2017-07-20T05:00:00+08:00,55.0,203,1.0,26.2,0.9,1003.6,-99,0.0,-99,-99,-99,新北市,06,三峽區,057
24.940806,121.361500,三峽,C0AC60,2017-07-20T06:00:00+08:00,55.0,216,0.6,26.3,0.88,1004.0,-99,0.0,-99,-99,-99,新北市,06,三峽區,057
24.940806,121.361500,三峽,C0AC60,2017-07-20T07:00:00+08:00,55.0,80,0.4,28.4,0.79,1004.6,-99,0.0,-99,-99,-99,新北市,06,三峽區,057
24.940806,121.361500,三峽,C0AC60,2017-07-20T08:00:00+08:00,55.0,81,0.3,30.1,0.72,1004.9,-99,0.0,-99,-99,-99,新北市,06,三峽區,057
24.940806,121.361500,三峽,C0AC60,2017-07-20T09:00:00+08:00,55.0,94,1.1,32.6,0.61,1004.8,-99,0.0,-99,-99,-99,新北市,06,三峽區,057
24.940806,121.361500,三峽,C0AC60,2017-07-20T10:00:00+08:00,55.0,50,1.8,34.0,0.47,1004.7,-99,0.0,-99,-99,-99,新北市,06,三峽區,057
24.940806,121.361500,三峽,C0AC60,2017-07-20T11:00:00+08:00,55.0,45,2.1,34.7,0.47,1003.9,-99,0.0,-99,-99,-99,新北市,06,三峽區,057
24.940806,121.361500,三峽,C0AC60,2017-07-20T12:00:00+08:00,55.0,48,0.9,35.5,0.46,1003.2,-99,0.0,-99,-99,-99,新北市,06,三峽區,057
24.940806,121.361500,三峽,C0AC60,2017-07-20T13:00:00+08:00,55.0,18,2.0,35.1,0.51,1002.5,-99,0.0,-99,-99,-99,新北市,06,三峽區,057
24.940806,121.361500,三峽,C0AC60,2017-07-20T14:00:00+08:00,55.0,347,2.5,34.3,0.53,1002.2,-99,0.0,-99,-99,-99,新北市,06,三峽區,057
24.940806,121.361500,三峽,C0AC60,2017-07-20T15:00:00+08:00,55.0,342,2.0,34.5,0.52,1002.2,-99,0.0,-99,-99,-99,新北市,06,三峽區,057
24.940806,121.361500,三峽,C0AC60,2017-07-20T16:00:00+08:00,55.0,339,1.6,34.0,0.53,1002.3,-99,0.0,-99,-99,-99,新北市,06,三峽區,057
24.940806,121.361500,三峽,C0AC60,2017-07-20T17:00:00+08:00,55.0,326,1.3,33.5,0.51,1002.2,-99,0.0,-99,-99,-99,新北市,06,三峽區,057
24.940806,121.361500,三峽,C0AC60,2017-07-20T18:00:00+08:00,55.0,344,1.4,32.5,0.54,1002.5,-99,0.0,-99,-99,-99,新北市,06,三峽區,057
24.940806,121.361500,三峽,C0AC60,2017-07-20T19:00:00+08:00,55.0,328,0.6,31.3,0.59,1003.3,-99,0.0,-99,-99,-99,新北市,06,三峽區,057
24.940806,121.361500,三峽,C0AC60,2017-07-20T20:00:00+08:00,55.0,0,0.0,30.6,0.68,1003.8,-99,0.0,-99,-99,-99,新北市,06,三峽區,057
24.940806,121.361500,三峽,C0AC60,2017-07-20T21:00:00+08:00,55.0,191,0.3,29.1,0.76,1004.3,-99,0.0,-99,-99,-99,新北市,06,三峽區,057
24.940806,121.361500,三峽,C0AC60,2017-07-20T22:00:00+08:00,55.0,209,0.9,28.2,0.81,1004.8,-99,0.0,-99,-99,-99,新北市,06,三峽區,057
24.940806,121.361500,三峽,C0AC60,2017-07-20T23:00:00+08:00,55.0,208,0.4,27.6,0.83,1004.8,-99,0.0,-99,-99,-99,新北市,06,三峽區,057
24.940806,121.361500,三峽,C0AC60,2017-07-21T00:00:00+08:00,55.0,216,0.5,27.5,0.83,1004.5,-99,0.0,-99,-99,-99,新北市,06,三峽區,057
24.940806,121.361500,三峽,C0AC60,2017-07-21T01:00:00+08:00,55.0,0,0.2,27.3,0.83,1004.0,-99,0.0,-99,-99,-99,新北市,06,三峽區,057
24.940806,121.361500,三峽,C0AC60,2017-07-21T02:00:00+08:00,55.0,212,1.1,26.9,0.85,1003.9,-99,0.0,-99,-99,-99,新北市,06,三峽區,057
24.940806,121.361500,三峽,C0AC60,2017-07-21T03:00:00+08:00,55.0,201,1.2,26.6,0.86,1004.1,-99,0.0,-99,-99,-99,新北市,06,三峽區,057
24.940806,121.361500,三峽,C0AC60,2017-07-21T04:00:00+08:00,55.0,172,1.0,26.3,0.87,1004.1,-99,0.0,-99,-99,-99,新北市,06,三峽區,057
24.940806,121.361500,三峽,C0AC60,2017-07-21T05:00:00+08:00,55.0,190,1.0,26.2,0.87,1004.2,-99,0.0,-99,-99,-99,新北市,06,三峽區,057
24.940806,121.361500,三峽,C0AC60,2017-07-21T06:00:00+08:00,55.0,212,1.1,26.5,0.85,1004.7,-99,0.0,-99,-99,-99,新北市,06,三峽區,057
24.940806,121.361500,三峽,C0AC60,2017-07-21T07:00:00+08:00,55.0,213,1.2,27.4,0.81,1005.2,-99,0.0,-99,-99,-99,新北市,06,三峽區,057
24.940806,121.361500,三峽,C0AC60,2017-07-21T08:00:00+08:00,55.0,186,0.4,30.1,0.71,1005.5,-99,0.0,-99,-99,-99,新北市,06,三峽區,057
24.940806,121.361500,三峽,C0AC60,2017-07-21T09:00:00+08:00,55.0,326,0.6,32.0,0.58,1005.6,-99,0.0,-99,-99,-99,新北市,06,三峽區,057
24.940806,121.361500,三峽,C0AC60,2017-07-21T10:00:00+08:00,55.0,48,0.4,33.4,0.55,1005.5,-99,0.0,-99,-99,-99,新北市,06,三峽區,057
24.940806,121.361500,三峽,C0AC60,2017-07-21T11:00:00+08:00,55.0,25,1.2,34.1,0.51,1005.2,-99,0.0,-99,-99,-99,新北市,06,三峽區,057
24.940806,121.361500,三峽,C0AC60,2017-07-21T12:00:00+08:00,55.0,9,1.0,33.9,0.55,1004.5,-99,0.0,-99,-99,-99,新北市,06,三峽區,057
24.940806,121.361500,三峽,C0AC60,2017-07-21T13:00:00+08:00,55.0,341,1.2,33.8,0.53,1004.0,-99,0.0,-99,-99,-99,新北市,06,三峽區,057
24.940806,121.361500,三峽,C0AC60,2017-07-21T14:00:00+08:00,55.0,340,1.6,33.3,0.54,1003.6,-99,0.0,-99,-99,-99,新北市,06,三峽區,057
24.940806,121.361500,三峽,C0AC60,2017-07-21T15:00:00+08:00,55.0,346,1.1,34.3,0.53,1003.1,-99,0.0,-99,-99,-99,新北市,06,三峽區,057
24.940806,121.361500,三峽,C0AC60,2017-07-21T16:00:00+08:00,55.0,347,0.9,34.7,0.52,1002.6,-99,0.0,-99,-99,-99,新北市,06,三峽區,057
24.940806,121.361500,三峽,C0AC60,2017-07-21T17:00:00+08:00,55.0,360,0.7,33.5,0.6,1002.6,-99,0.0,-99,-99,-99,新北市,06,三峽區,057
24.940806,121.361500,三峽,C0AC60,2017-07-21T18:00:00+08:00,55.0,5,0.6,32.7,0.68,1002.6,-99,0.0,-99,-99,-99,新北市,06,三峽區,057
24.940806,121.361500,三峽,C0AC60,2017-07-21T19:00:00+08:00,55.0,90,1.5,32.2,0.62,1002.8,-99,0.0,-99,-99,-99,新北市,06,三峽區,057
24.940806,121.361500,三峽,C0AC60,2017-07-21T20:00:00+08:00,55.0,183,0.9,30.7,0.73,1003.2,-99,0.0,-99,-99,-99,新北市,06,三峽區,057
24.940806,121.361500,三峽,C0AC60,2017-07-21T21:00:00+08:00,55.0,203,1.3,29.0,0.82,1003.8,-99,0.0,-99,-99,-99,新北市,06,三峽區,057
24.940806,121.361500,三峽,C0AC60,2017-07-21T22:00:00+08:00,55.0,0,0.2,28.5,0.82,1004.3,-99,0.0,-99,-99,-99,新北市,06,三峽區,057
24.940806,121.361500,三峽,C0AC60,2017-07-21T23:00:00+08:00,55.0,0,0.2,27.6,0.87,1004.3,-99,0.0,-99,-99,-99,新北市,06,三峽區,057
24.940806,121.361500,三峽,C0AC60,2017-07-22T00:00:00+08:00,55.0,195,0.7,27.4,0.85,1004.4,-99,0.0,-99,-99,-99,新北市,06,三峽區,057
24.940806,121.361500,三峽,C0AC60,2017-07-22T01:00:00+08:00,55.0,0,0.2,27.0,0.83,1004.2,-99,0.0,-99,-99,-99,新北市,06,三峽區,057
24.940806,121.361500,三峽,C0AC60,2017-07-22T02:00:00+08:00,55.0,220,0.6,26.3,0.85,1004.1,-99,0.0,-99,-99,-99,新北市,06,三峽區,057
24.940806,121.361500,三峽,C0AC60,2017-07-22T04:00:00+08:00,55.0,0,0.2,26.2,0.84,1004.5,-99,0.0,-99,-99,-99,新北市,06,三峽區,057
24.940806,121.361500,三峽,C0AC60,2017-07-22T05:00:00+08:00,55.0,212,1.6,25.8,0.85,1004.5,-99,0.0,-99,-99,-99,新北市,06,三峽區,057
24.940806,121.361500,三峽,C0AC60,2017-07-22T06:00:00+08:00,55.0,211,1.0,26.0,0.85,1004.9,-99,0.0,-99,-99,-99,新北市,06,三峽區,057
24.940806,121.361500,三峽,C0AC60,2017-07-22T07:00:00+08:00,55.0,178,0.4,27.9,0.78,1004.6,-99,0.0,-99,-99,-99,新北市,06,三峽區,057
24.940806,121.361500,三峽,C0AC60,2017-07-22T08:00:00+08:00,55.0,0,0.1,30.7,0.69,1004.2,-99,0.0,-99,-99,-99,新北市,06,三峽區,057
24.940806,121.361500,三峽,C0AC60,2017-07-22T09:00:00+08:00,55.0,82,1.4,32.9,0.6,1003.5,-99,0.0,-99,-99,-99,新北市,06,三峽區,057
24.940806,121.361500,三峽,C0AC60,2017-07-22T10:00:00+08:00,55.0,99,1.6,34.5,0.54,1003.0,-99,0.0,-99,-99,-99,新北市,06,三峽區,057
24.940806,121.361500,三峽,C0AC60,2017-07-22T11:00:00+08:00,55.0,86,1.9,35.6,0.5,1002.3,-99,0.0,-99,-99,-99,新北市,06,三峽區,057
24.940806,121.361500,三峽,C0AC60,2017-07-22T12:00:00+08:00,55.0,88,1.4,35.9,0.5,1002.2,-99,0.0,-99,-99,-99,新北市,06,三峽區,057
24.940806,121.361500,三峽,C0AC60,2017-07-22T13:00:00+08:00,55.0,93,2.8,35.5,0.52,1001.8,-99,0.0,-99,-99,-99,新北市,06,三峽區,057
24.940806,121.361500,三峽,C0AC60,2017-07-22T14:00:00+08:00,55.0,78,1.6,35.5,0.51,1001.4,-99,0.0,-99,-99,-99,新北市,06,三峽區,057
24.940806,121.361500,三峽,C0AC60,2017-07-22T15:00:00+08:00,55.0,88,1.6,35.8,0.5,1001.0,-99,0.0,-99,-99,-99,新北市,06,三峽區,057
24.940806,121.361500,三峽,C0AC60,2017-07-22T16:00:00+08:00,55.0,64,2.2,36.9,0.47,1000.9,-99,0.0,-99,-99,-99,新北市,06,三峽區,057
24.940806,121.361500,三峽,C0AC60,2017-07-22T17:00:00+08:00,55.0,75,1.8,34.8,0.53,1000.7,-99,0.0,-99,-99,-99,新北市,06,三峽區,057
24.940806,121.361500,三峽,C0AC60,2017-07-22T18:00:00+08:00,55.0,67,0.6,34.3,0.56,1000.9,-99,0.0,-99,-99,-99,新北市,06,三峽區,057
24.940806,121.361500,三峽,C0AC60,2017-07-22T19:00:00+08:00,55.0,63,1.0,32.8,0.6,1001.4,-99,0.0,-99,-99,-99,新北市,06,三峽區,057
24.940806,121.361500,三峽,C0AC60,2017-07-22T20:00:00+08:00,55.0,0,0.2,31.6,0.65,1001.9,-99,0.0,-99,-99,-99,新北市,06,三峽區,057
24.940806,121.361500,三峽,C0AC60,2017-07-22T21:00:00+08:00,55.0,0,0.0,31.6,0.64,1002.7,-99,0.0,-99,-99,-99,新北市,06,三峽區,057
24.940806,121.361500,三峽,C0AC60,2017-07-22T22:00:00+08:00,55.0,195,0.8,29.7,0.84,1003.1,-99,0.0,-99,-99,-99,新北市,06,三峽區,057
24.940806,121.361500,三峽,C0AC60,2017-07-22T23:00:00+08:00,55.0,167,0.9,29.2,0.82,1003.0,-99,0.0,-99,-99,-99,新北市,06,三峽區,057
24.940806,121.361500,三峽,C0AC60,2017-07-23T00:00:00+08:00,55.0,0,0.0,28.7,0.84,1002.8,-99,0.0,-99,-99,-99,新北市,06,三峽區,057
24.940806,121.361500,三峽,C0AC60,2017-07-23T01:00:00+08:00,55.0,0,0.2,28.3,0.85,1002.5,-99,0.0,-99,-99,-99,新北市,06,三峽區,057
24.940806,121.361500,三峽,C0AC60,2017-07-23T02:00:00+08:00,55.0,207,0.6,27.8,0.86,1002.1,-99,0.0,-99,-99,-99,新北市,06,三峽區,057
24.940806,121.361500,三峽,C0AC60,2017-07-23T03:00:00+08:00,55.0,207,0.6,27.3,0.87,1001.8,-99,0.0,-99,-99,-99,新北市,06,三峽區,057
24.940806,121.361500,三峽,C0AC60,2017-07-23T04:00:00+08:00,55.0,174,0.6,27.3,0.85,1002.0,-99,0.0,-99,-99,-99,新北市,06,三峽區,057
24.940806,121.361500,三峽,C0AC60,2017-07-23T05:00:00+08:00,55.0,178,1.5,26.6,0.9,1001.7,-99,0.0,-99,-99,-99,新北市,06,三峽區,057
24.940806,121.361500,三峽,C0AC60,2017-07-23T06:00:00+08:00,55.0,153,0.4,27.1,0.85,1002.3,-99,0.0,-99,-99,-99,新北市,06,三峽區,057
24.940806,121.361500,三峽,C0AC60,2017-07-23T07:00:00+08:00,55.0,170,0.4,28.4,0.8,1002.3,-99,0.0,-99,-99,-99,新北市,06,三峽區,057
24.940806,121.361500,三峽,C0AC60,2017-07-23T08:00:00+08:00,55.0,94,0.4,30.6,0.73,1002.5,-99,0.0,-99,-99,-99,新北市,06,三峽區,057
24.940806,121.361500,三峽,C0AC60,2017-07-23T09:00:00+08:00,55.0,90,1.3,32.7,0.61,1002.3,-99,0.0,-99,-99,-99,新北市,06,三峽區,057
24.940806,121.361500,三峽,C0AC60,2017-07-23T10:00:00+08:00,55.0,311,1.0,33.2,0.58,1002.0,-99,0.0,-99,-99,-99,新北市,06,三峽區,057
24.940806,121.361500,三峽,C0AC60,2017-07-23T11:00:00+08:00,55.0,295,1.4,34.8,0.52,1001.9,-99,0.0,-99,-99,-99,新北市,06,三峽區,057
24.940806,121.361500,三峽,C0AC60,2017-07-23T12:00:00+08:00,55.0,265,0.9,34.7,0.54,1001.5,-99,0.0,-99,-99,-99,新北市,06,三峽區,057
24.940806,121.361500,三峽,C0AC60,2017-07-23T13:00:00+08:00,55.0,246,1.2,34.8,0.57,1001.2,-99,0.0,-99,-99,-99,新北市,06,三峽區,057
24.940806,121.361500,三峽,C0AC60,2017-07-23T14:00:00+08:00,55.0,248,2.6,35.5,0.56,1000.8,-99,0.0,-99,-99,-99,新北市,06,三峽區,057
24.940806,121.361500,三峽,C0AC60,2017-07-23T15:00:00+08:00,55.0,244,2.5,34.7,0.55,1001.0,-99,0.0,-99,-99,-99,新北市,06,三峽區,057
24.940806,121.361500,三峽,C0AC60,2017-07-23T16:00:00+08:00,55.0,221,1.2,33.5,0.64,1000.7,-99,0.0,-99,-99,-99,新北市,06,三峽區,057
24.940806,121.361500,三峽,C0AC60,2017-07-23T17:00:00+08:00,55.0,235,1.6,34.2,0.57,1000.6,-99,0.0,-99,-99,-99,新北市,06,三峽區,057
24.940806,121.361500,三峽,C0AC60,2017-07-23T18:00:00+08:00,55.0,0,0.2,34.4,0.52,1000.8,-99,0.0,-99,-99,-99,新北市,06,三峽區,057
24.940806,121.361500,三峽,C0AC60,2017-07-23T19:00:00+08:00,55.0,80,2.4,31.8,0.7,1000.9,-99,0.0,-99,-99,-99,新北市,06,三峽區,057
24.940806,121.361500,三峽,C0AC60,2017-07-23T20:00:00+08:00,55.0,87,0.6,31.1,0.74,1001.0,-99,0.0,-99,-99,-99,新北市,06,三峽區,057
24.940806,121.361500,三峽,C0AC60,2017-07-23T21:00:00+08:00,55.0,0,0.2,30.1,0.8,1001.1,-99,0.0,-99,-99,-99,新北市,06,三峽區,057
24.940806,121.361500,三峽,C0AC60,2017-07-23T22:00:00+08:00,55.0,208,2.1,28.8,0.82,1001.3,-99,0.0,-99,-99,-99,新北市,06,三峽區,057
24.940806,121.361500,三峽,C0AC60,2017-07-23T23:00:00+08:00,55.0,195,0.7,28.4,0.85,1001.4,-99,0.0,-99,-99,-99,新北市,06,三峽區,057
24.940806,121.361500,三峽,C0AC60,2017-07-24T00:00:00+08:00,55.0,194,0.7,27.9,0.87,1001.2,-99,0.0,-99,-99,-99,新北市,06,三峽區,057
24.940806,121.361500,三峽,C0AC60,2017-07-24T01:00:00+08:00,55.0,232,0.5,28.0,0.84,1000.9,-99,0.0,-99,-99,-99,新北市,06,三峽區,057
24.940806,121.361500,三峽,C0AC60,2017-07-24T02:00:00+08:00,55.0,206,1.2,27.4,0.87,1000.3,-99,0.0,-99,-99,-99,新北市,06,三峽區,057
24.940806,121.361500,三峽,C0AC60,2017-07-24T03:00:00+08:00,55.0,194,0.9,27.2,0.87,1000.4,-99,0.0,-99,-99,-99,新北市,06,三峽區,057
24.940806,121.361500,三峽,C0AC60,2017-07-24T04:00:00+08:00,55.0,207,0.4,26.9,0.88,1000.6,-99,0.0,-99,-99,-99,新北市,06,三峽區,057
24.940806,121.361500,三峽,C0AC60,2017-07-24T05:00:00+08:00,55.0,200,2.1,26.7,0.88,1000.9,-99,0.0,-99,-99,-99,新北市,06,三峽區,057
24.940806,121.361500,三峽,C0AC60,2017-07-24T06:00:00+08:00,55.0,204,1.4,27.1,0.86,1001.4,-99,0.0,-99,-99,-99,新北市,06,三峽區,057
24.940806,121.361500,三峽,C0AC60,2017-07-24T07:00:00+08:00,55.0,205,1.2,28.0,0.82,1001.5,-99,0.0,-99,-99,-99,新北市,06,三峽區,057
24.940806,121.361500,三峽,C0AC60,2017-07-24T08:00:00+08:00,55.0,226,0.8,29.7,0.8,1001.5,-99,0.0,-99,-99,-99,新北市,06,三峽區,057
24.940806,121.361500,三峽,C0AC60,2017-07-24T09:00:00+08:00,55.0,273,0.7,31.5,0.73,1001.5,-99,0.0,-99,-99,-99,新北市,06,三峽區,057
24.940806,121.361500,三峽,C0AC60,2017-07-24T10:00:00+08:00,55.0,286,1.4,32.7,0.66,1001.1,-99,0.0,-99,-99,-99,新北市,06,三峽區,057
24.940806,121.361500,三峽,C0AC60,2017-07-24T11:00:00+08:00,55.0,256,1.1,33.6,0.62,1000.5,-99,0.0,-99,-99,-99,新北市,06,三峽區,057
24.940806,121.361500,三峽,C0AC60,2017-07-24T12:00:00+08:00,55.0,303,1.3,33.9,0.62,1000.0,-99,0.0,-99,-99,-99,新北市,06,三峽區,057
24.940806,121.361500,三峽,C0AC60,2017-07-24T13:00:00+08:00,55.0,303,0.8,34.2,0.61,999.4,-99,0.0,-99,-99,-99,新北市,06,三峽區,057
24.940806,121.361500,三峽,C0AC60,2017-07-24T14:00:00+08:00,55.0,317,1.8,35.0,0.58,999.0,-99,0.0,-99,-99,-99,新北市,06,三峽區,057
24.940806,121.361500,三峽,C0AC60,2017-07-24T15:00:00+08:00,55.0,25,1.3,34.1,0.62,998.6,-99,0.0,-99,-99,-99,新北市,06,三峽區,057
24.940806,121.361500,三峽,C0AC60,2017-07-24T16:00:00+08:00,55.0,74,0.4,33.2,0.67,998.4,-99,0.0,-99,-99,-99,新北市,06,三峽區,057
24.940806,121.361500,三峽,C0AC60,2017-07-24T17:00:00+08:00,55.0,355,0.3,33.8,0.58,998.1,-99,0.0,-99,-99,-99,新北市,06,三峽區,057
24.940806,121.361500,三峽,C0AC60,2017-07-24T18:00:00+08:00,55.0,355,0.8,32.6,0.69,998.3,-99,0.0,-99,-99,-99,新北市,06,三峽區,057
24.940806,121.361500,三峽,C0AC60,2017-07-24T19:00:00+08:00,55.0,0,0.2,31.5,0.77,998.6,-99,0.0,-99,-99,-99,新北市,06,三峽區,057
24.940806,121.361500,三峽,C0AC60,2017-07-24T20:00:00+08:00,55.0,0,0.0,30.6,0.82,999.6,-99,0.0,-99,-99,-99,新北市,06,三峽區,057
24.940806,121.361500,三峽,C0AC60,2017-07-24T21:00:00+08:00,55.0,203,1.0,29.8,0.84,1000.0,-99,0.0,-99,-99,-99,新北市,06,三峽區,057
24.940806,121.361500,三峽,C0AC60,2017-07-24T22:00:00+08:00,55.0,203,0.8,29.2,0.86,1000.2,-99,0.0,-99,-99,-99,新北市,06,三峽區,057
24.940806,121.361500,三峽,C0AC60,2017-07-24T23:00:00+08:00,55.0,0,0.2,28.6,0.89,1000.0,-99,0.0,-99,-99,-99,新北市,06,三峽區,057
24.940806,121.361500,三峽,C0AC60,2017-07-25T00:00:00+08:00,55.0,204,1.1,28.1,0.89,1000.0,-99,0.0,-99,-99,-99,新北市,06,三峽區,057
24.940806,121.361500,三峽,C0AC60,2017-07-25T01:00:00+08:00,55.0,215,1.1,27.6,0.92,999.8,-99,0.0,-99,-99,-99,新北市,06,三峽區,057
24.940806,121.361500,三峽,C0AC60,2017-07-25T02:00:00+08:00,55.0,207,0.5,27.7,0.88,999.4,-99,0.0,-99,-99,-99,新北市,06,三峽區,057
24.940806,121.361500,三峽,C0AC60,2017-07-25T03:00:00+08:00,55.0,201,0.5,27.6,0.87,999.3,-99,0.0,-99,-99,-99,新北市,06,三峽區,057
24.940806,121.361500,三峽,C0AC60,2017-07-25T04:00:00+08:00,55.0,207,1.2,26.9,0.87,999.3,-99,0.0,-99,-99,-99,新北市,06,三峽區,057
24.940806,121.361500,三峽,C0AC60,2017-07-25T05:00:00+08:00,55.0,213,0.6,26.5,0.87,999.5,-99,0.0,-99,-99,-99,新北市,06,三峽區,057
24.940806,121.361500,三峽,C0AC60,2017-07-25T06:00:00+08:00,55.0,202,1.3,26.3,0.88,1000.2,-99,0.0,-99,-99,-99,新北市,06,三峽區,057
24.940806,121.361500,三峽,C0AC60,2017-07-25T07:00:00+08:00,55.0,212,1.9,27.1,0.81,1000.3,-99,0.0,-99,-99,-99,新北市,06,三峽區,057
24.940806,121.361500,三峽,C0AC60,2017-07-25T08:00:00+08:00,55.0,140,0.3,29.9,0.71,1000.2,-99,0.0,-99,-99,-99,新北市,06,三峽區,057
24.940806,121.361500,三峽,C0AC60,2017-07-25T09:00:00+08:00,55.0,240,0.6,30.6,0.7,1000.0,-99,0.0,-99,-99,-99,新北市,06,三峽區,057
24.940806,121.361500,三峽,C0AC60,2017-07-25T10:00:00+08:00,55.0,223,0.4,31.7,0.65,1000.0,-99,0.0,-99,-99,-99,新北市,06,三峽區,057
24.940806,121.361500,三峽,C0AC60,2017-07-25T11:00:00+08:00,55.0,205,0.8,32.1,0.65,999.7,-99,0.0,-99,-99,-99,新北市,06,三峽區,057
24.940806,121.361500,三峽,C0AC60,2017-07-25T12:00:00+08:00,55.0,274,0.9,33.8,0.56,999.5,-99,0.0,-99,-99,-99,新北市,06,三峽區,057
24.940806,121.361500,三峽,C0AC60,2017-07-25T13:00:00+08:00,55.0,262,1.1,34.7,0.51,998.9,-99,0.0,-99,-99,-99,新北市,06,三峽區,057
24.940806,121.361500,三峽,C0AC60,2017-07-25T14:00:00+08:00,55.0,205,0.9,35.8,0.5,998.4,-99,0.0,-99,-99,-99,新北市,06,三峽區,057
24.940806,121.361500,三峽,C0AC60,2017-07-25T15:00:00+08:00,55.0,325,2.0,35.5,0.5,998.1,-99,0.0,-99,-99,-99,新北市,06,三峽區,057
24.940806,121.361500,三峽,C0AC60,2017-07-25T16:00:00+08:00,55.0,325,1.3,35.5,0.51,997.7,-99,0.0,-99,-99,-99,新北市,06,三峽區,057
24.940806,121.361500,三峽,C0AC60,2017-07-25T17:00:00+08:00,55.0,73,2.5,34.4,0.56,997.7,-99,0.0,-99,-99,-99,新北市,06,三峽區,057
24.940806,121.361500,三峽,C0AC60,2017-07-25T18:00:00+08:00,55.0,24,1.1,33.3,0.61,998.4,-99,0.0,-99,-99,-99,新北市,06,三峽區,057
24.940806,121.361500,三峽,C0AC60,2017-07-25T19:00:00+08:00,55.0,0,0.0,32.4,0.65,998.7,-99,0.0,-99,-99,-99,新北市,06,三峽區,057
24.940806,121.361500,三峽,C0AC60,2017-07-25T20:00:00+08:00,55.0,41,1.4,31.0,0.71,999.2,-99,0.0,-99,-99,-99,新北市,06,三峽區,057
24.940806,121.361500,三峽,C0AC60,2017-07-25T21:00:00+08:00,55.0,0,0.1,30.8,0.72,999.8,-99,0.0,-99,-99,-99,新北市,06,三峽區,057
24.940806,121.361500,三峽,C0AC60,2017-07-25T22:00:00+08:00,55.0,184,0.4,29.5,0.81,1000.3,-99,0.0,-99,-99,-99,新北市,06,三峽區,057
24.940806,121.361500,三峽,C0AC60,2017-07-25T23:00:00+08:00,55.0,198,0.5,28.5,0.84,1000.1,-99,0.0,-99,-99,-99,新北市,06,三峽區,057
24.940806,121.361500,三峽,C0AC60,2017-07-26T00:00:00+08:00,55.0,198,0.5,28.3,0.82,1000.0,-99,0.0,-99,-99,-99,新北市,06,三峽區,057
24.940806,121.361500,三峽,C0AC60,2017-07-26T01:00:00+08:00,55.0,209,0.3,27.4,0.87,999.8,-99,0.0,-99,-99,-99,新北市,06,三峽區,057
24.940806,121.361500,三峽,C0AC60,2017-07-26T02:00:00+08:00,55.0,189,0.5,27.5,0.84,999.4,-99,0.0,-99,-99,-99,新北市,06,三峽區,057
24.940806,121.361500,三峽,C0AC60,2017-07-26T03:00:00+08:00,55.0,211,1.1,26.8,0.88,998.8,-99,0.0,-99,-99,-99,新北市,06,三峽區,057
24.940806,121.361500,三峽,C0AC60,2017-07-26T04:00:00+08:00,55.0,212,1.1,26.5,0.9,998.8,-99,0.0,-99,-99,-99,新北市,06,三峽區,057
24.940806,121.361500,三峽,C0AC60,2017-07-26T05:00:00+08:00,55.0,163,1.3,26.7,0.89,998.8,-99,0.0,-99,-99,-99,新北市,06,三峽區,057
24.940806,121.361500,三峽,C0AC60,2017-07-26T06:00:00+08:00,55.0,195,0.4,26.5,0.88,999.3,-99,0.0,-99,-99,-99,新北市,06,三峽區,057
24.940806,121.361500,三峽,C0AC60,2017-07-26T07:00:00+08:00,55.0,159,0.4,28.0,0.82,999.7,-99,0.0,-99,-99,-99,新北市,06,三峽區,057
24.940806,121.361500,三峽,C0AC60,2017-07-26T08:00:00+08:00,55.0,69,0.3,30.4,0.71,999.7,-99,0.0,-99,-99,-99,新北市,06,三峽區,057
24.940806,121.361500,三峽,C0AC60,2017-07-26T09:00:00+08:00,55.0,0,0.2,31.1,0.69,999.5,-99,0.0,-99,-99,-99,新北市,06,三峽區,057
24.940806,121.361500,三峽,C0AC60,2017-07-26T10:00:00+08:00,55.0,37,0.6,32.7,0.61,999.4,-99,0.0,-99,-99,-99,新北市,06,三峽區,057
24.940806,121.361500,三峽,C0AC60,2017-07-26T11:00:00+08:00,55.0,283,1.0,33.1,0.6,999.3,-99,0.0,-99,-99,-99,新北市,06,三峽區,057
24.940806,121.361500,三峽,C0AC60,2017-07-26T12:00:00+08:00,55.0,32,1.6,35.3,0.49,998.7,-99,0.0,-99,-99,-99,新北市,06,三峽區,057
24.940806,121.361500,三峽,C0AC60,2017-07-26T13:00:00+08:00,55.0,334,1.8,34.0,0.61,998.4,-99,0.0,-99,-99,-99,新北市,06,三峽區,057
24.940806,121.361500,三峽,C0AC60,2017-07-26T14:00:00+08:00,55.0,213,2.4,27.1,0.92,998.9,-99,7.5,-99,-99,-99,新北市,06,三峽區,057
24.940806,121.361500,三峽,C0AC60,2017-07-26T15:00:00+08:00,55.0,204,2.4,26.5,0.91,998.9,-99,8.5,-99,-99,-99,新北市,06,三峽區,057
24.940806,121.361500,三峽,C0AC60,2017-07-26T16:00:00+08:00,55.0,231,0.6,26.8,0.86,998.8,-99,8.5,-99,-99,-99,新北市,06,三峽區,057
24.940806,121.361500,三峽,C0AC60,2017-07-26T17:00:00+08:00,55.0,209,1.3,26.6,0.88,998.7,-99,8.5,-99,-99,-99,新北市,06,三峽區,057
24.940806,121.361500,三峽,C0AC60,2017-07-26T18:00:00+08:00,55.0,197,1.5,26.7,0.87,998.7,-99,8.5,-99,-99,-99,新北市,06,三峽區,057
24.940806,121.361500,三峽,C0AC60,2017-07-26T19:00:00+08:00,55.0,204,0.6,26.6,0.89,998.7,-99,8.5,-99,-99,-99,新北市,06,三峽區,057
24.940806,121.361500,三峽,C0AC60,2017-07-26T20:00:00+08:00,55.0,204,0.6,26.3,0.91,998.9,-99,8.5,-99,-99,-99,新北市,06,三峽區,057
24.940806,121.361500,三峽,C0AC60,2017-07-26T21:00:00+08:00,55.0,210,0.8,26.1,0.93,999.3,-99,8.5,-99,-99,-99,新北市,06,三峽區,057
24.940806,121.361500,三峽,C0AC60,2017-07-26T22:00:00+08:00,55.0,209,1.4,25.9,0.94,999.6,-99,8.5,-99,-99,-99,新北市,06,三峽區,057
24.940806,121.361500,三峽,C0AC60,2017-07-26T23:00:00+08:00,55.0,205,0.9,26.0,0.91,999.4,-99,8.5,-99,-99,-99,新北市,06,三峽區,057
24.940806,121.361500,三峽,C0AC60,2017-07-27T00:00:00+08:00,55.0,207,1.5,25.8,0.92,999.3,-99,8.5,-99,-99,-99,新北市,06,三峽區,057
24.940806,121.361500,三峽,C0AC60,2017-07-27T01:00:00+08:00,55.0,209,0.9,25.7,0.91,998.8,-99,0.0,-99,-99,-99,新北市,06,三峽區,057
24.940806,121.361500,三峽,C0AC60,2017-07-27T02:00:00+08:00,55.0,163,0.6,25.7,0.92,998.8,-99,0.0,-99,-99,-99,新北市,06,三峽區,057
24.940806,121.361500,三峽,C0AC60,2017-07-27T03:00:00+08:00,55.0,210,0.5,25.5,0.92,999.1,-99,0.0,-99,-99,-99,新北市,06,三峽區,057
24.940806,121.361500,三峽,C0AC60,2017-07-27T04:00:00+08:00,55.0,202,0.4,25.8,0.91,999.0,-99,0.0,-99,-99,-99,新北市,06,三峽區,057
24.940806,121.361500,三峽,C0AC60,2017-07-27T05:00:00+08:00,55.0,209,0.7,25.5,0.89,999.3,-99,0.0,-99,-99,-99,新北市,06,三峽區,057
24.940806,121.361500,三峽,C0AC60,2017-07-27T06:00:00+08:00,55.0,203,0.7,25.5,0.89,999.6,-99,0.0,-99,-99,-99,新北市,06,三峽區,057
24.940806,121.361500,三峽,C0AC60,2017-07-27T07:00:00+08:00,55.0,0,0.2,26.4,0.87,1000.3,-99,0.0,-99,-99,-99,新北市,06,三峽區,057
24.940806,121.361500,三峽,C0AC60,2017-07-27T08:00:00+08:00,55.0,201,0.3,28.2,0.8,1000.6,-99,0.0,-99,-99,-99,新北市,06,三峽區,057
24.940806,121.361500,三峽,C0AC60,2017-07-27T09:00:00+08:00,55.0,242,0.4,30.1,0.73,1000.5,-99,0.0,-99,-99,-99,新北市,06,三峽區,057
24.940806,121.361500,三峽,C0AC60,2017-07-27T10:00:00+08:00,55.0,306,1.1,31.9,0.61,1000.1,-99,0.0,-99,-99,-99,新北市,06,三峽區,057
24.940806,121.361500,三峽,C0AC60,2017-07-27T11:00:00+08:00,55.0,29,0.7,32.3,0.68,999.7,-99,0.0,-99,-99,-99,新北市,06,三峽區,057
24.940806,121.361500,三峽,C0AC60,2017-07-27T12:00:00+08:00,55.0,259,0.3,32.7,0.62,999.0,-99,0.0,-99,-99,-99,新北市,06,三峽區,057
24.940806,121.361500,三峽,C0AC60,2017-07-27T13:00:00+08:00,55.0,318,1.5,32.5,0.65,998.3,-99,0.0,-99,-99,-99,新北市,06,三峽區,057
24.940806,121.361500,三峽,C0AC60,2017-07-27T14:00:00+08:00,55.0,325,1.2,33.5,0.63,997.8,-99,0.0,-99,-99,-99,新北市,06,三峽區,057
24.940806,121.361500,三峽,C0AC60,2017-07-27T15:00:00+08:00,55.0,343,0.8,31.9,0.7,997.8,-99,0.0,-99,-99,-99,新北市,06,三峽區,057
24.940806,121.361500,三峽,C0AC60,2017-07-27T18:00:00+08:00,55.0,78,1.8,32.7,0.56,997.3,-99,0.5,-99,-99,-99,新北市,06,三峽區,057
24.940806,121.361500,三峽,C0AC60,2017-07-27T19:00:00+08:00,55.0,165,1.1,30.5,0.7,997.9,-99,0.5,-99,-99,-99,新北市,06,三峽區,057
24.940806,121.361500,三峽,C0AC60,2017-07-27T20:00:00+08:00,55.0,179,1.0,28.4,0.89,998.6,-99,0.5,-99,-99,-99,新北市,06,三峽區,057
24.940806,121.361500,三峽,C0AC60,2017-07-27T21:00:00+08:00,55.0,88,0.7,28.0,0.79,999.3,-99,0.5,-99,-99,-99,新北市,06,三峽區,057
24.940806,121.361500,三峽,C0AC60,2017-07-27T22:00:00+08:00,55.0,0,0.0,27.6,0.85,999.5,-99,0.5,-99,-99,-99,新北市,06,三峽區,057
24.940806,121.361500,三峽,C0AC60,2017-07-27T23:00:00+08:00,55.0,88,0.8,27.6,0.83,999.3,-99,0.5,-99,-99,-99,新北市,06,三峽區,057
24.940806,121.361500,三峽,C0AC60,2017-07-28T00:00:00+08:00,55.0,0,0.2,27.1,0.85,999.1,-99,0.5,-99,-99,-99,新北市,06,三峽區,057
24.940806,121.361500,三峽,C0AC60,2017-07-28T01:00:00+08:00,55.0,0,0.2,26.7,0.86,998.5,-99,0.0,-99,-99,-99,新北市,06,三峽區,057
24.940806,121.361500,三峽,C0AC60,2017-07-28T02:00:00+08:00,55.0,190,1.0,26.6,0.86,998.0,-99,0.0,-99,-99,-99,新北市,06,三峽區,057
24.940806,121.361500,三峽,C0AC60,2017-07-28T03:00:00+08:00,55.0,172,1.8,26.4,0.84,997.9,-99,0.0,-99,-99,-99,新北市,06,三峽區,057
24.940806,121.361500,三峽,C0AC60,2017-07-28T04:00:00+08:00,55.0,166,1.1,26.1,0.85,997.7,-99,0.0,-99,-99,-99,新北市,06,三峽區,057
24.940806,121.361500,三峽,C0AC60,2017-07-28T05:00:00+08:00,55.0,165,2.2,25.6,0.83,998.1,-99,0.0,-99,-99,-99,新北市,06,三峽區,057
24.940806,121.361500,三峽,C0AC60,2017-07-28T06:00:00+08:00,55.0,180,0.9,25.6,0.84,998.2,-99,0.0,-99,-99,-99,新北市,06,三峽區,057
24.940806,121.361500,三峽,C0AC60,2017-07-28T07:00:00+08:00,55.0,81,2.6,29.5,0.71,998.5,-99,0.0,7.7,75,2017-07-28T06:52:00+08:00,新北市,06,三峽區,057
24.940806,121.361500,三峽,C0AC60,2017-07-28T08:00:00+08:00,55.0,70,2.5,31.2,0.68,998.2,-99,0.0,-99,-99,-99,新北市,06,三峽區,057
24.940806,121.361500,三峽,C0AC60,2017-07-28T09:00:00+08:00,55.0,78,2.9,32.7,0.63,997.9,-99,0.0,-99,-99,-99,新北市,06,三峽區,057
24.940806,121.361500,三峽,C0AC60,2017-07-28T10:00:00+08:00,55.0,92,2.6,34.4,0.54,997.6,-99,0.0,-99,-99,-99,新北市,06,三峽區,057
24.940806,121.361500,三峽,C0AC60,2017-07-28T11:00:00+08:00,55.0,86,2.7,35.3,0.49,997.1,-99,0.0,-99,-99,-99,新北市,06,三峽區,057
24.940806,121.361500,三峽,C0AC60,2017-07-28T12:00:00+08:00,55.0,86,2.5,36.1,0.47,996.9,-99,0.0,7.7,96,2017-07-28T11:52:00+08:00,新北市,06,三峽區,057
24.940806,121.361500,三峽,C0AC60,2017-07-28T13:00:00+08:00,55.0,87,3.3,36.1,0.54,996.5,-99,0.0,8.8,43,2017-07-28T13:00:00+08:00,新北市,06,三峽區,057
24.940806,121.361500,三峽,C0AC60,2017-07-28T14:00:00+08:00,55.0,91,3.2,35.1,0.56,996.7,-99,0.0,-99,-99,-99,新北市,06,三峽區,057
24.940806,121.361500,三峽,C0AC60,2017-07-28T15:00:00+08:00,55.0,78,3.8,34.9,0.6,996.4,-99,0.0,12.6,79,2017-07-28T14:59:00+08:00,新北市,06,三峽區,057
24.940806,121.361500,三峽,C0AC60,2017-07-28T16:00:00+08:00,55.0,77,2.5,32.9,0.7,996.6,-99,0.0,7.7,46,2017-07-28T15:52:00+08:00,新北市,06,三峽區,057
24.940806,121.361500,三峽,C0AC60,2017-07-28T17:00:00+08:00,55.0,83,2.7,33.2,0.68,996.4,-99,0.0,-99,-99,-99,新北市,06,三峽區,057
24.940806,121.361500,三峽,C0AC60,2017-07-28T18:00:00+08:00,55.0,80,2.6,32.1,0.7,996.5,-99,0.0,7.7,64,2017-07-28T17:51:00+08:00,新北市,06,三峽區,057
24.940806,121.361500,三峽,C0AC60,2017-07-28T19:00:00+08:00,55.0,76,2.3,30.8,0.78,996.7,-99,0.0,-99,-99,-99,新北市,06,三峽區,057
24.940806,121.361500,三峽,C0AC60,2017-07-28T20:00:00+08:00,55.0,90,2.2,30.5,0.76,996.8,-99,0.0,-99,-99,-99,新北市,06,三峽區,057
24.940806,121.361500,三峽,C0AC60,2017-07-28T21:00:00+08:00,55.0,71,2.3,28.3,0.89,997.4,-99,0.0,7.7,82,2017-07-28T20:54:00+08:00,新北市,06,三峽區,057
24.940806,121.361500,三峽,C0AC60,2017-07-28T22:00:00+08:00,55.0,79,2.1,28.4,0.9,997.4,-99,0.0,-99,-99,-99,新北市,06,三峽區,057
24.940806,121.361500,三峽,C0AC60,2017-07-28T23:00:00+08:00,55.0,81,2.9,28.7,0.88,997.1,-99,0.0,-99,-99,-99,新北市,06,三峽區,057
24.940806,121.361500,三峽,C0AC60,2017-07-29T00:00:00+08:00,55.0,81,2.6,28.9,0.85,996.5,-99,0.0,-99,-99,-99,新北市,06,三峽區,057
24.940806,121.361500,三峽,C0AC60,2017-07-29T01:00:00+08:00,55.0,94,2.1,28.7,0.84,996.2,-99,0.0,-99,-99,-99,新北市,06,三峽區,057
24.940806,121.361500,三峽,C0AC60,2017-07-29T02:00:00+08:00,55.0,85,1.7,29.0,0.81,995.3,-99,0.0,-99,-99,-99,新北市,06,三峽區,057
24.940806,121.361500,三峽,C0AC60,2017-07-29T03:00:00+08:00,55.0,80,2.5,29.0,0.81,994.8,-99,0.0,-99,-99,-99,新北市,06,三峽區,057
24.940806,121.361500,三峽,C0AC60,2017-07-29T04:00:00+08:00,55.0,79,1.8,28.9,0.83,994.8,-99,0.0,-99,-99,-99,新北市,06,三峽區,057
24.940806,121.361500,三峽,C0AC60,2017-07-29T05:00:00+08:00,55.0,81,1.7,28.6,0.85,994.4,-99,0.0,-99,-99,-99,新北市,06,三峽區,057
24.940806,121.361500,三峽,C0AC60,2017-07-29T06:00:00+08:00,55.0,75,2.2,28.8,0.84,994.4,-99,0.0,-99,-99,-99,新北市,06,三峽區,057
24.940806,121.361500,三峽,C0AC60,2017-07-29T07:00:00+08:00,55.0,94,1.9,30.1,0.78,994.9,-99,0.0,-99,-99,-99,新北市,06,三峽區,057
24.940806,121.361500,三峽,C0AC60,2017-07-29T08:00:00+08:00,55.0,80,2.4,30.8,0.74,994.2,-99,0.0,7.7,72,2017-07-29T07:55:00+08:00,新北市,06,三峽區,057
24.940806,121.361500,三峽,C0AC60,2017-07-29T09:00:00+08:00,55.0,87,2.3,30.3,0.76,994.0,-99,0.0,8.2,60,2017-07-29T08:52:00+08:00,新北市,06,三峽區,057
24.940806,121.361500,三峽,C0AC60,2017-07-29T10:00:00+08:00,55.0,87,1.8,28.7,0.87,993.6,-99,1.0,-99,-99,-99,新北市,06,三峽區,057
24.940806,121.361500,三峽,C0AC60,2017-07-29T11:00:00+08:00,55.0,73,2.3,30.6,0.77,993.1,-99,1.0,-99,-99,-99,新北市,06,三峽區,057
24.940806,121.361500,三峽,C0AC60,2017-07-29T12:00:00+08:00,55.0,80,3.5,31.7,0.71,992.1,-99,1.0,9.9,57,2017-07-29T11:57:00+08:00,新北市,06,三峽區,057
24.940806,121.361500,三峽,C0AC60,2017-07-29T13:00:00+08:00,55.0,87,2.4,31.0,0.72,991.2,-99,1.0,8.8,98,2017-07-29T12:51:00+08:00,新北市,06,三峽區,057
24.940806,121.361500,三峽,C0AC60,2017-07-29T14:00:00+08:00,55.0,92,2.9,31.0,0.73,990.5,-99,1.0,8.8,100,2017-07-29T13:52:00+08:00,新北市,06,三峽區,057
24.940806,121.361500,三峽,C0AC60,2017-07-29T15:00:00+08:00,55.0,81,2.8,27.4,0.87,990.6,-99,2.5,-99,-99,-99,新北市,06,三峽區,057
24.940806,121.361500,三峽,C0AC60,2017-07-29T16:00:00+08:00,55.0,80,2.7,26.7,0.93,989.4,-99,3.5,-99,-99,-99,新北市,06,三峽區,057
24.940806,121.361500,三峽,C0AC60,2017-07-29T17:00:00+08:00,55.0,74,3.4,26.7,0.94,988.4,-99,11.0,-99,-99,-99,新北市,06,三峽區,057
24.940806,121.361500,三峽,C0AC60,2017-07-29T18:00:00+08:00,55.0,71,3.2,27.0,0.91,987.3,-99,12.5,-99,-99,-99,新北市,06,三峽區,057
24.940806,121.361500,三峽,C0AC60,2017-07-29T19:00:00+08:00,55.0,39,2.6,26.8,0.91,983.5,-99,15.5,10.4,23,2017-07-29T19:00:00+08:00,新北市,06,三峽區,057
24.940806,121.361500,三峽,C0AC60,2017-07-29T20:00:00+08:00,55.0,34,2.9,26.4,0.91,976.3,-99,21.5,14.8,71,2017-07-29T19:51:00+08:00,新北市,06,三峽區,057
24.940806,121.361500,三峽,C0AC60,2017-07-29T22:00:00+08:00,55.0,100,4.0,28.0,0.84,970.2,-99,29.5,12.1,78,2017-07-29T21:57:00+08:00,新北市,06,三峽區,057
24.940806,121.361500,三峽,C0AC60,2017-07-29T23:00:00+08:00,55.0,76,1.0,29.0,0.79,974.6,-99,31.0,-99,-99,-99,新北市,06,三峽區,057
24.940806,121.361500,三峽,C0AC60,2017-07-30T00:00:00+08:00,55.0,95,1.6,29.3,0.77,976.7,-99,32.0,-99,-99,-99,新北市,06,三峽區,057
24.940806,121.361500,三峽,C0AC60,2017-07-30T01:00:00+08:00,55.0,269,0.5,27.9,0.85,980.3,-99,-99,-99,-99,-99,新北市,06,三峽區,057
24.940806,121.361500,三峽,C0AC60,2017-07-30T02:00:00+08:00,55.0,163,1.1,27.9,0.86,982.1,-99,0.0,-99,-99,-99,新北市,06,三峽區,057
24.940806,121.361500,三峽,C0AC60,2017-07-30T03:00:00+08:00,55.0,164,0.9,26.9,0.91,983.6,-99,0.0,-99,-99,-99,新北市,06,三峽區,057
24.940806,121.361500,三峽,C0AC60,2017-07-30T04:00:00+08:00,55.0,163,1.5,26.8,0.92,985.1,-99,0.0,-99,-99,-99,新北市,06,三峽區,057
24.940806,121.361500,三峽,C0AC60,2017-07-30T05:00:00+08:00,55.0,175,0.6,26.6,0.93,986.1,-99,0.0,-99,-99,-99,新北市,06,三峽區,057
24.940806,121.361500,三峽,C0AC60,2017-07-30T06:00:00+08:00,55.0,312,0.4,26.5,0.95,987.5,-99,0.0,-99,-99,-99,新北市,06,三峽區,057
24.940806,121.361500,三峽,C0AC60,2017-07-30T07:00:00+08:00,55.0,0,0.2,27.4,0.9,988.7,-99,0.0,-99,-99,-99,新北市,06,三峽區,057
24.940806,121.361500,三峽,C0AC60,2017-07-30T08:00:00+08:00,55.0,0,0.1,29.8,0.82,989.7,-99,0.0,-99,-99,-99,新北市,06,三峽區,057
24.940806,121.361500,三峽,C0AC60,2017-07-30T09:00:00+08:00,55.0,0,0.1,31.5,0.73,990.0,-99,0.0,-99,-99,-99,新北市,06,三峽區,057
24.940806,121.361500,三峽,C0AC60,2017-07-30T10:00:00+08:00,55.0,44,1.6,32.7,0.65,989.9,-99,0.0,-99,-99,-99,新北市,06,三峽區,057
24.940806,121.361500,三峽,C0AC60,2017-07-30T11:00:00+08:00,55.0,31,0.6,34.1,0.56,989.8,-99,0.0,-99,-99,-99,新北市,06,三峽區,057
24.940806,121.361500,三峽,C0AC60,2017-07-30T12:00:00+08:00,55.0,94,1.6,35.4,0.53,989.0,-99,0.0,-99,-99,-99,新北市,06,三峽區,057
24.940806,121.361500,三峽,C0AC60,2017-07-30T13:00:00+08:00,55.0,73,1.2,34.7,0.54,988.5,-99,0.0,-99,-99,-99,新北市,06,三峽區,057
24.940806,121.361500,三峽,C0AC60,2017-07-30T14:00:00+08:00,55.0,91,2.1,35.1,0.53,987.8,-99,0.0,-99,-99,-99,新北市,06,三峽區,057
24.940806,121.361500,三峽,C0AC60,2017-07-30T15:00:00+08:00,55.0,90,2.2,32.4,0.65,988.0,-99,0.0,-99,-99,-99,新北市,06,三峽區,057
24.940806,121.361500,三峽,C0AC60,2017-07-30T16:00:00+08:00,55.0,83,2.1,32.7,0.61,987.2,-99,0.0,-99,-99,-99,新北市,06,三峽區,057
24.940806,121.361500,三峽,C0AC60,2017-07-30T17:00:00+08:00,55.0,213,0.7,31.2,0.67,986.5,-99,0.0,-99,-99,-99,新北市,06,三峽區,057
24.940806,121.361500,三峽,C0AC60,2017-07-30T18:00:00+08:00,55.0,88,1.4,31.1,0.65,986.1,-99,0.0,-99,-99,-99,新北市,06,三峽區,057
24.940806,121.361500,三峽,C0AC60,2017-07-30T19:00:00+08:00,55.0,93,0.9,30.6,0.67,985.1,-99,0.0,-99,-99,-99,新北市,06,三峽區,057
24.940806,121.361500,三峽,C0AC60,2017-07-30T20:00:00+08:00,55.0,100,2.7,30.9,0.67,985.1,-99,0.0,-99,-99,-99,新北市,06,三峽區,057
24.940806,121.361500,三峽,C0AC60,2017-07-30T21:00:00+08:00,55.0,97,3.4,30.0,0.74,985.5,-99,0.0,-99,-99,-99,新北市,06,三峽區,057
24.940806,121.361500,三峽,C0AC60,2017-07-30T22:00:00+08:00,55.0,94,1.8,30.9,0.68,985.4,-99,0.0,-99,-99,-99,新北市,06,三峽區,057
24.940806,121.361500,三峽,C0AC60,2017-07-30T23:00:00+08:00,55.0,225,0.3,30.3,0.7,986.0,-99,0.0,-99,-99,-99,新北市,06,三峽區,057
24.940806,121.361500,三峽,C0AC60,2017-07-31T00:00:00+08:00,55.0,90,1.2,30.6,0.68,985.4,-99,0.0,-99,-99,-99,新北市,06,三峽區,057
24.940806,121.361500,三峽,C0AC60,2017-07-31T01:00:00+08:00,55.0,313,0.5,28.1,0.84,986.1,-99,0.0,-99,-99,-99,新北市,06,三峽區,057
24.940806,121.361500,三峽,C0AC60,2017-07-31T02:00:00+08:00,55.0,0,0.0,28.5,0.8,986.2,-99,0.0,-99,-99,-99,新北市,06,三峽區,057
24.940806,121.361500,三峽,C0AC60,2017-07-31T03:00:00+08:00,55.0,294,0.3,28.0,0.84,987.1,-99,0.0,-99,-99,-99,新北市,06,三峽區,057
24.940806,121.361500,三峽,C0AC60,2017-07-31T04:00:00+08:00,55.0,177,0.3,28.4,0.8,988.1,-99,0.0,-99,-99,-99,新北市,06,三峽區,057
24.940806,121.361500,三峽,C0AC60,2017-07-31T05:00:00+08:00,55.0,89,1.5,27.6,0.85,988.0,-99,0.0,-99,-99,-99,新北市,06,三峽區,057
24.940806,121.361500,三峽,C0AC60,2017-07-31T06:00:00+08:00,55.0,0,0.0,26.7,0.93,990.7,-99,1.0,-99,-99,-99,新北市,06,三峽區,057
24.940806,121.361500,三峽,C0AC60,2017-07-31T07:00:00+08:00,55.0,167,0.4,26.2,0.97,991.4,-99,2.0,-99,-99,-99,新北市,06,三峽區,057
24.940806,121.361500,三峽,C0AC60,2017-07-31T08:00:00+08:00,55.0,221,0.4,26.2,0.97,992.8,-99,4.0,-99,-99,-99,新北市,06,三峽區,057
24.940806,121.361500,三峽,C0AC60,2017-07-31T09:00:00+08:00,55.0,103,0.3,26.5,0.95,992.8,-99,4.5,-99,-99,-99,新北市,06,三峽區,057
24.940806,121.361500,三峽,C0AC60,2017-07-31T10:00:00+08:00,55.0,92,1.9,26.3,0.97,992.9,-99,5.0,-99,-99,-99,新北市,06,三峽區,057
24.940806,121.361500,三峽,C0AC60,2017-07-31T11:00:00+08:00,55.0,0,0.0,27.4,0.89,993.6,-99,5.5,-99,-99,-99,新北市,06,三峽區,057
24.940806,121.361500,三峽,C0AC60,2017-07-31T12:00:00+08:00,55.0,301,0.6,27.1,0.91,994.7,-99,6.0,-99,-99,-99,新北市,06,三峽區,057
24.940806,121.361500,三峽,C0AC60,2017-07-31T13:00:00+08:00,55.0,0,0.0,27.3,0.92,993.8,-99,6.5,-99,-99,-99,新北市,06,三峽區,057
24.940806,121.361500,三峽,C0AC60,2017-07-31T14:00:00+08:00,55.0,115,0.6,27.9,0.9,993.4,-99,7.0,-99,-99,-99,新北市,06,三峽區,057
24.940806,121.361500,三峽,C0AC60,2017-07-31T15:00:00+08:00,55.0,0,0.0,29.0,0.8,994.2,-99,7.0,-99,-99,-99,新北市,06,三峽區,057
24.940806,121.361500,三峽,C0AC60,2017-07-31T16:00:00+08:00,55.0,98,1.5,29.4,0.85,992.4,-99,7.0,-99,-99,-99,新北市,06,三峽區,057
24.940806,121.361500,三峽,C0AC60,2017-07-31T17:00:00+08:00,55.0,76,1.2,30.4,0.73,992.6,-99,7.0,-99,-99,-99,新北市,06,三峽區,057
24.940806,121.361500,三峽,C0AC60,2017-07-31T18:00:00+08:00,55.0,197,1.5,28.6,0.86,993.8,-99,7.0,-99,-99,-99,新北市,06,三峽區,057
24.940806,121.361500,三峽,C0AC60,2017-07-31T19:00:00+08:00,55.0,176,0.3,28.0,0.88,995.1,-99,7.0,-99,-99,-99,新北市,06,三峽區,057
24.940806,121.361500,三峽,C0AC60,2017-07-31T20:00:00+08:00,55.0,163,0.9,27.3,0.92,995.3,-99,7.0,-99,-99,-99,新北市,06,三峽區,057
24.940806,121.361500,三峽,C0AC60,2017-07-31T21:00:00+08:00,55.0,220,0.3,27.2,0.91,996.3,-99,7.0,-99,-99,-99,新北市,06,三峽區,057
24.940806,121.361500,三峽,C0AC60,2017-07-31T22:00:00+08:00,55.0,314,0.7,27.2,0.9,996.7,-99,7.0,-99,-99,-99,新北市,06,三峽區,057
24.940806,121.361500,三峽,C0AC60,2017-07-31T23:00:00+08:00,55.0,208,1.3,26.5,0.87,996.7,-99,7.0,-99,-99,-99,新北市,06,三峽區,057
