24.940806,121.361500,三峽,C0AC60,2018-05-01T00:00:00+08:00,55.0,-99,-99,-99,-99,-99,-99,-99,-99,-99,-99,新北市,06,三峽區,057
24.940806,121.361500,三峽,C0AC60,2018-05-01T01:00:00+08:00,55.0,-99,-99,-99,-99,-99,-99,-99,-99,-99,-99,新北市,06,三峽區,057
24.940806,121.361500,三峽,C0AC60,2018-05-01T02:00:00+08:00,55.0,-99,-99,-99,-99,-99,-99,-99,-99,-99,-99,新北市,06,三峽區,057
24.940806,121.361500,三峽,C0AC60,2018-05-01T03:00:00+08:00,55.0,-99,-99,-99,-99,-99,-99,-99,-99,-99,-99,新北市,06,三峽區,057
24.940806,121.361500,三峽,C0AC60,2018-05-01T04:00:00+08:00,55.0,-99,-99,-99,-99,-99,-99,-99,-99,-99,-99,新北市,06,三峽區,057
24.940806,121.361500,三峽,C0AC60,2018-05-01T05:00:00+08:00,55.0,-99,-99,-99,-99,-99,-99,-99,-99,-99,-99,新北市,06,三峽區,057
24.940806,121.361500,三峽,C0AC60,2018-05-01T06:00:00+08:00,55.0,-99,-99,-99,-99,-99,-99,-99,-99,-99,-99,新北市,06,三峽區,057
24.940806,121.361500,三峽,C0AC60,2018-05-01T07:00:00+08:00,55.0,-99,-99,-99,-99,-99,-99,-99,-99,-99,-99,新北市,06,三峽區,057
24.940806,121.361500,三峽,C0AC60,2018-05-01T08:00:00+08:00,55.0,-99,-99,-99,-99,-99,-99,-99,-99,-99,-99,新北市,06,三峽區,057
24.940806,121.361500,三峽,C0AC60,2018-05-01T09:00:00+08:00,55.0,-99,-99,-99,-99,-99,-99,-99,-99,-99,-99,新北市,06,三峽區,057
24.940806,121.361500,三峽,C0AC60,2018-05-01T10:00:00+08:00,55.0,0,0.2,28.5,0.74,1008.1,-99,0.0,-99,-99,-99,新北市,06,三峽區,057
24.940806,121.361500,三峽,C0AC60,2018-05-01T11:00:00+08:00,55.0,323,1.3,29.6,0.68,1007.6,-99,0.0,-99,-99,-99,新北市,06,三峽區,057
24.940806,121.361500,三峽,C0AC60,2018-05-01T12:00:00+08:00,55.0,219,0.6,30.2,0.65,1007.0,-99,0.0,-99,-99,-99,新北市,06,三峽區,057
24.940806,121.361500,三峽,C0AC60,2018-05-01T13:00:00+08:00,55.0,256,1.2,30.8,0.64,1006.5,-99,0.0,-99,-99,-99,新北市,06,三峽區,057
24.940806,121.361500,三峽,C0AC60,2018-05-01T14:00:00+08:00,55.0,237,1.7,30.8,0.68,1005.8,-99,0.0,-99,-99,-99,新北市,06,三峽區,057
24.940806,121.361500,三峽,C0AC60,2018-05-01T15:00:00+08:00,55.0,298,1.9,29.5,0.74,1005.4,-99,0.0,-99,-99,-99,新北市,06,三峽區,057
24.940806,121.361500,三峽,C0AC60,2018-05-01T16:00:00+08:00,55.0,274,1.9,29.4,0.73,1005.1,-99,0.0,-99,-99,-99,新北市,06,三峽區,057
24.940806,121.361500,三峽,C0AC60,2018-05-01T17:00:00+08:00,55.0,239,0.5,28.9,0.76,1005.0,-99,0.0,-99,-99,-99,新北市,06,三峽區,057
24.940806,121.361500,三峽,C0AC60,2018-05-01T18:00:00+08:00,55.0,236,0.7,28.0,0.78,1005.3,-99,0.0,-99,-99,-99,新北市,06,三峽區,057
24.940806,121.361500,三峽,C0AC60,2018-05-01T19:00:00+08:00,55.0,0,0.0,27.6,0.8,1005.4,-99,0.0,-99,-99,-99,新北市,06,三峽區,057
24.940806,121.361500,三峽,C0AC60,2018-05-01T20:00:00+08:00,55.0,0,0.1,27.4,0.83,1005.8,-99,0.0,-99,-99,-99,新北市,06,三峽區,057
24.940806,121.361500,三峽,C0AC60,2018-05-01T21:00:00+08:00,55.0,165,0.8,27.0,0.86,1006.2,-99,0.0,-99,-99,-99,新北市,06,三峽區,057
24.940806,121.361500,三峽,C0AC60,2018-05-01T22:00:00+08:00,55.0,195,0.8,26.4,0.94,1006.1,-99,0.0,-99,-99,-99,新北市,06,三峽區,057
24.940806,121.361500,三峽,C0AC60,2018-05-01T23:00:00+08:00,55.0,166,1.3,25.5,0.98,1006.1,-99,0.0,-99,-99,-99,新北市,06,三峽區,057
24.940806,121.361500,三峽,C0AC60,2018-05-02T00:00:00+08:00,55.0,0,0.2,25.0,0.99,1006.0,-99,0.0,-99,-99,-99,新北市,06,三峽區,057
24.940806,121.361500,三峽,C0AC60,2018-05-02T01:00:00+08:00,55.0,216,1.0,24.3,1,1005.7,-99,0.0,-99,-99,-99,新北市,06,三峽區,057
24.940806,121.361500,三峽,C0AC60,2018-05-02T02:00:00+08:00,55.0,155,0.9,23.8,0.99,1005.2,-99,0.0,-99,-99,-99,新北市,06,三峽區,057
24.940806,121.361500,三峽,C0AC60,2018-05-02T03:00:00+08:00,55.0,0,0.0,24.0,0.99,1005.1,-99,0.0,-99,-99,-99,新北市,06,三峽區,057
24.940806,121.361500,三峽,C0AC60,2018-05-02T04:00:00+08:00,55.0,179,0.7,23.3,1,1005.2,-99,0.0,-99,-99,-99,新北市,06,三峽區,057
24.940806,121.361500,三峽,C0AC60,2018-05-02T05:00:00+08:00,55.0,196,0.8,23.2,0.99,1005.5,-99,0.0,-99,-99,-99,新北市,06,三峽區,057
24.940806,121.361500,三峽,C0AC60,2018-05-02T06:00:00+08:00,55.0,0,0.0,23.4,0.98,1006.1,-99,0.0,-99,-99,-99,新北市,06,三峽區,057
24.940806,121.361500,三峽,C0AC60,2018-05-02T07:00:00+08:00,55.0,0,0.0,24.7,0.91,1006.4,-99,0.0,-99,-99,-99,新北市,06,三峽區,057
24.940806,121.361500,三峽,C0AC60,2018-05-02T08:00:00+08:00,55.0,0,0.0,27.1,0.74,1006.4,-99,0.0,-99,-99,-99,新北市,06,三峽區,057
24.940806,121.361500,三峽,C0AC60,2018-05-02T09:00:00+08:00,55.0,285,0.9,29.0,0.69,1006.4,-99,0.0,-99,-99,-99,新北市,06,三峽區,057
24.940806,121.361500,三峽,C0AC60,2018-05-02T10:00:00+08:00,55.0,289,1.3,30.8,0.59,1006.0,-99,0.0,-99,-99,-99,新北市,06,三峽區,057
24.940806,121.361500,三峽,C0AC60,2018-05-02T11:00:00+08:00,55.0,273,2.9,32.1,0.52,1005.8,-99,0.0,8.2,274,2018-05-02T10:08:00+08:00,新北市,06,三峽區,057
24.940806,121.361500,三峽,C0AC60,2018-05-02T12:00:00+08:00,55.0,285,2.5,31.4,0.62,1005.5,-99,0.0,8.2,252,2018-05-02T11:56:00+08:00,新北市,06,三峽區,057
24.940806,121.361500,三峽,C0AC60,2018-05-02T13:00:00+08:00,55.0,288,2.6,31.5,0.63,1005.1,-99,0.0,-99,-99,-99,新北市,06,三峽區,057
24.940806,121.361500,三峽,C0AC60,2018-05-02T14:00:00+08:00,55.0,272,1.7,32.0,0.62,1004.5,-99,0.0,-99,-99,-99,新北市,06,三峽區,057
24.940806,121.361500,三峽,C0AC60,2018-05-02T15:00:00+08:00,55.0,271,1.9,32.5,0.59,1004.0,-99,0.0,7.7,227,2018-05-02T14:44:00+08:00,新北市,06,三峽區,057
24.940806,121.361500,三峽,C0AC60,2018-05-02T16:00:00+08:00,55.0,285,2.0,32.2,0.61,1004.3,-99,0.0,-99,-99,-99,新北市,06,三峽區,057
24.940806,121.361500,三峽,C0AC60,2018-05-02T17:00:00+08:00,55.0,332,1.5,31.9,0.61,1004.1,-99,0.0,-99,-99,-99,新北市,06,三峽區,057
24.940806,121.361500,三峽,C0AC60,2018-05-02T18:00:00+08:00,55.0,13,1.2,30.2,0.67,1005.0,-99,0.0,-99,-99,-99,新北市,06,三峽區,057
24.940806,121.361500,三峽,C0AC60,2018-05-02T19:00:00+08:00,55.0,0,0.1,29.4,0.72,1005.7,-99,0.0,-99,-99,-99,新北市,06,三峽區,057
24.940806,121.361500,三峽,C0AC60,2018-05-02T20:00:00+08:00,55.0,0,0.0,28.6,0.77,1006.7,-99,0.0,-99,-99,-99,新北市,06,三峽區,057
24.940806,121.361500,三峽,C0AC60,2018-05-02T21:00:00+08:00,55.0,89,1.8,27.9,0.82,1006.5,-99,0.0,-99,-99,-99,新北市,06,三峽區,057
24.940806,121.361500,三峽,C0AC60,2018-05-02T22:00:00+08:00,55.0,92,0.6,27.5,0.88,1006.8,-99,0.0,-99,-99,-99,新北市,06,三峽區,057
24.940806,121.361500,三峽,C0AC60,2018-05-02T23:00:00+08:00,55.0,102,0.9,27.0,0.89,1007.2,-99,0.0,-99,-99,-99,新北市,06,三峽區,057
24.940806,121.361500,三峽,C0AC60,2018-05-03T00:00:00+08:00,55.0,93,0.9,26.9,0.91,1007.1,-99,0.0,-99,-99,-99,新北市,06,三峽區,057
24.940806,121.361500,三峽,C0AC60,2018-05-03T01:00:00+08:00,55.0,75,2.3,25.6,0.9,1007.7,-99,0.0,7.7,99,2018-05-03T00:44:00+08:00,新北市,06,三峽區,057
24.940806,121.361500,三峽,C0AC60,2018-05-03T02:00:00+08:00,55.0,96,2.2,24.7,0.88,1008.0,-99,0.0,7.7,74,2018-05-03T01:31:00+08:00,新北市,06,三峽區,057
24.940806,121.361500,三峽,C0AC60,2018-05-03T03:00:00+08:00,55.0,94,2.0,24.0,0.89,1008.0,-99,0.0,7.7,66,2018-05-03T02:12:00+08:00,新北市,06,三峽區,057
24.940806,121.361500,三峽,C0AC60,2018-05-03T04:00:00+08:00,55.0,98,1.8,24.0,0.86,1008.7,-99,0.0,7.7,69,2018-05-03T03:12:00+08:00,新北市,06,三峽區,057
24.940806,121.361500,三峽,C0AC60,2018-05-03T05:00:00+08:00,55.0,91,2.0,23.6,0.86,1009.1,-99,0.0,-99,-99,-99,新北市,06,三峽區,057
24.940806,121.361500,三峽,C0AC60,2018-05-03T06:00:00+08:00,55.0,95,2.4,22.5,0.93,1010.0,-99,0.0,7.7,81,2018-05-03T05:52:00+08:00,新北市,06,三峽區,057
24.940806,121.361500,三峽,C0AC60,2018-05-03T07:00:00+08:00,55.0,99,2.8,21.6,0.92,1010.8,-99,0.0,8.2,89,2018-05-03T06:52:00+08:00,新北市,06,三峽區,057
24.940806,121.361500,三峽,C0AC60,2018-05-03T08:00:00+08:00,55.0,94,2.4,21.7,0.9,1011.5,-99,0.0,-99,-99,-99,新北市,06,三峽區,057
24.940806,121.361500,三峽,C0AC60,2018-05-03T09:00:00+08:00,55.0,94,2.3,21.6,0.9,1012.1,-99,0.0,7.7,94,2018-05-03T08:02:00+08:00,新北市,06,三峽區,057
24.940806,121.361500,三峽,C0AC60,2018-05-03T10:00:00+08:00,55.0,90,2.6,22.1,0.77,1012.2,-99,0.0,9.9,102,2018-05-03T09:27:00+08:00,新北市,06,三峽區,057
24.940806,121.361500,三峽,C0AC60,2018-05-03T11:00:00+08:00,55.0,85,3.2,22.0,0.76,1012.3,-99,0.0,11.0,64,2018-05-03T10:34:00+08:00,新北市,06,三峽區,057
24.940806,121.361500,三峽,C0AC60,2018-05-03T12:00:00+08:00,55.0,87,2.9,21.9,0.77,1012.1,-99,0.0,10.4,85,2018-05-03T11:58:00+08:00,新北市,06,三峽區,057
24.940806,121.361500,三峽,C0AC60,2018-05-03T13:00:00+08:00,55.0,93,2.4,20.7,0.93,1012.2,-99,0.0,10.4,54,2018-05-03T12:14:00+08:00,新北市,06,三峽區,057
24.940806,121.361500,三峽,C0AC60,2018-05-03T14:00:00+08:00,55.0,90,1.7,20.0,0.98,1011.8,-99,2.0,8.2,78,2018-05-03T13:03:00+08:00,新北市,06,三峽區,057
24.940806,121.361500,三峽,C0AC60,2018-05-03T15:00:00+08:00,55.0,87,2.3,20.6,0.96,1010.4,-99,2.0,-99,-99,-99,新北市,06,三峽區,057
24.940806,121.361500,三峽,C0AC60,2018-05-03T16:00:00+08:00,55.0,93,2.4,20.7,0.94,1010.4,-99,2.0,8.2,61,2018-05-03T15:31:00+08:00,新北市,06,三峽區,057
24.940806,121.361500,三峽,C0AC60,2018-05-03T18:00:00+08:00,55.0,89,2.6,20.4,0.91,1010.8,-99,2.0,9.3,82,2018-05-03T17:45:00+08:00,新北市,06,三峽區,057
24.940806,121.361500,三峽,C0AC60,2018-05-03T19:00:00+08:00,55.0,95,2.3,20.5,0.88,1011.2,-99,2.0,-99,-99,-99,新北市,06,三峽區,057
24.940806,121.361500,三峽,C0AC60,2018-05-03T20:00:00+08:00,55.0,87,3.4,20.8,0.87,1011.2,-99,2.0,-99,-99,-99,新北市,06,三峽區,057
24.940806,121.361500,三峽,C0AC60,2018-05-03T21:00:00+08:00,55.0,83,3.0,21.0,0.82,1011.2,-99,2.0,-99,-99,-99,新北市,06,三峽區,057
24.940806,121.361500,三峽,C0AC60,2018-05-03T22:00:00+08:00,55.0,79,2.1,21.2,0.75,1011.4,-99,2.0,8.8,47,2018-05-03T21:49:00+08:00,新北市,06,三峽區,057
24.940806,121.361500,三峽,C0AC60,2018-05-03T23:00:00+08:00,55.0,83,3.0,21.4,0.72,1011.0,-99,2.0,9.3,52,2018-05-03T22:58:00+08:00,新北市,06,三峽區,057
24.940806,121.361500,三峽,C0AC60,2018-05-04T00:00:00+08:00,55.0,83,2.9,21.3,0.74,1010.5,-99,2.0,8.2,53,2018-05-03T23:55:00+08:00,新北市,06,三峽區,057
24.940806,121.361500,三峽,C0AC60,2018-05-04T01:00:00+08:00,55.0,84,3.0,21.4,0.72,1010.3,-99,0.0,9.9,82,2018-05-04T00:40:00+08:00,新北市,06,三峽區,057
24.940806,121.361500,三峽,C0AC60,2018-05-04T02:00:00+08:00,55.0,78,3.8,21.2,0.72,1009.9,-99,0.0,11.0,59,2018-05-04T01:31:00+08:00,新北市,06,三峽區,057
24.940806,121.361500,三峽,C0AC60,2018-05-04T03:00:00+08:00,55.0,83,3.7,21.4,0.71,1010.3,-99,0.0,10.4,76,2018-05-04T02:14:00+08:00,新北市,06,三峽區,057
24.940806,121.361500,三峽,C0AC60,2018-05-04T04:00:00+08:00,55.0,79,3.9,21.4,0.71,1009.9,-99,0.0,9.3,65,2018-05-04T03:58:00+08:00,新北市,06,三峽區,057
24.940806,121.361500,三峽,C0AC60,2018-05-04T05:00:00+08:00,55.0,80,4.2,21.4,0.7,1009.7,-99,0.0,10.4,52,2018-05-04T04:28:00+08:00,新北市,06,三峽區,057
24.940806,121.361500,三峽,C0AC60,2018-05-04T06:00:00+08:00,55.0,81,3.8,21.6,0.68,1010.1,-99,0.0,11.0,54,2018-05-04T05:45:00+08:00,新北市,06,三峽區,057
24.940806,121.361500,三峽,C0AC60,2018-05-04T07:00:00+08:00,55.0,80,4.2,22.3,0.66,1010.5,-99,0.0,11.0,90,2018-05-04T06:28:00+08:00,新北市,06,三峽區,057
24.940806,121.361500,三峽,C0AC60,2018-05-04T08:00:00+08:00,55.0,79,3.3,23.0,0.63,1010.8,-99,0.0,10.4,89,2018-05-04T07:36:00+08:00,新北市,06,三峽區,057
24.940806,121.361500,三峽,C0AC60,2018-05-04T09:00:00+08:00,55.0,77,3.0,24.2,0.59,1011.0,-99,0.0,9.9,74,2018-05-04T08:05:00+08:00,新北市,06,三峽區,057
24.940806,121.361500,三峽,C0AC60,2018-05-04T10:00:00+08:00,55.0,76,3.8,25.4,0.55,1010.9,-99,0.0,10.4,83,2018-05-04T09:06:00+08:00,新北市,06,三峽區,057
24.940806,121.361500,三峽,C0AC60,2018-05-04T11:00:00+08:00,55.0,76,3.2,26.5,0.52,1010.6,-99,0.0,9.3,80,2018-05-04T10:45:00+08:00,新北市,06,三峽區,057
24.940806,121.361500,三峽,C0AC60,2018-05-04T12:00:00+08:00,55.0,74,3.3,27.1,0.52,1010.4,-99,0.0,9.3,44,2018-05-04T11:13:00+08:00,新北市,06,三峽區,057
24.940806,121.361500,三峽,C0AC60,2018-05-04T13:00:00+08:00,55.0,74,3.5,27.9,0.51,1009.6,-99,0.0,10.4,77,2018-05-04T12:03:00+08:00,新北市,06,三峽區,057
24.940806,121.361500,三峽,C0AC60,2018-05-04T14:00:00+08:00,55.0,67,2.9,26.8,0.55,1009.3,-99,0.0,8.8,87,2018-05-04T13:19:00+08:00,新北市,06,三峽區,057
24.940806,121.361500,三峽,C0AC60,2018-05-04T15:00:00+08:00,55.0,74,3.0,26.3,0.57,1009.1,-99,0.0,9.3,85,2018-05-04T14:20:00+08:00,新北市,06,三峽區,057
24.940806,121.361500,三峽,C0AC60,2018-05-04T16:00:00+08:00,55.0,76,2.5,25.7,0.59,1008.9,-99,0.0,8.8,79,2018-05-04T15:06:00+08:00,新北市,06,三峽區,057
24.940806,121.361500,三峽,C0AC60,2018-05-04T17:00:00+08:00,55.0,82,2.8,24.9,0.62,1009.3,-99,0.0,-99,-99,-99,新北市,06,三峽區,057
24.940806,121.361500,三峽,C0AC60,2018-05-04T18:00:00+08:00,55.0,80,2.4,24.5,0.65,1009.6,-99,0.0,9.3,74,2018-05-04T17:13:00+08:00,新北市,06,三峽區,057
24.940806,121.361500,三峽,C0AC60,2018-05-04T19:00:00+08:00,55.0,78,2.7,24.2,0.66,1009.6,-99,0.0,-99,-99,-99,新北市,06,三峽區,057
24.940806,121.361500,三峽,C0AC60,2018-05-04T20:00:00+08:00,55.0,87,2.6,24.1,0.67,1010.3,-99,0.0,-99,-99,-99,新北市,06,三峽區,057
24.940806,121.361500,三峽,C0AC60,2018-05-04T21:00:00+08:00,55.0,91,0.6,24.0,0.68,1010.4,-99,0.0,-99,-99,-99,新北市,06,三峽區,057
24.940806,121.361500,三峽,C0AC60,2018-05-04T22:00:00+08:00,55.0,0,0.1,23.8,0.71,1010.8,-99,0.0,-99,-99,-99,新北市,06,三峽區,057
24.940806,121.361500,三峽,C0AC60,2018-05-04T23:00:00+08:00,55.0,0,0.1,23.2,0.79,1010.7,-99,0.0,-99,-99,-99,新北市,06,三峽區,057
24.940806,121.361500,三峽,C0AC60,2018-05-05T00:00:00+08:00,55.0,160,1.2,22.8,0.84,1010.4,-99,0.0,-99,-99,-99,新北市,06,三峽區,057
24.940806,121.361500,三峽,C0AC60,2018-05-05T01:00:00+08:00,55.0,156,1.1,22.5,0.89,1010.1,-99,0.0,-99,-99,-99,新北市,06,三峽區,057
24.940806,121.361500,三峽,C0AC60,2018-05-05T02:00:00+08:00,55.0,0,0.0,22.5,0.91,1009.8,-99,0.0,-99,-99,-99,新北市,06,三峽區,057
24.940806,121.361500,三峽,C0AC60,2018-05-05T03:00:00+08:00,55.0,0,0.1,22.6,0.9,1009.9,-99,0.0,-99,-99,-99,新北市,06,三峽區,057
24.940806,121.361500,三峽,C0AC60,2018-05-05T04:00:00+08:00,55.0,149,0.6,22.2,0.94,1010.1,-99,0.0,-99,-99,-99,新北市,06,三峽區,057
24.940806,121.361500,三峽,C0AC60,2018-05-05T05:00:00+08:00,55.0,0,0.1,21.9,0.96,1009.9,-99,0.0,-99,-99,-99,新北市,06,三峽區,057
24.940806,121.361500,三峽,C0AC60,2018-05-05T06:00:00+08:00,55.0,163,0.9,21.8,0.95,1010.5,-99,0.0,-99,-99,-99,新北市,06,三峽區,057
24.940806,121.361500,三峽,C0AC60,2018-05-05T07:00:00+08:00,55.0,154,1.1,22.7,0.93,1011.2,-99,0.0,-99,-99,-99,新北市,06,三峽區,057
24.940806,121.361500,三峽,C0AC60,2018-05-05T08:00:00+08:00,55.0,90,0.7,24.3,0.78,1011.3,-99,0.0,-99,-99,-99,新北市,06,三峽區,057
24.940806,121.361500,三峽,C0AC60,2018-05-05T09:00:00+08:00,55.0,86,0.3,26.5,0.69,1011.4,-99,0.0,-99,-99,-99,新北市,06,三峽區,057
24.940806,121.361500,三峽,C0AC60,2018-05-05T10:00:00+08:00,55.0,69,0.6,28.5,0.59,1011.1,-99,0.0,-99,-99,-99,新北市,06,三峽區,057
24.940806,121.361500,三峽,C0AC60,2018-05-05T11:00:00+08:00,55.0,0,0.1,29.1,0.59,1010.5,-99,0.0,-99,-99,-99,新北市,06,三峽區,057
24.940806,121.361500,三峽,C0AC60,2018-05-05T12:00:00+08:00,55.0,349,0.4,28.9,0.65,1009.9,-99,0.0,-99,-99,-99,新北市,06,三峽區,057
24.940806,121.361500,三峽,C0AC60,2018-05-05T13:00:00+08:00,55.0,9,0.3,29.6,0.64,1009.0,-99,0.0,-99,-99,-99,新北市,06,三峽區,057
24.940806,121.361500,三峽,C0AC60,2018-05-05T14:00:00+08:00,55.0,232,0.5,28.6,0.71,1008.4,-99,0.0,-99,-99,-99,新北市,06,三峽區,057
24.940806,121.361500,三峽,C0AC60,2018-05-05T15:00:00+08:00,55.0,339,0.8,29.3,0.68,1008.0,-99,0.0,-99,-99,-99,新北市,06,三峽區,057
24.940806,121.361500,三峽,C0AC60,2018-05-05T16:00:00+08:00,55.0,342,1.3,28.6,0.71,1007.9,-99,0.0,-99,-99,-99,新北市,06,三峽區,057
24.940806,121.361500,三峽,C0AC60,2018-05-05T17:00:00+08:00,55.0,349,1.4,28.1,0.71,1008.0,-99,0.0,-99,-99,-99,新北市,06,三峽區,057
24.940806,121.361500,三峽,C0AC60,2018-05-05T18:00:00+08:00,55.0,0,0.0,27.7,0.75,1008.6,-99,0.0,-99,-99,-99,新北市,06,三峽區,057
24.940806,121.361500,三峽,C0AC60,2018-05-05T19:00:00+08:00,55.0,0,0.0,27.5,0.72,1009.1,-99,0.0,-99,-99,-99,新北市,06,三峽區,057
24.940806,121.361500,三峽,C0AC60,2018-05-05T20:00:00+08:00,55.0,177,0.3,26.0,0.86,1009.2,-99,0.0,-99,-99,-99,新北市,06,三峽區,057
24.940806,121.361500,三峽,C0AC60,2018-05-05T21:00:00+08:00,55.0,0,0.0,25.5,0.91,1009.5,-99,0.0,-99,-99,-99,新北市,06,三峽區,057
24.940806,121.361500,三峽,C0AC60,2018-05-05T22:00:00+08:00,55.0,156,1.1,24.7,0.96,1009.7,-99,0.0,-99,-99,-99,新北市,06,三峽區,057
24.940806,121.361500,三峽,C0AC60,2018-05-05T23:00:00+08:00,55.0,0,0.1,24.0,0.99,1009.5,-99,0.0,-99,-99,-99,新北市,06,三峽區,057
24.940806,121.361500,三峽,C0AC60,2018-05-06T00:00:00+08:00,55.0,218,0.4,23.9,0.97,1009.0,-99,0.0,-99,-99,-99,新北市,06,三峽區,057
24.940806,121.361500,三峽,C0AC60,2018-05-06T01:00:00+08:00,55.0,212,0.3,23.6,0.98,1008.4,-99,0.0,-99,-99,-99,新北市,06,三峽區,057
24.940806,121.361500,三峽,C0AC60,2018-05-06T02:00:00+08:00,55.0,197,1.1,23.1,0.99,1007.7,-99,0.0,-99,-99,-99,新北市,06,三峽區,057
24.940806,121.361500,三峽,C0AC60,2018-05-06T03:00:00+08:00,55.0,0,0.2,23.0,0.98,1007.6,-99,0.0,-99,-99,-99,新北市,06,三峽區,057
24.940806,121.361500,三峽,C0AC60,2018-05-06T04:00:00+08:00,55.0,0,0.2,23.1,0.96,1007.3,-99,0.0,-99,-99,-99,新北市,06,三峽區,057
24.940806,121.361500,三峽,C0AC60,2018-05-06T05:00:00+08:00,55.0,164,1.2,23.2,0.96,1007.1,-99,0.0,-99,-99,-99,新北市,06,三峽區,057
24.940806,121.361500,三峽,C0AC60,2018-05-06T06:00:00+08:00,55.0,0,0.1,23.3,0.96,1006.9,-99,0.0,-99,-99,-99,新北市,06,三峽區,057
24.940806,121.361500,三峽,C0AC60,2018-05-06T07:00:00+08:00,55.0,0,0.0,24.4,0.92,1007.1,-99,0.0,-99,-99,-99,新北市,06,三峽區,057
24.940806,121.361500,三峽,C0AC60,2018-05-06T08:00:00+08:00,55.0,0,0.2,26.4,0.82,1007.2,-99,0.0,-99,-99,-99,新北市,06,三峽區,057
24.940806,121.361500,三峽,C0AC60,2018-05-06T09:00:00+08:00,55.0,0,0.1,29.0,0.64,1007.1,-99,0.0,-99,-99,-99,新北市,06,三峽區,057
24.940806,121.361500,三峽,C0AC60,2018-05-06T10:00:00+08:00,55.0,332,0.8,29.4,0.59,1006.9,-99,0.0,-99,-99,-99,新北市,06,三峽區,057
24.940806,121.361500,三峽,C0AC60,2018-05-06T11:00:00+08:00,55.0,250,1.5,31.4,0.54,1006.3,-99,0.0,-99,-99,-99,新北市,06,三峽區,057
24.940806,121.361500,三峽,C0AC60,2018-05-06T12:00:00+08:00,55.0,322,2.1,30.5,0.67,1005.7,-99,0.0,-99,-99,-99,新北市,06,三峽區,057
24.940806,121.361500,三峽,C0AC60,2018-05-06T13:00:00+08:00,55.0,297,2.0,30.4,0.66,1005.0,-99,0.0,-99,-99,-99,新北市,06,三峽區,057
24.940806,121.361500,三峽,C0AC60,2018-05-06T14:00:00+08:00,55.0,292,1.2,30.8,0.65,1004.2,-99,0.0,6.6,239,2018-05-06T13:12:00+08:00,新北市,06,三峽區,057
24.940806,121.361500,三峽,C0AC60,2018-05-06T15:00:00+08:00,55.0,0,0.1,31.0,0.64,1003.4,-99,0.0,-99,-99,-99,新北市,06,三峽區,057
24.940806,121.361500,三峽,C0AC60,2018-05-06T16:00:00+08:00,55.0,84,2.3,30.6,0.64,1003.0,-99,0.0,-99,-99,-99,新北市,06,三峽區,057
24.940806,121.361500,三峽,C0AC60,2018-05-06T17:00:00+08:00,55.0,285,1.3,30.1,0.66,1003.4,-99,0.0,-99,-99,-99,新北市,06,三峽區,057
24.940806,121.361500,三峽,C0AC60,2018-05-06T18:00:00+08:00,55.0,239,1.8,29.3,0.69,1003.8,-99,0.0,-99,-99,-99,新北市,06,三峽區,057
24.940806,121.361500,三峽,C0AC60,2018-05-06T19:00:00+08:00,55.0,243,0.6,28.9,0.74,1004.0,-99,0.0,-99,-99,-99,新北市,06,三峽區,057
24.940806,121.361500,三峽,C0AC60,2018-05-06T20:00:00+08:00,55.0,0,0.0,28.3,0.8,1004.3,-99,0.0,-99,-99,-99,新北市,06,三峽區,057
24.940806,121.361500,三峽,C0AC60,2018-05-06T21:00:00+08:00,55.0,94,1.3,27.5,0.86,1004.2,-99,0.0,-99,-99,-99,新北市,06,三峽區,057
24.940806,121.361500,三峽,C0AC60,2018-05-06T22:00:00+08:00,55.0,0,0.0,27.1,0.92,1004.0,-99,0.0,-99,-99,-99,新北市,06,三峽區,057
24.940806,121.361500,三峽,C0AC60,2018-05-06T23:00:00+08:00,55.0,171,1.0,26.1,0.96,1004.0,-99,0.0,-99,-99,-99,新北市,06,三峽區,057
24.940806,121.361500,三峽,C0AC60,2018-05-07T00:00:00+08:00,55.0,169,0.8,25.8,0.97,1004.0,-99,0.0,-99,-99,-99,新北市,06,三峽區,057
24.940806,121.361500,三峽,C0AC60,2018-05-07T01:00:00+08:00,55.0,176,0.5,25.4,0.98,1003.4,-99,0.0,-99,-99,-99,新北市,06,三峽區,057
24.940806,121.361500,三峽,C0AC60,2018-05-07T02:00:00+08:00,55.0,205,1.1,25.2,0.98,1002.6,-99,0.0,-99,-99,-99,新北市,06,三峽區,057
24.940806,121.361500,三峽,C0AC60,2018-05-07T03:00:00+08:00,55.0,176,1.0,25.0,0.99,1002.4,-99,0.0,-99,-99,-99,新北市,06,三峽區,057
24.940806,121.361500,三峽,C0AC60,2018-05-07T04:00:00+08:00,55.0,165,0.3,24.8,1,1002.5,-99,0.0,-99,-99,-99,新北市,06,三峽區,057
24.940806,121.361500,三峽,C0AC60,2018-05-07T05:00:00+08:00,55.0,166,0.8,24.5,0.99,1002.5,-99,0.0,-99,-99,-99,新北市,06,三峽區,057
24.940806,121.361500,三峽,C0AC60,2018-05-07T06:00:00+08:00,55.0,204,0.3,24.6,0.99,1002.7,-99,0.0,-99,-99,-99,新北市,06,三峽區,057
24.940806,121.361500,三峽,C0AC60,2018-05-07T07:00:00+08:00,55.0,221,0.5,25.2,0.96,1003.1,-99,0.0,-99,-99,-99,新北市,06,三峽區,057
24.940806,121.361500,三峽,C0AC60,2018-05-07T08:00:00+08:00,55.0,0,0.0,27.1,0.89,1003.5,-99,0.0,-99,-99,-99,新北市,06,三峽區,057
24.940806,121.361500,三峽,C0AC60,2018-05-07T09:00:00+08:00,55.0,0,0.0,28.7,0.79,1003.5,-99,0.0,-99,-99,-99,新北市,06,三峽區,057
24.940806,121.361500,三峽,C0AC60,2018-05-07T10:00:00+08:00,55.0,0,0.0,30.6,0.71,1003.1,-99,0.0,-99,-99,-99,新北市,06,三峽區,057
24.940806,121.361500,三峽,C0AC60,2018-05-07T11:00:00+08:00,55.0,289,1.0,31.6,0.62,1002.3,-99,0.0,-99,-99,-99,新北市,06,三峽區,057
24.940806,121.361500,三峽,C0AC60,2018-05-07T12:00:00+08:00,55.0,266,2.1,33.5,0.48,1001.2,-99,0.0,-99,-99,-99,新北市,06,三峽區,057
24.940806,121.361500,三峽,C0AC60,2018-05-07T13:00:00+08:00,55.0,270,1.9,33.7,0.49,1000.7,-99,0.0,-99,-99,-99,新北市,06,三峽區,057
24.940806,121.361500,三峽,C0AC60,2018-05-07T14:00:00+08:00,55.0,255,2.0,33.8,0.48,999.8,-99,0.0,9.9,280,2018-05-07T13:06:00+08:00,新北市,06,三峽區,057
24.940806,121.361500,三峽,C0AC60,2018-05-07T15:00:00+08:00,55.0,280,2.8,33.4,0.55,999.3,-99,0.0,-99,-99,-99,新北市,06,三峽區,057
24.940806,121.361500,三峽,C0AC60,2018-05-07T16:00:00+08:00,55.0,279,1.7,32.7,0.59,999.2,-99,0.0,8.2,308,2018-05-07T15:17:00+08:00,新北市,06,三峽區,057
24.940806,121.361500,三峽,C0AC60,2018-05-07T17:00:00+08:00,55.0,311,0.8,31.5,0.63,999.5,-99,0.0,-99,-99,-99,新北市,06,三峽區,057
24.940806,121.361500,三峽,C0AC60,2018-05-07T18:00:00+08:00,55.0,119,0.7,31.0,0.63,999.6,-99,0.0,-99,-99,-99,新北市,06,三峽區,057
24.940806,121.361500,三峽,C0AC60,2018-05-07T19:00:00+08:00,55.0,96,1.6,29.6,0.75,1000.0,-99,0.0,-99,-99,-99,新北市,06,三峽區,057
24.940806,121.361500,三峽,C0AC60,2018-05-07T20:00:00+08:00,55.0,0,0.0,29.0,0.8,1000.3,-99,0.0,-99,-99,-99,新北市,06,三峽區,057
24.940806,121.361500,三峽,C0AC60,2018-05-07T21:00:00+08:00,55.0,85,0.7,28.1,0.88,1000.7,-99,0.0,-99,-99,-99,新北市,06,三峽區,057
24.940806,121.361500,三峽,C0AC60,2018-05-07T22:00:00+08:00,55.0,0,0.1,27.9,0.87,1000.8,-99,0.0,-99,-99,-99,新北市,06,三峽區,057
24.940806,121.361500,三峽,C0AC60,2018-05-07T23:00:00+08:00,55.0,0,0.0,27.2,0.93,1001.2,-99,0.0,-99,-99,-99,新北市,06,三峽區,057
24.940806,121.361500,三峽,C0AC60,2018-05-08T00:00:00+08:00,55.0,0,0.2,26.5,0.95,1000.5,-99,0.0,-99,-99,-99,新北市,06,三峽區,057
24.940806,121.361500,三峽,C0AC60,2018-05-08T01:00:00+08:00,55.0,0,0.0,26.6,0.94,1000.1,-99,0.0,-99,-99,-99,新北市,06,三峽區,057
24.940806,121.361500,三峽,C0AC60,2018-05-08T02:00:00+08:00,55.0,0,0.0,26.6,0.95,1000.5,-99,0.0,-99,-99,-99,新北市,06,三峽區,057
24.940806,121.361500,三峽,C0AC60,2018-05-08T03:00:00+08:00,55.0,230,1.8,22.1,1,1001.8,-99,12.5,9.3,335,2018-05-08T02:18:00+08:00,新北市,06,三峽區,057
24.940806,121.361500,三峽,C0AC60,2018-05-08T04:00:00+08:00,55.0,225,1.0,22.1,0.99,1001.9,-99,19.0,-99,-99,-99,新北市,06,三峽區,057
24.940806,121.361500,三峽,C0AC60,2018-05-08T05:00:00+08:00,55.0,279,0.3,22.2,0.99,1001.2,-99,24.0,-99,-99,-99,新北市,06,三峽區,057
24.940806,121.361500,三峽,C0AC60,2018-05-08T06:00:00+08:00,55.0,0,0.0,22.9,0.99,1000.8,-99,26.5,-99,-99,-99,新北市,06,三峽區,057
24.940806,121.361500,三峽,C0AC60,2018-05-08T07:00:00+08:00,55.0,0,0.0,23.1,1,1001.1,-99,27.0,-99,-99,-99,新北市,06,三峽區,057
24.940806,121.361500,三峽,C0AC60,2018-05-08T08:00:00+08:00,55.0,236,2.1,24.8,0.91,1002.1,-99,27.0,-99,-99,-99,新北市,06,三峽區,057
24.940806,121.361500,三峽,C0AC60,2018-05-08T09:00:00+08:00,55.0,226,2.5,25.2,0.9,1002.6,-99,27.0,-99,-99,-99,新北市,06,三峽區,057
24.940806,121.361500,三峽,C0AC60,2018-05-08T10:00:00+08:00,55.0,255,2.2,27.3,0.76,1002.6,-99,27.0,-99,-99,-99,新北市,06,三峽區,057
24.940806,121.361500,三峽,C0AC60,2018-05-08T11:00:00+08:00,55.0,242,2.0,29.1,0.73,1002.3,-99,27.0,-99,-99,-99,新北市,06,三峽區,057
24.940806,121.361500,三峽,C0AC60,2018-05-08T12:00:00+08:00,55.0,283,2.3,30.0,0.67,1002.3,-99,27.0,9.3,311,2018-05-08T11:40:00+08:00,新北市,06,三峽區,057
24.940806,121.361500,三峽,C0AC60,2018-05-08T13:00:00+08:00,55.0,300,3.1,29.0,0.65,1002.3,-99,27.0,8.8,318,2018-05-08T12:18:00+08:00,新北市,06,三峽區,057
24.940806,121.361500,三峽,C0AC60,2018-05-08T14:00:00+08:00,55.0,313,2.6,28.7,0.64,1002.4,-99,27.0,8.8,326,2018-05-08T13:13:00+08:00,新北市,06,三峽區,057
24.940806,121.361500,三峽,C0AC60,2018-05-08T15:00:00+08:00,55.0,345,1.0,27.1,0.76,1002.8,-99,27.0,7.7,4,2018-05-08T14:12:00+08:00,新北市,06,三峽區,057
24.940806,121.361500,三峽,C0AC60,2018-05-08T16:00:00+08:00,55.0,348,0.7,25.4,0.86,1003.3,-99,27.0,-99,-99,-99,新北市,06,三峽區,057
24.940806,121.361500,三峽,C0AC60,2018-05-08T17:00:00+08:00,55.0,19,0.7,24.8,0.87,1003.9,-99,27.0,-99,-99,-99,新北市,06,三峽區,057
24.940806,121.361500,三峽,C0AC60,2018-05-08T18:00:00+08:00,55.0,88,1.6,23.4,0.93,1005.3,-99,27.0,-99,-99,-99,新北市,06,三峽區,057
24.940806,121.361500,三峽,C0AC60,2018-05-08T19:00:00+08:00,55.0,84,2.0,22.4,0.97,1006.3,-99,29.0,-99,-99,-99,新北市,06,三峽區,057
24.940806,121.361500,三峽,C0AC60,2018-05-08T20:00:00+08:00,55.0,88,1.6,21.2,1,1007.1,-99,33.0,-99,-99,-99,新北市,06,三峽區,057
24.940806,121.361500,三峽,C0AC60,2018-05-08T21:00:00+08:00,55.0,95,0.4,21.1,0.99,1007.8,-99,34.0,-99,-99,-99,新北市,06,三峽區,057
24.940806,121.361500,三峽,C0AC60,2018-05-08T22:00:00+08:00,55.0,94,0.5,21.2,0.99,1008.3,-99,34.0,-99,-99,-99,新北市,06,三峽區,057
24.940806,121.361500,三峽,C0AC60,2018-05-08T23:00:00+08:00,55.0,89,1.7,21.7,0.92,1008.2,-99,34.0,-99,-99,-99,新北市,06,三峽區,057
24.940806,121.361500,三峽,C0AC60,2018-05-09T00:00:00+08:00,55.0,93,1.4,21.9,0.9,1008.5,-99,34.0,-99,-99,-99,新北市,06,三峽區,057
24.940806,121.361500,三峽,C0AC60,2018-05-09T01:00:00+08:00,55.0,91,1.3,21.7,0.92,1007.9,-99,0.0,-99,-99,-99,新北市,06,三峽區,057
24.940806,121.361500,三峽,C0AC60,2018-05-09T02:00:00+08:00,55.0,91,2.0,21.6,0.9,1007.7,-99,0.0,-99,-99,-99,新北市,06,三峽區,057
24.940806,121.361500,三峽,C0AC60,2018-05-09T03:00:00+08:00,55.0,86,0.8,21.7,0.88,1007.4,-99,0.0,-99,-99,-99,新北市,06,三峽區,057
24.940806,121.361500,三峽,C0AC60,2018-05-09T04:00:00+08:00,55.0,90,1.7,21.7,0.9,1007.8,-99,0.0,-99,-99,-99,新北市,06,三峽區,057
24.940806,121.361500,三峽,C0AC60,2018-05-09T05:00:00+08:00,55.0,91,1.9,21.7,0.9,1008.4,-99,0.0,-99,-99,-99,新北市,06,三峽區,057
24.940806,121.361500,三峽,C0AC60,2018-05-09T06:00:00+08:00,55.0,82,2.1,21.7,0.9,1009.1,-99,0.0,-99,-99,-99,新北市,06,三峽區,057
24.940806,121.361500,三峽,C0AC60,2018-05-09T07:00:00+08:00,55.0,93,2.0,21.9,0.88,1009.7,-99,0.0,-99,-99,-99,新北市,06,三峽區,057
24.940806,121.361500,三峽,C0AC60,2018-05-09T08:00:00+08:00,55.0,93,2.8,22.5,0.84,1010.0,-99,0.0,-99,-99,-99,新北市,06,三峽區,057
24.940806,121.361500,三峽,C0AC60,2018-05-09T09:00:00+08:00,55.0,77,3.3,23.0,0.8,1010.4,-99,0.0,-99,-99,-99,新北市,06,三峽區,057
24.940806,121.361500,三峽,C0AC60,2018-05-09T10:00:00+08:00,55.0,87,2.1,23.7,0.75,1010.3,-99,0.0,8.2,68,2018-05-09T09:24:00+08:00,新北市,06,三峽區,057
24.940806,121.361500,三峽,C0AC60,2018-05-09T11:00:00+08:00,55.0,80,2.0,23.2,0.77,1010.6,-99,0.0,8.8,51,2018-05-09T10:18:00+08:00,新北市,06,三峽區,057
24.940806,121.361500,三峽,C0AC60,2018-05-09T12:00:00+08:00,55.0,95,1.7,22.2,0.88,1010.7,-99,1.5,7.1,40,2018-05-09T11:44:00+08:00,新北市,06,三峽區,057
24.940806,121.361500,三峽,C0AC60,2018-05-09T13:00:00+08:00,55.0,96,1.9,21.1,0.99,1010.3,-99,7.0,-99,-99,-99,新北市,06,三峽區,057
24.940806,121.361500,三峽,C0AC60,2018-05-09T14:00:00+08:00,55.0,95,2.0,21.9,0.95,1010.2,-99,8.0,-99,-99,-99,新北市,06,三峽區,057
24.940806,121.361500,三峽,C0AC60,2018-05-09T15:00:00+08:00,55.0,91,2.3,22.2,0.9,1009.8,-99,8.0,-99,-99,-99,新北市,06,三峽區,057
24.940806,121.361500,三峽,C0AC60,2018-05-09T16:00:00+08:00,55.0,80,2.9,23.4,0.73,1009.6,-99,8.0,-99,-99,-99,新北市,06,三峽區,057
24.940806,121.361500,三峽,C0AC60,2018-05-09T17:00:00+08:00,55.0,84,2.9,23.0,0.73,1010.1,-99,8.0,9.3,69,2018-05-09T16:07:00+08:00,新北市,06,三峽區,057
24.940806,121.361500,三峽,C0AC60,2018-05-09T18:00:00+08:00,55.0,91,2.1,22.6,0.74,1010.7,-99,8.0,8.8,77,2018-05-09T17:35:00+08:00,新北市,06,三峽區,057
24.940806,121.361500,三峽,C0AC60,2018-05-09T19:00:00+08:00,55.0,96,1.6,22.1,0.75,1011.4,-99,8.0,7.1,75,2018-05-09T18:06:00+08:00,新北市,06,三峽區,057
24.940806,121.361500,三峽,C0AC60,2018-05-09T20:00:00+08:00,55.0,93,1.3,21.7,0.76,1012.0,-99,8.0,-99,-99,-99,新北市,06,三峽區,057
24.940806,121.361500,三峽,C0AC60,2018-05-09T21:00:00+08:00,55.0,90,1.9,21.5,0.78,1012.3,-99,8.0,7.1,71,2018-05-09T20:50:00+08:00,新北市,06,三峽區,057
24.940806,121.361500,三峽,C0AC60,2018-05-09T22:00:00+08:00,55.0,92,1.5,21.4,0.78,1012.6,-99,8.0,-99,-99,-99,新北市,06,三峽區,057
24.940806,121.361500,三峽,C0AC60,2018-05-09T23:00:00+08:00,55.0,85,2.3,21.2,0.76,1012.1,-99,8.0,-99,-99,-99,新北市,06,三峽區,057
24.940806,121.361500,三峽,C0AC60,2018-05-10T00:00:00+08:00,55.0,76,2.3,20.9,0.77,1011.7,-99,8.0,-99,-99,-99,新北市,06,三峽區,057
24.940806,121.361500,三峽,C0AC60,2018-05-10T01:00:00+08:00,55.0,80,2.9,20.7,0.76,1011.1,-99,0.0,8.8,80,2018-05-10T00:47:00+08:00,新北市,06,三峽區,057
24.940806,121.361500,三峽,C0AC60,2018-05-10T02:00:00+08:00,55.0,92,1.9,20.5,0.76,1010.8,-99,0.0,8.8,64,2018-05-10T01:01:00+08:00,新北市,06,三峽區,057
24.940806,121.361500,三峽,C0AC60,2018-05-10T03:00:00+08:00,55.0,87,1.4,20.1,0.77,1010.6,-99,0.0,7.7,91,2018-05-10T02:20:00+08:00,新北市,06,三峽區,057
24.940806,121.361500,三峽,C0AC60,2018-05-10T04:00:00+08:00,55.0,99,1.5,20.2,0.77,1010.7,-99,0.0,-99,-99,-99,新北市,06,三峽區,057
24.940806,121.361500,三峽,C0AC60,2018-05-10T05:00:00+08:00,55.0,92,2.2,20.1,0.77,1010.9,-99,0.0,-99,-99,-99,新北市,06,三峽區,057
24.940806,121.361500,三峽,C0AC60,2018-05-10T06:00:00+08:00,55.0,91,1.7,20.4,0.75,1011.4,-99,0.0,-99,-99,-99,新北市,06,三峽區,057
24.940806,121.361500,三峽,C0AC60,2018-05-10T07:00:00+08:00,55.0,91,2.8,21.6,0.69,1012.0,-99,0.0,-99,-99,-99,新北市,06,三峽區,057
24.940806,121.361500,三峽,C0AC60,2018-05-10T08:00:00+08:00,55.0,79,4.3,22.7,0.63,1012.1,-99,0.0,9.9,103,2018-05-10T07:33:00+08:00,新北市,06,三峽區,057
24.940806,121.361500,三峽,C0AC60,2018-05-10T09:00:00+08:00,55.0,77,4.2,23.5,0.57,1012.2,-99,0.0,12.1,83,2018-05-10T08:58:00+08:00,新北市,06,三峽區,057
24.940806,121.361500,三峽,C0AC60,2018-05-10T10:00:00+08:00,55.0,73,3.8,24.3,0.56,1011.8,-99,0.0,12.1,75,2018-05-10T09:47:00+08:00,新北市,06,三峽區,057
24.940806,121.361500,三峽,C0AC60,2018-05-10T11:00:00+08:00,55.0,79,4.5,24.8,0.54,1011.3,-99,0.0,12.6,74,2018-05-10T10:44:00+08:00,新北市,06,三峽區,057
24.940806,121.361500,三峽,C0AC60,2018-05-10T12:00:00+08:00,55.0,71,4.7,25.3,0.53,1011.0,-99,0.0,12.1,75,2018-05-10T11:18:00+08:00,新北市,06,三峽區,057
24.940806,121.361500,三峽,C0AC60,2018-05-10T13:00:00+08:00,55.0,75,4.3,26.1,0.5,1010.0,-99,0.0,12.1,81,2018-05-10T12:56:00+08:00,新北市,06,三峽區,057
24.940806,121.361500,三峽,C0AC60,2018-05-10T14:00:00+08:00,55.0,79,3.8,26.7,0.49,1009.4,-99,0.0,11.5,74,2018-05-10T13:14:00+08:00,新北市,06,三峽區,057
24.940806,121.361500,三峽,C0AC60,2018-05-10T15:00:00+08:00,55.0,90,2.8,27.3,0.48,1009.0,-99,0.0,12.1,77,2018-05-10T14:12:00+08:00,新北市,06,三峽區,057
24.940806,121.361500,三峽,C0AC60,2018-05-10T16:00:00+08:00,55.0,92,3.0,26.7,0.5,1008.7,-99,0.0,8.8,116,2018-05-10T15:13:00+08:00,新北市,06,三峽區,057
24.940806,121.361500,三峽,C0AC60,2018-05-10T17:00:00+08:00,55.0,88,3.0,24.9,0.56,1008.1,-99,0.0,8.2,94,2018-05-10T16:30:00+08:00,新北市,06,三峽區,057
24.940806,121.361500,三峽,C0AC60,2018-05-10T18:00:00+08:00,55.0,76,3.9,24.0,0.59,1008.8,-99,0.0,9.3,87,2018-05-10T17:59:00+08:00,新北市,06,三峽區,057
24.940806,121.361500,三峽,C0AC60,2018-05-10T19:00:00+08:00,55.0,84,3.0,23.1,0.64,1009.2,-99,0.0,9.3,63,2018-05-10T18:43:00+08:00,新北市,06,三峽區,057
24.940806,121.361500,三峽,C0AC60,2018-05-10T20:00:00+08:00,55.0,88,3.2,22.5,0.68,1009.5,-99,0.0,9.9,97,2018-05-10T19:03:00+08:00,新北市,06,三峽區,057
24.940806,121.361500,三峽,C0AC60,2018-05-10T21:00:00+08:00,55.0,82,2.8,22.4,0.7,1009.8,-99,0.0,9.3,70,2018-05-10T20:12:00+08:00,新北市,06,三峽區,057
24.940806,121.361500,三峽,C0AC60,2018-05-10T22:00:00+08:00,55.0,84,2.6,22.3,0.72,1010.0,-99,0.0,8.8,56,2018-05-10T21:03:00+08:00,新北市,06,三峽區,057
24.940806,121.361500,三峽,C0AC60,2018-05-10T23:00:00+08:00,55.0,84,3.0,22.2,0.74,1009.9,-99,0.0,8.8,91,2018-05-10T22:26:00+08:00,新北市,06,三峽區,057
24.940806,121.361500,三峽,C0AC60,2018-05-11T00:00:00+08:00,55.0,80,2.4,22.1,0.76,1009.3,-99,0.0,9.3,78,2018-05-10T23:53:00+08:00,新北市,06,三峽區,057
24.940806,121.361500,三峽,C0AC60,2018-05-11T01:00:00+08:00,55.0,95,1.2,22.0,0.78,1008.5,-99,0.0,7.1,51,2018-05-11T00:55:00+08:00,新北市,06,三峽區,057
24.940806,121.361500,三峽,C0AC60,2018-05-11T02:00:00+08:00,55.0,149,0.6,21.4,0.83,1007.8,-99,0.0,-99,-99,-99,新北市,06,三峽區,057
24.940806,121.361500,三峽,C0AC60,2018-05-11T03:00:00+08:00,55.0,159,1.5,20.4,0.92,1007.5,-99,0.0,-99,-99,-99,新北市,06,三峽區,057
24.940806,121.361500,三峽,C0AC60,2018-05-11T04:00:00+08:00,55.0,155,2.5,20.2,0.92,1007.8,-99,0.0,-99,-99,-99,新北市,06,三峽區,057
24.940806,121.361500,三峽,C0AC60,2018-05-11T05:00:00+08:00,55.0,166,2.4,20.3,0.92,1008.3,-99,0.0,-99,-99,-99,新北市,06,三峽區,057
24.940806,121.361500,三峽,C0AC60,2018-05-11T06:00:00+08:00,55.0,145,0.5,20.6,0.92,1008.8,-99,0.0,-99,-99,-99,新北市,06,三峽區,057
24.940806,121.361500,三峽,C0AC60,2018-05-11T07:00:00+08:00,55.0,163,1.8,21.7,0.85,1009.3,-99,0.0,-99,-99,-99,新北市,06,三峽區,057
24.940806,121.361500,三峽,C0AC60,2018-05-11T08:00:00+08:00,55.0,0,0.0,23.3,0.8,1009.7,-99,0.0,-99,-99,-99,新北市,06,三峽區,057
24.940806,121.361500,三峽,C0AC60,2018-05-11T09:00:00+08:00,55.0,80,1.9,25.6,0.66,1009.8,-99,0.0,-99,-99,-99,新北市,06,三峽區,057
24.940806,121.361500,三峽,C0AC60,2018-05-11T10:00:00+08:00,55.0,60,0.5,26.5,0.62,1009.5,-99,0.0,-99,-99,-99,新北市,06,三峽區,057
24.940806,121.361500,三峽,C0AC60,2018-05-11T11:00:00+08:00,55.0,85,0.3,27.9,0.58,1009.2,-99,0.0,-99,-99,-99,新北市,06,三峽區,057
24.940806,121.361500,三峽,C0AC60,2018-05-11T12:00:00+08:00,55.0,0,0.0,27.6,0.6,1008.5,-99,0.0,-99,-99,-99,新北市,06,三峽區,057
24.940806,121.361500,三峽,C0AC60,2018-05-11T13:00:00+08:00,55.0,209,0.4,27.7,0.62,1007.6,-99,0.0,-99,-99,-99,新北市,06,三峽區,057
24.940806,121.361500,三峽,C0AC60,2018-05-11T14:00:00+08:00,55.0,24,0.4,28.1,0.61,1006.9,-99,0.0,-99,-99,-99,新北市,06,三峽區,057
24.940806,121.361500,三峽,C0AC60,2018-05-11T15:00:00+08:00,55.0,0,0.0,28.0,0.6,1006.5,-99,0.0,-99,-99,-99,新北市,06,三峽區,057
24.940806,121.361500,三峽,C0AC60,2018-05-11T16:00:00+08:00,55.0,0,0.0,28.6,0.58,1005.9,-99,0.0,-99,-99,-99,新北市,06,三峽區,057
24.940806,121.361500,三峽,C0AC60,2018-05-11T17:00:00+08:00,55.0,94,0.4,28.8,0.59,1005.6,-99,0.0,-99,-99,-99,新北市,06,三峽區,057
24.940806,121.361500,三峽,C0AC60,2018-05-11T18:00:00+08:00,55.0,87,0.8,27.9,0.62,1005.7,-99,0.0,-99,-99,-99,新北市,06,三峽區,057
24.940806,121.361500,三峽,C0AC60,2018-05-11T19:00:00+08:00,55.0,230,0.3,26.7,0.7,1006.1,-99,0.0,-99,-99,-99,新北市,06,三峽區,057
24.940806,121.361500,三峽,C0AC60,2018-05-11T20:00:00+08:00,55.0,192,1.4,25.4,0.81,1006.8,-99,0.0,-99,-99,-99,新北市,06,三峽區,057
24.940806,121.361500,三峽,C0AC60,2018-05-11T21:00:00+08:00,55.0,200,1.2,24.4,0.89,1007.5,-99,0.0,-99,-99,-99,新北市,06,三峽區,057
24.940806,121.361500,三峽,C0AC60,2018-05-11T22:00:00+08:00,55.0,197,0.5,23.9,0.95,1007.9,-99,0.0,-99,-99,-99,新北市,06,三峽區,057
24.940806,121.361500,三峽,C0AC60,2018-05-11T23:00:00+08:00,55.0,157,0.3,23.5,0.97,1007.5,-99,0.0,-99,-99,-99,新北市,06,三峽區,057
24.940806,121.361500,三峽,C0AC60,2018-05-12T00:00:00+08:00,55.0,218,0.9,23.0,0.98,1006.9,-99,0.0,-99,-99,-99,新北市,06,三峽區,057
24.940806,121.361500,三峽,C0AC60,2018-05-12T01:00:00+08:00,55.0,206,0.4,22.6,0.99,1005.9,-99,0.0,-99,-99,-99,新北市,06,三峽區,057
24.940806,121.361500,三峽,C0AC60,2018-05-12T02:00:00+08:00,55.0,0,0.0,22.2,1,1005.7,-99,0.0,-99,-99,-99,新北市,06,三峽區,057
24.940806,121.361500,三峽,C0AC60,2018-05-12T03:00:00+08:00,55.0,212,0.4,21.8,0.99,1005.4,-99,0.0,-99,-99,-99,新北市,06,三峽區,057
24.940806,121.361500,三峽,C0AC60,2018-05-12T04:00:00+08:00,55.0,196,0.9,21.6,0.99,1005.3,-99,0.0,-99,-99,-99,新北市,06,三峽區,057
24.940806,121.361500,三峽,C0AC60,2018-05-12T05:00:00+08:00,55.0,211,0.7,21.3,0.99,1005.6,-99,0.0,-99,-99,-99,新北市,06,三峽區,057
24.940806,121.361500,三峽,C0AC60,2018-05-12T06:00:00+08:00,55.0,197,0.5,21.4,0.99,1006.3,-99,0.0,-99,-99,-99,新北市,06,三峽區,057
24.940806,121.361500,三峽,C0AC60,2018-05-12T07:00:00+08:00,55.0,152,0.9,22.7,0.97,1006.6,-99,0.0,-99,-99,-99,新北市,06,三峽區,057
24.940806,121.361500,三峽,C0AC60,2018-05-12T08:00:00+08:00,55.0,314,1.4,25.0,0.9,1006.8,-99,0.0,-99,-99,-99,新北市,06,三峽區,057
24.940806,121.361500,三峽,C0AC60,2018-05-12T09:00:00+08:00,55.0,266,0.7,26.7,0.76,1006.9,-99,0.0,-99,-99,-99,新北市,06,三峽區,057
24.940806,121.361500,三峽,C0AC60,2018-05-12T10:00:00+08:00,55.0,0,0.2,28.7,0.63,1006.9,-99,0.0,-99,-99,-99,新北市,06,三峽區,057
24.940806,121.361500,三峽,C0AC60,2018-05-12T11:00:00+08:00,55.0,283,1.5,29.8,0.58,1006.5,-99,0.0,-99,-99,-99,新北市,06,三峽區,057
24.940806,121.361500,三峽,C0AC60,2018-05-12T12:00:00+08:00,55.0,263,1.6,30.4,0.58,1005.9,-99,0.0,-99,-99,-99,新北市,06,三峽區,057
24.940806,121.361500,三峽,C0AC60,2018-05-12T13:00:00+08:00,55.0,332,1.8,30.4,0.61,1005.2,-99,0.0,-99,-99,-99,新北市,06,三峽區,057
24.940806,121.361500,三峽,C0AC60,2018-05-12T14:00:00+08:00,55.0,315,1.8,31.4,0.54,1004.4,-99,0.0,-99,-99,-99,新北市,06,三峽區,057
24.940806,121.361500,三峽,C0AC60,2018-05-12T15:00:00+08:00,55.0,339,1.2,31.7,0.56,1003.9,-99,0.0,-99,-99,-99,新北市,06,三峽區,057
24.940806,121.361500,三峽,C0AC60,2018-05-12T16:00:00+08:00,55.0,338,2.0,29.7,0.67,1003.6,-99,0.0,8.2,1,2018-05-12T15:17:00+08:00,新北市,06,三峽區,057
24.940806,121.361500,三峽,C0AC60,2018-05-12T17:00:00+08:00,55.0,343,0.7,29.8,0.63,1003.5,-99,0.0,-99,-99,-99,新北市,06,三峽區,057
24.940806,121.361500,三峽,C0AC60,2018-05-12T18:00:00+08:00,55.0,322,0.9,29.4,0.65,1003.7,-99,0.0,-99,-99,-99,新北市,06,三峽區,057
24.940806,121.361500,三峽,C0AC60,2018-05-12T19:00:00+08:00,55.0,0,0.0,28.4,0.69,1004.1,-99,0.0,-99,-99,-99,新北市,06,三峽區,057
24.940806,121.361500,三峽,C0AC60,2018-05-12T20:00:00+08:00,55.0,0,0.0,27.7,0.74,1004.7,-99,0.0,-99,-99,-99,新北市,06,三峽區,057
24.940806,121.361500,三峽,C0AC60,2018-05-12T21:00:00+08:00,55.0,0,0.2,25.9,0.92,1005.5,-99,0.0,-99,-99,-99,新北市,06,三峽區,057
24.940806,121.361500,三峽,C0AC60,2018-05-12T22:00:00+08:00,55.0,221,0.4,25.0,0.97,1005.9,-99,0.0,-99,-99,-99,新北市,06,三峽區,057
24.940806,121.361500,三峽,C0AC60,2018-05-12T23:00:00+08:00,55.0,220,0.5,24.6,0.98,1005.5,-99,0.0,-99,-99,-99,新北市,06,三峽區,057
24.940806,121.361500,三峽,C0AC60,2018-05-13T00:00:00+08:00,55.0,194,0.4,24.5,0.97,1005.1,-99,0.0,-99,-99,-99,新北市,06,三峽區,057
24.940806,121.361500,三峽,C0AC60,2018-05-13T01:00:00+08:00,55.0,173,0.4,24.1,0.99,1004.5,-99,0.0,-99,-99,-99,新北市,06,三峽區,057
24.940806,121.361500,三峽,C0AC60,2018-05-13T02:00:00+08:00,55.0,181,0.6,23.8,0.98,1004.2,-99,0.0,-99,-99,-99,新北市,06,三峽區,057
24.940806,121.361500,三峽,C0AC60,2018-05-13T03:00:00+08:00,55.0,157,0.6,23.6,0.98,1003.9,-99,0.0,-99,-99,-99,新北市,06,三峽區,057
24.940806,121.361500,三峽,C0AC60,2018-05-13T04:00:00+08:00,55.0,209,1.0,23.1,0.99,1004.1,-99,0.0,-99,-99,-99,新北市,06,三峽區,057
24.940806,121.361500,三峽,C0AC60,2018-05-13T05:00:00+08:00,55.0,0,0.2,22.7,1,1004.3,-99,0.0,-99,-99,-99,新北市,06,三峽區,057
24.940806,121.361500,三峽,C0AC60,2018-05-13T06:00:00+08:00,55.0,203,1.4,22.8,0.98,1004.8,-99,0.0,-99,-99,-99,新北市,06,三峽區,057
24.940806,121.361500,三峽,C0AC60,2018-05-13T07:00:00+08:00,55.0,0,0.0,24.7,0.91,1005.4,-99,0.0,-99,-99,-99,新北市,06,三峽區,057
24.940806,121.361500,三峽,C0AC60,2018-05-13T08:00:00+08:00,55.0,0,0.0,26.4,0.8,1005.7,-99,0.0,-99,-99,-99,新北市,06,三峽區,057
24.940806,121.361500,三峽,C0AC60,2018-05-13T09:00:00+08:00,55.0,313,1.7,27.6,0.78,1005.5,-99,0.0,-99,-99,-99,新北市,06,三峽區,057
24.940806,121.361500,三峽,C0AC60,2018-05-13T10:00:00+08:00,55.0,256,0.7,29.2,0.7,1005.7,-99,0.0,-99,-99,-99,新北市,06,三峽區,057
24.940806,121.361500,三峽,C0AC60,2018-05-13T11:00:00+08:00,55.0,243,2.1,30.3,0.65,1005.5,-99,0.0,-99,-99,-99,新北市,06,三峽區,057
24.940806,121.361500,三峽,C0AC60,2018-05-13T12:00:00+08:00,55.0,242,1.6,31.6,0.6,1004.7,-99,0.0,-99,-99,-99,新北市,06,三峽區,057
24.940806,121.361500,三峽,C0AC60,2018-05-13T13:00:00+08:00,55.0,293,1.5,32.0,0.61,1004.2,-99,0.0,-99,-99,-99,新北市,06,三峽區,057
24.940806,121.361500,三峽,C0AC60,2018-05-13T14:00:00+08:00,55.0,259,1.7,32.8,0.58,1003.8,-99,0.0,-99,-99,-99,新北市,06,三峽區,057
24.940806,121.361500,三峽,C0AC60,2018-05-13T15:00:00+08:00,55.0,253,1.6,32.8,0.56,1003.6,-99,0.0,-99,-99,-99,新北市,06,三峽區,057
24.940806,121.361500,三峽,C0AC60,2018-05-13T16:00:00+08:00,55.0,278,1.3,32.2,0.58,1003.3,-99,0.0,-99,-99,-99,新北市,06,三峽區,057
24.940806,121.361500,三峽,C0AC60,2018-05-13T17:00:00+08:00,55.0,0,0.1,32.1,0.6,1003.1,-99,0.0,-99,-99,-99,新北市,06,三峽區,057
24.940806,121.361500,三峽,C0AC60,2018-05-13T18:00:00+08:00,55.0,90,1.4,31.2,0.62,1003.2,-99,0.0,-99,-99,-99,新北市,06,三峽區,057
24.940806,121.361500,三峽,C0AC60,2018-05-13T19:00:00+08:00,55.0,95,1.3,29.7,0.67,1003.5,-99,0.0,-99,-99,-99,新北市,06,三峽區,057
24.940806,121.361500,三峽,C0AC60,2018-05-13T20:00:00+08:00,55.0,88,0.5,28.9,0.73,1004.0,-99,0.0,-99,-99,-99,新北市,06,三峽區,057
24.940806,121.361500,三峽,C0AC60,2018-05-13T21:00:00+08:00,55.0,207,0.7,27.4,0.87,1005.3,-99,0.0,-99,-99,-99,新北市,06,三峽區,057
24.940806,121.361500,三峽,C0AC60,2018-05-13T22:00:00+08:00,55.0,162,1.6,26.4,0.94,1005.9,-99,0.0,-99,-99,-99,新北市,06,三峽區,057
24.940806,121.361500,三峽,C0AC60,2018-05-13T23:00:00+08:00,55.0,190,0.3,26.0,0.96,1005.4,-99,0.0,-99,-99,-99,新北市,06,三峽區,057
24.940806,121.361500,三峽,C0AC60,2018-05-14T00:00:00+08:00,55.0,195,1.5,25.3,0.96,1004.9,-99,0.0,-99,-99,-99,新北市,06,三峽區,057
24.940806,121.361500,三峽,C0AC60,2018-05-14T01:00:00+08:00,55.0,0,0.2,25.1,0.99,1004.8,-99,0.0,-99,-99,-99,新北市,06,三峽區,057
24.940806,121.361500,三峽,C0AC60,2018-05-14T02:00:00+08:00,55.0,202,0.5,24.9,0.98,1004.4,-99,0.0,-99,-99,-99,新北市,06,三峽區,057
24.940806,121.361500,三峽,C0AC60,2018-05-14T03:00:00+08:00,55.0,192,0.3,24.5,0.99,1004.2,-99,0.0,-99,-99,-99,新北市,06,三峽區,057
24.940806,121.361500,三峽,C0AC60,2018-05-14T04:00:00+08:00,55.0,173,0.8,24.6,0.98,1004.6,-99,0.0,-99,-99,-99,新北市,06,三峽區,057
24.940806,121.361500,三峽,C0AC60,2018-05-14T05:00:00+08:00,55.0,192,0.9,24.1,0.97,1005.1,-99,0.0,-99,-99,-99,新北市,06,三峽區,057
24.940806,121.361500,三峽,C0AC60,2018-05-14T06:00:00+08:00,55.0,195,0.5,24.0,0.98,1005.7,-99,0.0,-99,-99,-99,新北市,06,三峽區,057
24.940806,121.361500,三峽,C0AC60,2018-05-14T07:00:00+08:00,55.0,161,0.9,24.8,0.95,1006.3,-99,0.0,-99,-99,-99,新北市,06,三峽區,057
24.940806,121.361500,三峽,C0AC60,2018-05-14T08:00:00+08:00,55.0,206,0.6,26.9,0.9,1006.4,-99,0.0,-99,-99,-99,新北市,06,三峽區,057
24.940806,121.361500,三峽,C0AC60,2018-05-14T09:00:00+08:00,55.0,231,1.2,27.7,0.85,1006.8,-99,0.0,-99,-99,-99,新北市,06,三峽區,057
24.940806,121.361500,三峽,C0AC60,2018-05-14T10:00:00+08:00,55.0,299,1.6,28.9,0.75,1006.7,-99,0.0,-99,-99,-99,新北市,06,三峽區,057
24.940806,121.361500,三峽,C0AC60,2018-05-14T11:00:00+08:00,55.0,308,1.0,30.3,0.66,1005.8,-99,0.0,-99,-99,-99,新北市,06,三峽區,057
24.940806,121.361500,三峽,C0AC60,2018-05-14T12:00:00+08:00,55.0,311,0.3,31.5,0.59,1004.9,-99,0.0,-99,-99,-99,新北市,06,三峽區,057
24.940806,121.361500,三峽,C0AC60,2018-05-14T13:00:00+08:00,55.0,0,0.1,33.0,0.54,1003.9,-99,0.0,-99,-99,-99,新北市,06,三峽區,057
24.940806,121.361500,三峽,C0AC60,2018-05-14T14:00:00+08:00,55.0,31,0.5,34.5,0.49,1002.9,-99,0.0,14.3,48,2018-05-14T13:37:00+08:00,新北市,06,三峽區,057
24.940806,121.361500,三峽,C0AC60,2018-05-14T15:00:00+08:00,55.0,336,1.8,32.6,0.58,1002.6,-99,0.0,8.2,67,2018-05-14T14:08:00+08:00,新北市,06,三峽區,057
24.940806,121.361500,三峽,C0AC60,2018-05-14T16:00:00+08:00,55.0,351,2.3,31.3,0.64,1002.3,-99,0.0,-99,-99,-99,新北市,06,三峽區,057
24.940806,121.361500,三峽,C0AC60,2018-05-14T17:00:00+08:00,55.0,7,1.0,30.2,0.66,1002.7,-99,0.0,-99,-99,-99,新北市,06,三峽區,057
24.940806,121.361500,三峽,C0AC60,2018-05-14T18:00:00+08:00,55.0,345,1.7,29.0,0.71,1003.5,-99,0.0,-99,-99,-99,新北市,06,三峽區,057
24.940806,121.361500,三峽,C0AC60,2018-05-14T19:00:00+08:00,55.0,334,1.0,28.4,0.73,1003.8,-99,0.0,-99,-99,-99,新北市,06,三峽區,057
24.940806,121.361500,三峽,C0AC60,2018-05-14T20:00:00+08:00,55.0,0,0.0,28.4,0.72,1004.2,-99,0.0,-99,-99,-99,新北市,06,三峽區,057
24.940806,121.361500,三峽,C0AC60,2018-05-14T21:00:00+08:00,55.0,214,1.1,27.0,0.89,1004.9,-99,0.0,-99,-99,-99,新北市,06,三峽區,057
24.940806,121.361500,三峽,C0AC60,2018-05-14T22:00:00+08:00,55.0,0,0.2,26.0,0.95,1005.1,-99,0.0,-99,-99,-99,新北市,06,三峽區,057
24.940806,121.361500,三峽,C0AC60,2018-05-14T23:00:00+08:00,55.0,206,1.3,25.7,0.95,1005.0,-99,0.0,-99,-99,-99,新北市,06,三峽區,057
24.940806,121.361500,三峽,C0AC60,2018-05-15T00:00:00+08:00,55.0,204,1.2,25.0,0.98,1004.4,-99,0.0,-99,-99,-99,新北市,06,三峽區,057
24.940806,121.361500,三峽,C0AC60,2018-05-15T01:00:00+08:00,55.0,216,1.1,24.8,0.97,1004.0,-99,0.0,-99,-99,-99,新北市,06,三峽區,057
24.940806,121.361500,三峽,C0AC60,2018-05-15T02:00:00+08:00,55.0,158,0.6,24.6,0.99,1003.6,-99,0.0,-99,-99,-99,新北市,06,三峽區,057
24.940806,121.361500,三峽,C0AC60,2018-05-15T03:00:00+08:00,55.0,208,1.2,24.3,0.99,1003.2,-99,0.0,-99,-99,-99,新北市,06,三峽區,057
24.940806,121.361500,三峽,C0AC60,2018-05-15T04:00:00+08:00,55.0,0,0.1,24.3,0.99,1003.3,-99,0.0,-99,-99,-99,新北市,06,三峽區,057
24.940806,121.361500,三峽,C0AC60,2018-05-15T05:00:00+08:00,55.0,172,1.4,24.0,0.99,1003.6,-99,0.0,-99,-99,-99,新北市,06,三峽區,057
24.940806,121.361500,三峽,C0AC60,2018-05-15T06:00:00+08:00,55.0,158,1.4,24.3,0.98,1004.0,-99,0.0,-99,-99,-99,新北市,06,三峽區,057
24.940806,121.361500,三峽,C0AC60,2018-05-15T07:00:00+08:00,55.0,198,0.9,25.3,0.94,1004.8,-99,0.0,-99,-99,-99,新北市,06,三峽區,057
24.940806,121.361500,三峽,C0AC60,2018-05-15T08:00:00+08:00,55.0,80,1.0,27.9,0.83,1005.1,-99,0.0,-99,-99,-99,新北市,06,三峽區,057
24.940806,121.361500,三峽,C0AC60,2018-05-15T09:00:00+08:00,55.0,52,0.5,28.9,0.76,1005.5,-99,0.0,-99,-99,-99,新北市,06,三峽區,057
24.940806,121.361500,三峽,C0AC60,2018-05-15T10:00:00+08:00,55.0,227,0.7,30.3,0.7,1005.7,-99,0.0,-99,-99,-99,新北市,06,三峽區,057
24.940806,121.361500,三峽,C0AC60,2018-05-15T11:00:00+08:00,55.0,41,0.9,31.3,0.65,1005.2,-99,0.0,-99,-99,-99,新北市,06,三峽區,057
24.940806,121.361500,三峽,C0AC60,2018-05-15T12:00:00+08:00,55.0,0,0.2,32.2,0.61,1004.2,-99,0.0,-99,-99,-99,新北市,06,三峽區,057
24.940806,121.361500,三峽,C0AC60,2018-05-15T13:00:00+08:00,55.0,9,0.3,31.6,0.66,1003.5,-99,0.0,-99,-99,-99,新北市,06,三峽區,057
24.940806,121.361500,三峽,C0AC60,2018-05-15T14:00:00+08:00,55.0,350,0.4,31.0,0.72,1003.3,-99,0.0,-99,-99,-99,新北市,06,三峽區,057
24.940806,121.361500,三峽,C0AC60,2018-05-15T15:00:00+08:00,55.0,1,0.9,30.1,0.76,1003.1,-99,0.0,-99,-99,-99,新北市,06,三峽區,057
24.940806,121.361500,三峽,C0AC60,2018-05-15T16:00:00+08:00,55.0,269,2.0,30.3,0.7,1003.1,-99,0.0,-99,-99,-99,新北市,06,三峽區,057
24.940806,121.361500,三峽,C0AC60,2018-05-15T17:00:00+08:00,55.0,243,0.9,29.8,0.71,1003.1,-99,0.0,-99,-99,-99,新北市,06,三峽區,057
24.940806,121.361500,三峽,C0AC60,2018-05-15T18:00:00+08:00,55.0,248,1.3,29.1,0.73,1003.4,-99,0.0,-99,-99,-99,新北市,06,三峽區,057
24.940806,121.361500,三峽,C0AC60,2018-05-15T19:00:00+08:00,55.0,220,0.7,28.7,0.76,1003.7,-99,0.0,-99,-99,-99,新北市,06,三峽區,057
24.940806,121.361500,三峽,C0AC60,2018-05-15T20:00:00+08:00,55.0,0,0.0,28.1,0.82,1003.9,-99,0.0,-99,-99,-99,新北市,06,三峽區,057
24.940806,121.361500,三峽,C0AC60,2018-05-15T21:00:00+08:00,55.0,0,0.0,26.9,0.93,1004.5,-99,0.0,-99,-99,-99,新北市,06,三峽區,057
24.940806,121.361500,三峽,C0AC60,2018-05-15T22:00:00+08:00,55.0,0,0.2,26.3,0.96,1004.8,-99,0.0,-99,-99,-99,新北市,06,三峽區,057
24.940806,121.361500,三峽,C0AC60,2018-05-15T23:00:00+08:00,55.0,206,0.8,26.1,0.96,1004.3,-99,0.0,-99,-99,-99,新北市,06,三峽區,057
24.940806,121.361500,三峽,C0AC60,2018-05-16T00:00:00+08:00,55.0,0,0.0,25.6,0.98,1003.5,-99,0.0,-99,-99,-99,新北市,06,三峽區,057
24.940806,121.361500,三峽,C0AC60,2018-05-16T01:00:00+08:00,55.0,149,1.6,25.2,0.99,1003.0,-99,0.0,-99,-99,-99,新北市,06,三峽區,057
24.940806,121.361500,三峽,C0AC60,2018-05-16T02:00:00+08:00,55.0,224,0.5,25.0,0.99,1002.3,-99,0.0,-99,-99,-99,新北市,06,三峽區,057
24.940806,121.361500,三峽,C0AC60,2018-05-16T03:00:00+08:00,55.0,226,0.8,24.7,0.98,1002.4,-99,0.0,-99,-99,-99,新北市,06,三峽區,057
24.940806,121.361500,三峽,C0AC60,2018-05-16T04:00:00+08:00,55.0,197,0.4,24.4,0.99,1002.4,-99,0.0,-99,-99,-99,新北市,06,三峽區,057
24.940806,121.361500,三峽,C0AC60,2018-05-16T05:00:00+08:00,55.0,0,0.2,24.2,0.98,1002.4,-99,0.0,-99,-99,-99,新北市,06,三峽區,057
24.940806,121.361500,三峽,C0AC60,2018-05-16T06:00:00+08:00,55.0,174,1.3,24.4,0.97,1003.0,-99,0.0,-99,-99,-99,新北市,06,三峽區,057
24.940806,121.361500,三峽,C0AC60,2018-05-16T07:00:00+08:00,55.0,158,0.7,25.9,0.91,1003.4,-99,0.0,-99,-99,-99,新北市,06,三峽區,057
24.940806,121.361500,三峽,C0AC60,2018-05-16T08:00:00+08:00,55.0,269,0.5,27.8,0.85,1003.7,-99,0.0,-99,-99,-99,新北市,06,三峽區,057
24.940806,121.361500,三峽,C0AC60,2018-05-16T09:00:00+08:00,55.0,186,0.4,30.0,0.71,1003.9,-99,0.0,-99,-99,-99,新北市,06,三峽區,057
24.940806,121.361500,三峽,C0AC60,2018-05-16T10:00:00+08:00,55.0,262,1.5,31.3,0.63,1004.2,-99,0.0,-99,-99,-99,新北市,06,三峽區,057
24.940806,121.361500,三峽,C0AC60,2018-05-16T11:00:00+08:00,55.0,314,0.9,32.7,0.57,1003.8,-99,0.0,-99,-99,-99,新北市,06,三峽區,057
24.940806,121.361500,三峽,C0AC60,2018-05-16T12:00:00+08:00,55.0,348,1.3,33.1,0.63,1003.3,-99,0.0,-99,-99,-99,新北市,06,三峽區,057
24.940806,121.361500,三峽,C0AC60,2018-05-16T13:00:00+08:00,55.0,314,1.7,31.6,0.73,1002.9,-99,0.0,-99,-99,-99,新北市,06,三峽區,057
24.940806,121.361500,三峽,C0AC60,2018-05-16T14:00:00+08:00,55.0,290,1.9,32.3,0.69,1002.4,-99,0.0,-99,-99,-99,新北市,06,三峽區,057
24.940806,121.361500,三峽,C0AC60,2018-05-16T15:00:00+08:00,55.0,303,1.9,32.8,0.66,1002.1,-99,0.0,-99,-99,-99,新北市,06,三峽區,057
24.940806,121.361500,三峽,C0AC60,2018-05-16T16:00:00+08:00,55.0,295,1.3,32.1,0.69,1001.8,-99,0.0,-99,-99,-99,新北市,06,三峽區,057
24.940806,121.361500,三峽,C0AC60,2018-05-16T17:00:00+08:00,55.0,310,1.7,31.5,0.71,1001.5,-99,0.0,-99,-99,-99,新北市,06,三峽區,057
24.940806,121.361500,三峽,C0AC60,2018-05-16T18:00:00+08:00,55.0,318,1.2,30.2,0.77,1002.1,-99,0.0,-99,-99,-99,新北市,06,三峽區,057
24.940806,121.361500,三峽,C0AC60,2018-05-16T19:00:00+08:00,55.0,0,0.0,29.5,0.84,1002.5,-99,0.0,-99,-99,-99,新北市,06,三峽區,057
24.940806,121.361500,三峽,C0AC60,2018-05-16T20:00:00+08:00,55.0,232,1.0,29.3,0.85,1003.0,-99,0.0,-99,-99,-99,新北市,06,三峽區,057
24.940806,121.361500,三峽,C0AC60,2018-05-16T21:00:00+08:00,55.0,87,0.8,29.0,0.86,1003.0,-99,0.0,-99,-99,-99,新北市,06,三峽區,057
24.940806,121.361500,三峽,C0AC60,2018-05-16T22:00:00+08:00,55.0,0,0.0,28.2,0.94,1003.1,-99,0.0,-99,-99,-99,新北市,06,三峽區,057
24.940806,121.361500,三峽,C0AC60,2018-05-16T23:00:00+08:00,55.0,0,0.0,27.9,0.94,1002.8,-99,0.0,-99,-99,-99,新北市,06,三峽區,057
24.940806,121.361500,三峽,C0AC60,2018-05-17T00:00:00+08:00,55.0,0,0.0,27.2,0.97,1002.6,-99,0.0,-99,-99,-99,新北市,06,三峽區,057
24.940806,121.361500,三峽,C0AC60,2018-05-17T01:00:00+08:00,55.0,160,1.1,26.6,0.99,1002.0,-99,0.0,-99,-99,-99,新北市,06,三峽區,057
24.940806,121.361500,三峽,C0AC60,2018-05-17T02:00:00+08:00,55.0,219,0.3,26.6,0.99,1002.1,-99,0.0,-99,-99,-99,新北市,06,三峽區,057
24.940806,121.361500,三峽,C0AC60,2018-05-17T03:00:00+08:00,55.0,214,0.6,26.6,0.98,1001.7,-99,0.0,-99,-99,-99,新北市,06,三峽區,057
24.940806,121.361500,三峽,C0AC60,2018-05-17T04:00:00+08:00,55.0,217,1.1,26.4,0.98,1001.8,-99,0.0,-99,-99,-99,新北市,06,三峽區,057
24.940806,121.361500,三峽,C0AC60,2018-05-17T05:00:00+08:00,55.0,170,0.5,26.7,0.96,1001.9,-99,0.0,-99,-99,-99,新北市,06,三峽區,057
24.940806,121.361500,三峽,C0AC60,2018-05-17T06:00:00+08:00,55.0,0,0.0,26.6,0.97,1002.3,-99,0.0,-99,-99,-99,新北市,06,三峽區,057
24.940806,121.361500,三峽,C0AC60,2018-05-17T07:00:00+08:00,55.0,202,0.7,27.1,0.95,1003.1,-99,0.0,-99,-99,-99,新北市,06,三峽區,057
24.940806,121.361500,三峽,C0AC60,2018-05-17T08:00:00+08:00,55.0,0,0.0,29.3,0.86,1003.3,-99,0.0,-99,-99,-99,新北市,06,三峽區,057
24.940806,121.361500,三峽,C0AC60,2018-05-17T09:00:00+08:00,55.0,248,0.3,30.3,0.75,1003.2,-99,0.0,-99,-99,-99,新北市,06,三峽區,057
24.940806,121.361500,三峽,C0AC60,2018-05-17T10:00:00+08:00,55.0,277,1.8,31.3,0.67,1003.0,-99,0.0,7.1,324,2018-05-17T09:41:00+08:00,新北市,06,三峽區,057
24.940806,121.361500,三峽,C0AC60,2018-05-17T11:00:00+08:00,55.0,290,1.9,32.5,0.61,1002.6,-99,0.0,-99,-99,-99,新北市,06,三峽區,057
24.940806,121.361500,三峽,C0AC60,2018-05-17T12:00:00+08:00,55.0,316,1.9,33.1,0.64,1002.0,-99,0.0,-99,-99,-99,新北市,06,三峽區,057
24.940806,121.361500,三峽,C0AC60,2018-05-17T13:00:00+08:00,55.0,281,1.6,33.2,0.66,1001.3,-99,0.0,-99,-99,-99,新北市,06,三峽區,057
24.940806,121.361500,三峽,C0AC60,2018-05-17T14:00:00+08:00,55.0,311,1.7,33.4,0.66,1000.9,-99,0.0,-99,-99,-99,新北市,06,三峽區,057
24.940806,121.361500,三峽,C0AC60,2018-05-17T15:00:00+08:00,55.0,297,1.9,33.1,0.67,1000.8,-99,0.0,-99,-99,-99,新北市,06,三峽區,057
24.940806,121.361500,三峽,C0AC60,2018-05-17T16:00:00+08:00,55.0,279,1.6,32.7,0.69,1000.5,-99,0.0,-99,-99,-99,新北市,06,三峽區,057
24.940806,121.361500,三峽,C0AC60,2018-05-17T17:00:00+08:00,55.0,310,0.9,32.8,0.69,1000.2,-99,0.0,-99,-99,-99,新北市,06,三峽區,057
24.940806,121.361500,三峽,C0AC60,2018-05-17T18:00:00+08:00,55.0,313,1.3,31.4,0.75,1000.2,-99,0.0,-99,-99,-99,新北市,06,三峽區,057
24.940806,121.361500,三峽,C0AC60,2018-05-17T19:00:00+08:00,55.0,290,0.4,30.5,0.8,1000.7,-99,0.0,-99,-99,-99,新北市,06,三峽區,057
24.940806,121.361500,三峽,C0AC60,2018-05-17T20:00:00+08:00,55.0,0,0.1,29.4,0.84,1001.5,-99,0.0,-99,-99,-99,新北市,06,三峽區,057
24.940806,121.361500,三峽,C0AC60,2018-05-17T21:00:00+08:00,55.0,0,0.1,29.1,0.92,1002.0,-99,0.0,-99,-99,-99,新北市,06,三峽區,057
24.940806,121.361500,三峽,C0AC60,2018-05-17T22:00:00+08:00,55.0,182,1.3,28.3,0.94,1002.0,-99,0.0,-99,-99,-99,新北市,06,三峽區,057
24.940806,121.361500,三峽,C0AC60,2018-05-17T23:00:00+08:00,55.0,197,0.4,27.6,0.98,1001.8,-99,0.0,-99,-99,-99,新北市,06,三峽區,057
24.940806,121.361500,三峽,C0AC60,2018-05-18T00:00:00+08:00,55.0,189,0.6,27.0,0.99,1001.4,-99,0.0,-99,-99,-99,新北市,06,三峽區,057
24.940806,121.361500,三峽,C0AC60,2018-05-18T01:00:00+08:00,55.0,0,0.2,27.0,0.99,1000.8,-99,0.0,-99,-99,-99,新北市,06,三峽區,057
24.940806,121.361500,三峽,C0AC60,2018-05-18T02:00:00+08:00,55.0,214,0.7,26.6,0.95,1000.6,-99,0.0,-99,-99,-99,新北市,06,三峽區,057
24.940806,121.361500,三峽,C0AC60,2018-05-18T03:00:00+08:00,55.0,0,0.0,26.3,0.96,1000.3,-99,0.0,-99,-99,-99,新北市,06,三峽區,057
24.940806,121.361500,三峽,C0AC60,2018-05-18T04:00:00+08:00,55.0,197,2.0,25.5,0.98,1000.9,-99,0.0,-99,-99,-99,新北市,06,三峽區,057
24.940806,121.361500,三峽,C0AC60,2018-05-18T05:00:00+08:00,55.0,168,0.4,25.3,1,1001.1,-99,0.0,-99,-99,-99,新北市,06,三峽區,057
24.940806,121.361500,三峽,C0AC60,2018-05-18T06:00:00+08:00,55.0,205,0.8,25.3,0.99,1001.5,-99,0.0,-99,-99,-99,新北市,06,三峽區,057
24.940806,121.361500,三峽,C0AC60,2018-05-18T07:00:00+08:00,55.0,185,0.3,26.5,0.94,1002.1,-99,0.0,-99,-99,-99,新北市,06,三峽區,057
24.940806,121.361500,三峽,C0AC60,2018-05-18T08:00:00+08:00,55.0,319,1.0,28.2,0.87,1002.6,-99,0.0,-99,-99,-99,新北市,06,三峽區,057
24.940806,121.361500,三峽,C0AC60,2018-05-18T09:00:00+08:00,55.0,308,2.0,29.8,0.72,1002.8,-99,0.0,-99,-99,-99,新北市,06,三峽區,057
24.940806,121.361500,三峽,C0AC60,2018-05-18T10:00:00+08:00,55.0,273,1.5,30.9,0.63,1002.6,-99,0.0,-99,-99,-99,新北市,06,三峽區,057
24.940806,121.361500,三峽,C0AC60,2018-05-18T11:00:00+08:00,55.0,218,1.3,31.8,0.59,1002.1,-99,0.0,-99,-99,-99,新北市,06,三峽區,057
24.940806,121.361500,三峽,C0AC60,2018-05-18T12:00:00+08:00,55.0,318,0.7,33.5,0.52,1001.2,-99,0.0,-99,-99,-99,新北市,06,三峽區,057
24.940806,121.361500,三峽,C0AC60,2018-05-18T13:00:00+08:00,55.0,333,1.3,35.4,0.47,1000.8,-99,0.0,-99,-99,-99,新北市,06,三峽區,057
24.940806,121.361500,三峽,C0AC60,2018-05-18T14:00:00+08:00,55.0,319,1.4,34.2,0.58,1000.4,-99,0.0,-99,-99,-99,新北市,06,三峽區,057
24.940806,121.361500,三峽,C0AC60,2018-05-18T15:00:00+08:00,55.0,294,2.2,33.5,0.59,999.9,-99,0.0,-99,-99,-99,新北市,06,三峽區,057
24.940806,121.361500,三峽,C0AC60,2018-05-18T16:00:00+08:00,55.0,276,1.4,33.6,0.6,999.4,-99,0.0,-99,-99,-99,新北市,06,三峽區,057
24.940806,121.361500,三峽,C0AC60,2018-05-18T17:00:00+08:00,55.0,258,1.3,33.6,0.61,999.8,-99,0.0,-99,-99,-99,新北市,06,三峽區,057
24.940806,121.361500,三峽,C0AC60,2018-05-18T18:00:00+08:00,55.0,338,1.1,31.9,0.67,1000.2,-99,0.0,-99,-99,-99,新北市,06,三峽區,057
24.940806,121.361500,三峽,C0AC60,2018-05-18T19:00:00+08:00,55.0,335,0.3,30.6,0.72,1000.2,-99,0.0,-99,-99,-99,新北市,06,三峽區,057
24.940806,121.361500,三峽,C0AC60,2018-05-18T20:00:00+08:00,55.0,0,0.2,30.2,0.74,1001.0,-99,0.0,-99,-99,-99,新北市,06,三峽區,057
24.940806,121.361500,三峽,C0AC60,2018-05-18T21:00:00+08:00,55.0,179,0.4,28.7,0.86,1001.7,-99,0.0,-99,-99,-99,新北市,06,三峽區,057
24.940806,121.361500,三峽,C0AC60,2018-05-18T22:00:00+08:00,55.0,213,0.5,28.1,0.9,1002.1,-99,0.0,-99,-99,-99,新北市,06,三峽區,057
24.940806,121.361500,三峽,C0AC60,2018-05-18T23:00:00+08:00,55.0,191,0.4,27.7,0.94,1002.1,-99,0.0,-99,-99,-99,新北市,06,三峽區,057
24.940806,121.361500,三峽,C0AC60,2018-05-19T00:00:00+08:00,55.0,179,0.6,27.1,0.96,1001.7,-99,0.0,-99,-99,-99,新北市,06,三峽區,057
24.940806,121.361500,三峽,C0AC60,2018-05-19T01:00:00+08:00,55.0,211,0.7,26.5,0.98,1001.6,-99,0.0,-99,-99,-99,新北市,06,三峽區,057
24.940806,121.361500,三峽,C0AC60,2018-05-19T02:00:00+08:00,55.0,200,1.2,26.3,0.96,1001.8,-99,0.0,-99,-99,-99,新北市,06,三峽區,057
24.940806,121.361500,三峽,C0AC60,2018-05-19T03:00:00+08:00,55.0,197,1.5,26.0,0.97,1001.7,-99,0.0,-99,-99,-99,新北市,06,三峽區,057
24.940806,121.361500,三峽,C0AC60,2018-05-19T04:00:00+08:00,55.0,190,0.7,25.8,0.96,1001.6,-99,0.0,-99,-99,-99,新北市,06,三峽區,057
24.940806,121.361500,三峽,C0AC60,2018-05-19T05:00:00+08:00,55.0,205,1.9,25.5,0.97,1001.8,-99,0.0,-99,-99,-99,新北市,06,三峽區,057
24.940806,121.361500,三峽,C0AC60,2018-05-19T06:00:00+08:00,55.0,170,0.8,25.9,0.96,1002.2,-99,0.0,-99,-99,-99,新北市,06,三峽區,057
24.940806,121.361500,三峽,C0AC60,2018-05-19T07:00:00+08:00,55.0,0,0.1,26.5,0.95,1003.0,-99,0.0,-99,-99,-99,新北市,06,三峽區,057
24.940806,121.361500,三峽,C0AC60,2018-05-19T08:00:00+08:00,55.0,202,1.1,27.0,0.92,1003.4,-99,0.0,-99,-99,-99,新北市,06,三峽區,057
24.940806,121.361500,三峽,C0AC60,2018-05-19T09:00:00+08:00,55.0,210,0.7,29.0,0.85,1003.5,-99,0.0,-99,-99,-99,新北市,06,三峽區,057
24.940806,121.361500,三峽,C0AC60,2018-05-19T10:00:00+08:00,55.0,356,0.8,30.5,0.73,1003.2,-99,0.0,-99,-99,-99,新北市,06,三峽區,057
24.940806,121.361500,三峽,C0AC60,2018-05-19T11:00:00+08:00,55.0,344,0.8,32.4,0.62,1002.9,-99,0.0,-99,-99,-99,新北市,06,三峽區,057
24.940806,121.361500,三峽,C0AC60,2018-05-19T12:00:00+08:00,55.0,316,1.6,32.9,0.57,1002.4,-99,0.0,-99,-99,-99,新北市,06,三峽區,057
24.940806,121.361500,三峽,C0AC60,2018-05-19T13:00:00+08:00,55.0,340,2.3,32.0,0.63,1001.8,-99,0.0,-99,-99,-99,新北市,06,三峽區,057
24.940806,121.361500,三峽,C0AC60,2018-05-19T14:00:00+08:00,55.0,339,1.5,32.3,0.64,1001.2,-99,0.0,-99,-99,-99,新北市,06,三峽區,057
24.940806,121.361500,三峽,C0AC60,2018-05-19T15:00:00+08:00,55.0,330,0.8,32.1,0.66,1000.8,-99,0.0,-99,-99,-99,新北市,06,三峽區,057
24.940806,121.361500,三峽,C0AC60,2018-05-19T16:00:00+08:00,55.0,350,0.5,32.0,0.67,1001.0,-99,0.0,-99,-99,-99,新北市,06,三峽區,057
24.940806,121.361500,三峽,C0AC60,2018-05-19T17:00:00+08:00,55.0,41,1.4,30.5,0.75,1001.5,-99,0.0,-99,-99,-99,新北市,06,三峽區,057
24.940806,121.361500,三峽,C0AC60,2018-05-19T18:00:00+08:00,55.0,82,1.5,29.8,0.77,1001.9,-99,0.0,-99,-99,-99,新北市,06,三峽區,057
24.940806,121.361500,三峽,C0AC60,2018-05-19T19:00:00+08:00,55.0,336,0.6,29.1,0.8,1002.7,-99,0.0,-99,-99,-99,新北市,06,三峽區,057
24.940806,121.361500,三峽,C0AC60,2018-05-19T20:00:00+08:00,55.0,349,0.6,28.4,0.86,1003.2,-99,0.0,-99,-99,-99,新北市,06,三峽區,057
24.940806,121.361500,三峽,C0AC60,2018-05-19T21:00:00+08:00,55.0,83,0.8,28.3,0.88,1003.3,-99,0.0,-99,-99,-99,新北市,06,三峽區,057
24.940806,121.361500,三峽,C0AC60,2018-05-19T22:00:00+08:00,55.0,85,1.3,27.7,0.92,1003.0,-99,0.0,-99,-99,-99,新北市,06,三峽區,057
24.940806,121.361500,三峽,C0AC60,2018-05-19T23:00:00+08:00,55.0,0,0.0,27.3,0.93,1003.1,-99,0.0,-99,-99,-99,新北市,06,三峽區,057
24.940806,121.361500,三峽,C0AC60,2018-05-20T00:00:00+08:00,55.0,212,0.6,26.5,0.97,1003.1,-99,0.0,-99,-99,-99,新北市,06,三峽區,057
24.940806,121.361500,三峽,C0AC60,2018-05-20T01:00:00+08:00,55.0,0,0.0,27.4,0.94,1002.3,-99,0.0,-99,-99,-99,新北市,06,三峽區,057
24.940806,121.361500,三峽,C0AC60,2018-05-20T02:00:00+08:00,55.0,89,1.6,26.9,0.96,1001.4,-99,0.0,-99,-99,-99,新北市,06,三峽區,057
24.940806,121.361500,三峽,C0AC60,2018-05-20T03:00:00+08:00,55.0,83,1.0,27.0,0.94,1001.3,-99,0.0,-99,-99,-99,新北市,06,三峽區,057
24.940806,121.361500,三峽,C0AC60,2018-05-20T04:00:00+08:00,55.0,0,0.1,26.8,0.96,1002.3,-99,0.0,-99,-99,-99,新北市,06,三峽區,057
24.940806,121.361500,三峽,C0AC60,2018-05-20T05:00:00+08:00,55.0,227,0.3,26.3,0.98,1002.7,-99,0.0,-99,-99,-99,新北市,06,三峽區,057
24.940806,121.361500,三峽,C0AC60,2018-05-20T06:00:00+08:00,55.0,192,0.5,26.4,0.97,1003.2,-99,0.0,-99,-99,-99,新北市,06,三峽區,057
24.940806,121.361500,三峽,C0AC60,2018-05-20T07:00:00+08:00,55.0,209,0.7,27.1,0.92,1004.0,-99,0.0,-99,-99,-99,新北市,06,三峽區,057
24.940806,121.361500,三峽,C0AC60,2018-05-20T08:00:00+08:00,55.0,307,1.0,28.6,0.82,1004.2,-99,0.0,-99,-99,-99,新北市,06,三峽區,057
24.940806,121.361500,三峽,C0AC60,2018-05-20T09:00:00+08:00,55.0,288,1.2,29.6,0.76,1004.2,-99,0.0,-99,-99,-99,新北市,06,三峽區,057
24.940806,121.361500,三峽,C0AC60,2018-05-20T10:00:00+08:00,55.0,277,0.9,30.9,0.66,1004.1,-99,0.0,-99,-99,-99,新北市,06,三峽區,057
24.940806,121.361500,三峽,C0AC60,2018-05-20T11:00:00+08:00,55.0,229,2.4,32.3,0.59,1003.9,-99,0.0,-99,-99,-99,新北市,06,三峽區,057
24.940806,121.361500,三峽,C0AC60,2018-05-20T12:00:00+08:00,55.0,293,2.1,32.5,0.64,1003.2,-99,0.0,-99,-99,-99,新北市,06,三峽區,057
24.940806,121.361500,三峽,C0AC60,2018-05-20T13:00:00+08:00,55.0,314,2.4,32.4,0.63,1002.8,-99,0.0,-99,-99,-99,新北市,06,三峽區,057
24.940806,121.361500,三峽,C0AC60,2018-05-20T14:00:00+08:00,55.0,300,1.7,32.7,0.6,1002.2,-99,0.0,-99,-99,-99,新北市,06,三峽區,057
24.940806,121.361500,三峽,C0AC60,2018-05-20T15:00:00+08:00,55.0,290,1.5,32.7,0.57,1001.6,-99,0.0,7.1,267,2018-05-20T14:33:00+08:00,新北市,06,三峽區,057
24.940806,121.361500,三峽,C0AC60,2018-05-20T16:00:00+08:00,55.0,246,3.2,31.8,0.6,1001.7,-99,0.0,-99,-99,-99,新北市,06,三峽區,057
24.940806,121.361500,三峽,C0AC60,2018-05-20T17:00:00+08:00,55.0,252,2.0,31.7,0.61,1001.8,-99,0.0,-99,-99,-99,新北市,06,三峽區,057
24.940806,121.361500,三峽,C0AC60,2018-05-20T18:00:00+08:00,55.0,314,1.0,31.0,0.63,1002.5,-99,0.0,-99,-99,-99,新北市,06,三峽區,057
24.940806,121.361500,三峽,C0AC60,2018-05-20T19:00:00+08:00,55.0,238,1.1,30.1,0.7,1003.1,-99,0.0,-99,-99,-99,新北市,06,三峽區,057
24.940806,121.361500,三峽,C0AC60,2018-05-20T20:00:00+08:00,55.0,190,1.1,29.6,0.73,1003.4,-99,0.0,-99,-99,-99,新北市,06,三峽區,057
24.940806,121.361500,三峽,C0AC60,2018-05-20T21:00:00+08:00,55.0,208,0.7,28.3,0.86,1004.0,-99,0.0,-99,-99,-99,新北市,06,三峽區,057
24.940806,121.361500,三峽,C0AC60,2018-05-20T22:00:00+08:00,55.0,192,0.9,27.9,0.91,1004.7,-99,0.0,-99,-99,-99,新北市,06,三峽區,057
24.940806,121.361500,三峽,C0AC60,2018-05-20T23:00:00+08:00,55.0,0,0.0,28.7,0.87,1005.7,-99,0.0,-99,-99,-99,新北市,06,三峽區,057
24.940806,121.361500,三峽,C0AC60,2018-05-21T00:00:00+08:00,55.0,346,0.7,27.6,0.88,1005.5,-99,0.0,-99,-99,-99,新北市,06,三峽區,057
24.940806,121.361500,三峽,C0AC60,2018-05-21T01:00:00+08:00,55.0,0,0.0,27.6,0.86,1003.9,-99,0.0,-99,-99,-99,新北市,06,三峽區,057
24.940806,121.361500,三峽,C0AC60,2018-05-21T02:00:00+08:00,55.0,89,1.0,26.7,0.93,1002.0,-99,0.0,-99,-99,-99,新北市,06,三峽區,057
24.940806,121.361500,三峽,C0AC60,2018-05-21T03:00:00+08:00,55.0,0,0.1,26.7,0.89,1001.5,-99,0.0,-99,-99,-99,新北市,06,三峽區,057
24.940806,121.361500,三峽,C0AC60,2018-05-21T04:00:00+08:00,55.0,196,1.1,26.2,0.9,1002.4,-99,0.0,-99,-99,-99,新北市,06,三峽區,057
24.940806,121.361500,三峽,C0AC60,2018-05-21T05:00:00+08:00,55.0,218,0.5,25.6,0.94,1002.9,-99,0.0,-99,-99,-99,新北市,06,三峽區,057
24.940806,121.361500,三峽,C0AC60,2018-05-21T06:00:00+08:00,55.0,212,1.2,25.9,0.9,1004.1,-99,0.0,-99,-99,-99,新北市,06,三峽區,057
24.940806,121.361500,三峽,C0AC60,2018-05-21T07:00:00+08:00,55.0,308,0.4,27.8,0.74,1005.2,-99,0.0,-99,-99,-99,新北市,06,三峽區,057
24.940806,121.361500,三峽,C0AC60,2018-05-21T08:00:00+08:00,55.0,355,0.5,28.7,0.68,1005.3,-99,0.0,-99,-99,-99,新北市,06,三峽區,057
24.940806,121.361500,三峽,C0AC60,2018-05-21T09:00:00+08:00,55.0,275,0.5,29.6,0.68,1005.5,-99,0.0,-99,-99,-99,新北市,06,三峽區,057
24.940806,121.361500,三峽,C0AC60,2018-05-21T10:00:00+08:00,55.0,237,1.3,30.7,0.64,1005.5,-99,0.0,-99,-99,-99,新北市,06,三峽區,057
24.940806,121.361500,三峽,C0AC60,2018-05-21T11:00:00+08:00,55.0,326,1.9,30.6,0.65,1005.5,-99,0.0,-99,-99,-99,新北市,06,三峽區,057
24.940806,121.361500,三峽,C0AC60,2018-05-21T12:00:00+08:00,55.0,302,0.7,31.1,0.64,1005.1,-99,0.0,-99,-99,-99,新北市,06,三峽區,057
24.940806,121.361500,三峽,C0AC60,2018-05-21T13:00:00+08:00,55.0,296,1.5,30.8,0.65,1004.6,-99,0.0,-99,-99,-99,新北市,06,三峽區,057
24.940806,121.361500,三峽,C0AC60,2018-05-21T14:00:00+08:00,55.0,242,0.6,30.7,0.69,1003.9,-99,0.0,-99,-99,-99,新北市,06,三峽區,057
24.940806,121.361500,三峽,C0AC60,2018-05-21T15:00:00+08:00,55.0,297,1.3,31.2,0.65,1003.5,-99,0.0,-99,-99,-99,新北市,06,三峽區,057
24.940806,121.361500,三峽,C0AC60,2018-05-21T16:00:00+08:00,55.0,5,0.8,31.5,0.65,1003.1,-99,0.0,-99,-99,-99,新北市,06,三峽區,057
24.940806,121.361500,三峽,C0AC60,2018-05-21T17:00:00+08:00,55.0,256,1.2,31.6,0.64,1003.2,-99,0.0,-99,-99,-99,新北市,06,三峽區,057
24.940806,121.361500,三峽,C0AC60,2018-05-21T18:00:00+08:00,55.0,86,1.0,30.1,0.71,1003.6,-99,0.0,-99,-99,-99,新北市,06,三峽區,057
24.940806,121.361500,三峽,C0AC60,2018-05-21T19:00:00+08:00,55.0,91,1.2,28.7,0.77,1004.3,-99,0.0,-99,-99,-99,新北市,06,三峽區,057
24.940806,121.361500,三峽,C0AC60,2018-05-21T20:00:00+08:00,55.0,95,1.0,27.8,0.82,1005.0,-99,0.0,-99,-99,-99,新北市,06,三峽區,057
24.940806,121.361500,三峽,C0AC60,2018-05-21T21:00:00+08:00,55.0,88,1.5,27.2,0.87,1005.4,-99,0.0,-99,-99,-99,新北市,06,三峽區,057
24.940806,121.361500,三峽,C0AC60,2018-05-21T22:00:00+08:00,55.0,87,1.0,26.8,0.91,1005.5,-99,0.0,-99,-99,-99,新北市,06,三峽區,057
24.940806,121.361500,三峽,C0AC60,2018-05-21T23:00:00+08:00,55.0,86,0.8,26.3,0.94,1005.3,-99,0.0,-99,-99,-99,新北市,06,三峽區,057
24.940806,121.361500,三峽,C0AC60,2018-05-22T00:00:00+08:00,55.0,86,1.5,25.8,0.95,1004.3,-99,0.0,-99,-99,-99,新北市,06,三峽區,057
24.940806,121.361500,三峽,C0AC60,2018-05-22T01:00:00+08:00,55.0,84,1.8,25.5,0.96,1003.6,-99,0.0,-99,-99,-99,新北市,06,三峽區,057
24.940806,121.361500,三峽,C0AC60,2018-05-22T02:00:00+08:00,55.0,87,0.5,25.5,0.96,1003.3,-99,0.0,-99,-99,-99,新北市,06,三峽區,057
24.940806,121.361500,三峽,C0AC60,2018-05-22T03:00:00+08:00,55.0,162,0.6,24.9,0.99,1003.7,-99,0.0,-99,-99,-99,新北市,06,三峽區,057
24.940806,121.361500,三峽,C0AC60,2018-05-22T04:00:00+08:00,55.0,170,1.6,24.6,0.99,1004.2,-99,0.0,-99,-99,-99,新北市,06,三峽區,057
24.940806,121.361500,三峽,C0AC60,2018-05-22T05:00:00+08:00,55.0,214,0.4,24.4,0.98,1004.7,-99,0.0,-99,-99,-99,新北市,06,三峽區,057
24.940806,121.361500,三峽,C0AC60,2018-05-22T06:00:00+08:00,55.0,193,0.3,24.5,0.99,1005.2,-99,0.0,-99,-99,-99,新北市,06,三峽區,057
24.940806,121.361500,三峽,C0AC60,2018-05-22T07:00:00+08:00,55.0,182,0.5,25.9,0.94,1005.9,-99,0.0,-99,-99,-99,新北市,06,三峽區,057
24.940806,121.361500,三峽,C0AC60,2018-05-22T08:00:00+08:00,55.0,260,1.3,27.5,0.87,1006.1,-99,0.0,-99,-99,-99,新北市,06,三峽區,057
24.940806,121.361500,三峽,C0AC60,2018-05-22T09:00:00+08:00,55.0,239,1.4,29.2,0.8,1006.2,-99,0.0,-99,-99,-99,新北市,06,三峽區,057
24.940806,121.361500,三峽,C0AC60,2018-05-22T10:00:00+08:00,55.0,283,1.6,29.7,0.74,1006.0,-99,0.0,-99,-99,-99,新北市,06,三峽區,057
24.940806,121.361500,三峽,C0AC60,2018-05-22T11:00:00+08:00,55.0,308,2.1,31.2,0.62,1005.4,-99,0.0,-99,-99,-99,新北市,06,三峽區,057
24.940806,121.361500,三峽,C0AC60,2018-05-22T12:00:00+08:00,55.0,241,2.0,32.2,0.59,1004.7,-99,0.0,-99,-99,-99,新北市,06,三峽區,057
24.940806,121.361500,三峽,C0AC60,2018-05-22T13:00:00+08:00,55.0,317,2.1,32.3,0.58,1003.9,-99,0.0,-99,-99,-99,新北市,06,三峽區,057
24.940806,121.361500,三峽,C0AC60,2018-05-22T14:00:00+08:00,55.0,293,2.1,33.2,0.55,1003.3,-99,0.0,7.7,11,2018-05-22T13:08:00+08:00,新北市,06,三峽區,057
24.940806,121.361500,三峽,C0AC60,2018-05-22T15:00:00+08:00,55.0,296,1.6,32.9,0.56,1002.4,-99,0.0,-99,-99,-99,新北市,06,三峽區,057
24.940806,121.361500,三峽,C0AC60,2018-05-22T16:00:00+08:00,55.0,295,1.6,33.0,0.55,1002.0,-99,0.0,-99,-99,-99,新北市,06,三峽區,057
24.940806,121.361500,三峽,C0AC60,2018-05-22T17:00:00+08:00,55.0,277,1.6,32.8,0.54,1002.0,-99,0.0,-99,-99,-99,新北市,06,三峽區,057
24.940806,121.361500,三峽,C0AC60,2018-05-22T18:00:00+08:00,55.0,220,1.9,31.5,0.56,1002.3,-99,0.0,-99,-99,-99,新北市,06,三峽區,057
24.940806,121.361500,三峽,C0AC60,2018-05-22T19:00:00+08:00,55.0,238,1.2,30.2,0.61,1003.0,-99,0.0,-99,-99,-99,新北市,06,三峽區,057
24.940806,121.361500,三峽,C0AC60,2018-05-22T20:00:00+08:00,55.0,198,1.3,28.6,0.72,1003.6,-99,0.0,-99,-99,-99,新北市,06,三峽區,057
24.940806,121.361500,三峽,C0AC60,2018-05-22T21:00:00+08:00,55.0,209,1.5,27.3,0.81,1004.1,-99,0.0,-99,-99,-99,新北市,06,三峽區,057
24.940806,121.361500,三峽,C0AC60,2018-05-22T22:00:00+08:00,55.0,164,0.7,27.5,0.81,1004.8,-99,0.0,-99,-99,-99,新北市,06,三峽區,057
24.940806,121.361500,三峽,C0AC60,2018-05-22T23:00:00+08:00,55.0,192,1.6,26.5,0.88,1004.8,-99,0.0,-99,-99,-99,新北市,06,三峽區,057
24.940806,121.361500,三峽,C0AC60,2018-05-23T00:00:00+08:00,55.0,179,0.8,26.4,0.91,1004.0,-99,0.0,-99,-99,-99,新北市,06,三峽區,057
24.940806,121.361500,三峽,C0AC60,2018-05-23T01:00:00+08:00,55.0,179,0.9,25.9,0.92,1003.2,-99,0.0,-99,-99,-99,新北市,06,三峽區,057
24.940806,121.361500,三峽,C0AC60,2018-05-23T02:00:00+08:00,55.0,161,1.8,25.5,0.95,1004.0,-99,0.0,-99,-99,-99,新北市,06,三峽區,057
24.940806,121.361500,三峽,C0AC60,2018-05-23T03:00:00+08:00,55.0,199,1.5,25.5,0.93,1004.0,-99,0.0,-99,-99,-99,新北市,06,三峽區,057
24.940806,121.361500,三峽,C0AC60,2018-05-23T04:00:00+08:00,55.0,202,1.4,25.8,0.89,1003.6,-99,0.0,-99,-99,-99,新北市,06,三峽區,057
24.940806,121.361500,三峽,C0AC60,2018-05-23T05:00:00+08:00,55.0,0,0.1,25.9,0.9,1003.8,-99,0.0,-99,-99,-99,新北市,06,三峽區,057
24.940806,121.361500,三峽,C0AC60,2018-05-23T06:00:00+08:00,55.0,205,1.9,25.0,0.92,1004.6,-99,0.0,-99,-99,-99,新北市,06,三峽區,057
24.940806,121.361500,三峽,C0AC60,2018-05-23T07:00:00+08:00,55.0,198,1.6,26.4,0.88,1005.4,-99,0.0,-99,-99,-99,新北市,06,三峽區,057
24.940806,121.361500,三峽,C0AC60,2018-05-23T08:00:00+08:00,55.0,276,2.1,28.2,0.8,1005.7,-99,0.0,-99,-99,-99,新北市,06,三峽區,057
24.940806,121.361500,三峽,C0AC60,2018-05-23T09:00:00+08:00,55.0,259,1.2,29.1,0.75,1005.7,-99,0.0,-99,-99,-99,新北市,06,三峽區,057
24.940806,121.361500,三峽,C0AC60,2018-05-23T10:00:00+08:00,55.0,232,0.9,30.7,0.68,1005.5,-99,0.0,-99,-99,-99,新北市,06,三峽區,057
24.940806,121.361500,三峽,C0AC60,2018-05-23T11:00:00+08:00,55.0,5,1.4,30.7,0.68,1005.5,-99,0.0,-99,-99,-99,新北市,06,三峽區,057
24.940806,121.361500,三峽,C0AC60,2018-05-23T12:00:00+08:00,55.0,350,1.6,30.2,0.72,1004.9,-99,0.0,-99,-99,-99,新北市,06,三峽區,057
24.940806,121.361500,三峽,C0AC60,2018-05-23T13:00:00+08:00,55.0,61,1.5,30.7,0.67,1004.5,-99,0.0,6.6,74,2018-05-23T13:00:00+08:00,新北市,06,三峽區,057
24.940806,121.361500,三峽,C0AC60,2018-05-23T14:00:00+08:00,55.0,91,2.9,27.0,0.83,1004.8,-99,0.0,-99,-99,-99,新北市,06,三峽區,057
24.940806,121.361500,三峽,C0AC60,2018-05-23T15:00:00+08:00,55.0,88,2.9,27.6,0.76,1004.5,-99,0.0,-99,-99,-99,新北市,06,三峽區,057
24.940806,121.361500,三峽,C0AC60,2018-05-23T16:00:00+08:00,55.0,87,2.7,26.4,0.81,1004.2,-99,0.0,8.8,75,2018-05-23T15:23:00+08:00,新北市,06,三峽區,057
24.940806,121.361500,三峽,C0AC60,2018-05-23T17:00:00+08:00,55.0,91,2.9,25.5,0.83,1004.5,-99,0.0,8.2,84,2018-05-23T16:12:00+08:00,新北市,06,三峽區,057
24.940806,121.361500,三峽,C0AC60,2018-05-23T18:00:00+08:00,55.0,83,3.3,24.7,0.86,1004.7,-99,0.0,8.8,82,2018-05-23T17:57:00+08:00,新北市,06,三峽區,057
24.940806,121.361500,三峽,C0AC60,2018-05-23T19:00:00+08:00,55.0,91,2.2,24.2,0.88,1005.4,-99,0.0,-99,-99,-99,新北市,06,三峽區,057
24.940806,121.361500,三峽,C0AC60,2018-05-23T20:00:00+08:00,55.0,91,2.2,24.1,0.87,1005.6,-99,0.0,8.8,87,2018-05-23T19:06:00+08:00,新北市,06,三峽區,057
24.940806,121.361500,三峽,C0AC60,2018-05-23T21:00:00+08:00,55.0,80,2.1,23.9,0.85,1005.5,-99,0.0,9.3,74,2018-05-23T20:01:00+08:00,新北市,06,三峽區,057
24.940806,121.361500,三峽,C0AC60,2018-05-23T22:00:00+08:00,55.0,80,2.7,23.8,0.86,1006.1,-99,0.0,8.2,88,2018-05-23T21:22:00+08:00,新北市,06,三峽區,057
24.940806,121.361500,三峽,C0AC60,2018-05-23T23:00:00+08:00,55.0,87,2.0,23.6,0.86,1005.8,-99,0.0,7.1,107,2018-05-23T22:05:00+08:00,新北市,06,三峽區,057
24.940806,121.361500,三峽,C0AC60,2018-05-24T00:00:00+08:00,55.0,89,2.1,23.5,0.85,1005.1,-99,0.0,-99,-99,-99,新北市,06,三峽區,057
24.940806,121.361500,三峽,C0AC60,2018-05-24T01:00:00+08:00,55.0,91,1.5,23.6,0.81,1004.8,-99,0.0,-99,-99,-99,新北市,06,三峽區,057
24.940806,121.361500,三峽,C0AC60,2018-05-24T02:00:00+08:00,55.0,90,1.2,23.4,0.81,1004.6,-99,0.0,-99,-99,-99,新北市,06,三峽區,057
24.940806,121.361500,三峽,C0AC60,2018-05-24T03:00:00+08:00,55.0,88,1.5,23.2,0.82,1004.2,-99,0.0,-99,-99,-99,新北市,06,三峽區,057
24.940806,121.361500,三峽,C0AC60,2018-05-24T04:00:00+08:00,55.0,85,0.7,23.1,0.84,1004.5,-99,0.0,-99,-99,-99,新北市,06,三峽區,057
24.940806,121.361500,三峽,C0AC60,2018-05-24T05:00:00+08:00,55.0,87,1.0,22.7,0.88,1004.9,-99,0.0,-99,-99,-99,新北市,06,三峽區,057
24.940806,121.361500,三峽,C0AC60,2018-05-24T06:00:00+08:00,55.0,85,1.1,23.1,0.88,1005.2,-99,0.0,-99,-99,-99,新北市,06,三峽區,057
24.940806,121.361500,三峽,C0AC60,2018-05-24T07:00:00+08:00,55.0,89,1.0,24.3,0.83,1005.7,-99,0.0,-99,-99,-99,新北市,06,三峽區,057
24.940806,121.361500,三峽,C0AC60,2018-05-24T08:00:00+08:00,55.0,89,0.7,26.0,0.76,1005.9,-99,0.0,-99,-99,-99,新北市,06,三峽區,057
24.940806,121.361500,三峽,C0AC60,2018-05-24T09:00:00+08:00,55.0,64,0.8,27.5,0.71,1006.0,-99,0.0,-99,-99,-99,新北市,06,三峽區,057
24.940806,121.361500,三峽,C0AC60,2018-05-24T10:00:00+08:00,55.0,84,0.7,29.3,0.64,1006.0,-99,0.0,-99,-99,-99,新北市,06,三峽區,057
24.940806,121.361500,三峽,C0AC60,2018-05-24T11:00:00+08:00,55.0,236,0.4,30.9,0.58,1005.4,-99,0.0,-99,-99,-99,新北市,06,三峽區,057
24.940806,121.361500,三峽,C0AC60,2018-05-24T12:00:00+08:00,55.0,326,1.1,31.6,0.58,1004.6,-99,0.0,-99,-99,-99,新北市,06,三峽區,057
24.940806,121.361500,三峽,C0AC60,2018-05-24T13:00:00+08:00,55.0,319,1.2,32.2,0.56,1003.7,-99,0.0,-99,-99,-99,新北市,06,三峽區,057
24.940806,121.361500,三峽,C0AC60,2018-05-24T14:00:00+08:00,55.0,313,1.5,32.2,0.57,1003.2,-99,0.0,-99,-99,-99,新北市,06,三峽區,057
24.940806,121.361500,三峽,C0AC60,2018-05-24T15:00:00+08:00,55.0,307,2.1,30.8,0.61,1003.0,-99,0.0,-99,-99,-99,新北市,06,三峽區,057
24.940806,121.361500,三峽,C0AC60,2018-05-24T16:00:00+08:00,55.0,358,1.0,29.7,0.65,1002.9,-99,0.0,-99,-99,-99,新北市,06,三峽區,057
24.940806,121.361500,三峽,C0AC60,2018-05-24T17:00:00+08:00,55.0,326,0.3,30.1,0.63,1002.9,-99,0.0,-99,-99,-99,新北市,06,三峽區,057
24.940806,121.361500,三峽,C0AC60,2018-05-24T19:00:00+08:00,55.0,86,1.8,28.8,0.72,1002.8,-99,0.0,-99,-99,-99,新北市,06,三峽區,057
24.940806,121.361500,三峽,C0AC60,2018-05-24T20:00:00+08:00,55.0,0,0.2,28.0,0.77,1003.4,-99,0.0,-99,-99,-99,新北市,06,三峽區,057
24.940806,121.361500,三峽,C0AC60,2018-05-24T21:00:00+08:00,55.0,165,0.7,27.1,0.84,1003.9,-99,0.0,-99,-99,-99,新北市,06,三峽區,057
24.940806,121.361500,三峽,C0AC60,2018-05-24T22:00:00+08:00,55.0,201,0.3,26.1,0.91,1004.2,-99,0.0,-99,-99,-99,新北市,06,三峽區,057
24.940806,121.361500,三峽,C0AC60,2018-05-24T23:00:00+08:00,55.0,199,1.0,25.7,0.92,1004.0,-99,0.0,-99,-99,-99,新北市,06,三峽區,057
24.940806,121.361500,三峽,C0AC60,2018-05-25T00:00:00+08:00,55.0,204,0.6,25.2,0.93,1003.5,-99,0.0,-99,-99,-99,新北市,06,三峽區,057
24.940806,121.361500,三峽,C0AC60,2018-05-25T01:00:00+08:00,55.0,209,0.6,24.7,0.94,1003.1,-99,0.0,-99,-99,-99,新北市,06,三峽區,057
24.940806,121.361500,三峽,C0AC60,2018-05-25T02:00:00+08:00,55.0,0,0.0,24.8,0.95,1002.7,-99,0.0,-99,-99,-99,新北市,06,三峽區,057
24.940806,121.361500,三峽,C0AC60,2018-05-25T03:00:00+08:00,55.0,187,0.3,24.6,0.95,1002.7,-99,0.0,-99,-99,-99,新北市,06,三峽區,057
24.940806,121.361500,三峽,C0AC60,2018-05-25T04:00:00+08:00,55.0,187,0.8,24.3,0.96,1002.8,-99,0.0,-99,-99,-99,新北市,06,三峽區,057
24.940806,121.361500,三峽,C0AC60,2018-05-25T05:00:00+08:00,55.0,215,0.3,23.8,0.97,1003.1,-99,0.0,-99,-99,-99,新北市,06,三峽區,057
24.940806,121.361500,三峽,C0AC60,2018-05-25T06:00:00+08:00,55.0,209,1.3,24.0,0.95,1003.4,-99,0.0,-99,-99,-99,新北市,06,三峽區,057
24.940806,121.361500,三峽,C0AC60,2018-05-25T07:00:00+08:00,55.0,0,0.0,26.2,0.87,1004.1,-99,0.0,-99,-99,-99,新北市,06,三峽區,057
24.940806,121.361500,三峽,C0AC60,2018-05-25T08:00:00+08:00,55.0,261,1.8,28.0,0.82,1004.2,-99,0.0,-99,-99,-99,新北市,06,三峽區,057
24.940806,121.361500,三峽,C0AC60,2018-05-25T09:00:00+08:00,55.0,304,2.0,29.2,0.75,1004.0,-99,0.0,-99,-99,-99,新北市,06,三峽區,057
24.940806,121.361500,三峽,C0AC60,2018-05-25T10:00:00+08:00,55.0,312,1.6,30.6,0.66,1003.2,-99,0.0,-99,-99,-99,新北市,06,三峽區,057
24.940806,121.361500,三峽,C0AC60,2018-05-25T11:00:00+08:00,55.0,257,1.8,31.4,0.65,1002.4,-99,0.0,-99,-99,-99,新北市,06,三峽區,057
24.940806,121.361500,三峽,C0AC60,2018-05-25T12:00:00+08:00,55.0,278,1.3,31.8,0.64,1001.6,-99,0.0,-99,-99,-99,新北市,06,三峽區,057
24.940806,121.361500,三峽,C0AC60,2018-05-25T13:00:00+08:00,55.0,307,2.2,32.0,0.66,1001.1,-99,0.0,-99,-99,-99,新北市,06,三峽區,057
24.940806,121.361500,三峽,C0AC60,2018-05-25T14:00:00+08:00,55.0,295,2.4,31.9,0.66,1000.4,-99,0.0,-99,-99,-99,新北市,06,三峽區,057
24.940806,121.361500,三峽,C0AC60,2018-05-25T15:00:00+08:00,55.0,263,1.9,31.1,0.7,1000.1,-99,0.0,-99,-99,-99,新北市,06,三峽區,057
24.940806,121.361500,三峽,C0AC60,2018-05-25T16:00:00+08:00,55.0,304,1.8,30.5,0.72,999.9,-99,0.0,-99,-99,-99,新北市,06,三峽區,057
24.940806,121.361500,三峽,C0AC60,2018-05-25T17:00:00+08:00,55.0,257,1.3,30.1,0.71,1000.2,-99,0.0,-99,-99,-99,新北市,06,三峽區,057
24.940806,121.361500,三峽,C0AC60,2018-05-25T18:00:00+08:00,55.0,239,2.5,29.3,0.75,1000.5,-99,0.0,-99,-99,-99,新北市,06,三峽區,057
24.940806,121.361500,三峽,C0AC60,2018-05-25T19:00:00+08:00,55.0,246,1.1,28.8,0.78,1000.5,-99,0.0,-99,-99,-99,新北市,06,三峽區,057
24.940806,121.361500,三峽,C0AC60,2018-05-25T20:00:00+08:00,55.0,0,0.0,28.5,0.81,1000.9,-99,0.0,-99,-99,-99,新北市,06,三峽區,057
24.940806,121.361500,三峽,C0AC60,2018-05-25T21:00:00+08:00,55.0,208,0.7,27.5,0.9,1001.3,-99,0.0,-99,-99,-99,新北市,06,三峽區,057
24.940806,121.361500,三峽,C0AC60,2018-05-25T22:00:00+08:00,55.0,177,1.3,27.4,0.91,1001.5,-99,0.0,-99,-99,-99,新北市,06,三峽區,057
24.940806,121.361500,三峽,C0AC60,2018-05-25T23:00:00+08:00,55.0,0,0.2,26.9,0.93,1000.9,-99,0.0,-99,-99,-99,新北市,06,三峽區,057
24.940806,121.361500,三峽,C0AC60,2018-05-26T00:00:00+08:00,55.0,201,1.1,26.0,0.97,1000.3,-99,0.0,-99,-99,-99,新北市,06,三峽區,057
24.940806,121.361500,三峽,C0AC60,2018-05-26T01:00:00+08:00,55.0,163,0.6,25.7,0.98,1000.5,-99,0.0,-99,-99,-99,新北市,06,三峽區,057
24.940806,121.361500,三峽,C0AC60,2018-05-26T02:00:00+08:00,55.0,0,0.2,25.6,0.97,1000.2,-99,0.0,-99,-99,-99,新北市,06,三峽區,057
24.940806,121.361500,三峽,C0AC60,2018-05-26T03:00:00+08:00,55.0,206,0.7,25.3,0.96,1000.1,-99,0.0,-99,-99,-99,新北市,06,三峽區,057
24.940806,121.361500,三峽,C0AC60,2018-05-26T04:00:00+08:00,55.0,225,0.5,25.2,0.96,1000.5,-99,0.0,-99,-99,-99,新北市,06,三峽區,057
24.940806,121.361500,三峽,C0AC60,2018-05-26T05:00:00+08:00,55.0,0,0.1,25.2,0.92,1000.4,-99,0.0,-99,-99,-99,新北市,06,三峽區,057
24.940806,121.361500,三峽,C0AC60,2018-05-26T06:00:00+08:00,55.0,174,0.9,25.2,0.92,1001.6,-99,0.0,-99,-99,-99,新北市,06,三峽區,057
24.940806,121.361500,三峽,C0AC60,2018-05-26T07:00:00+08:00,55.0,207,1.5,26.0,0.87,1002.1,-99,0.0,-99,-99,-99,新北市,06,三峽區,057
24.940806,121.361500,三峽,C0AC60,2018-05-26T08:00:00+08:00,55.0,255,0.8,28.9,0.7,1001.9,-99,0.0,-99,-99,-99,新北市,06,三峽區,057
24.940806,121.361500,三峽,C0AC60,2018-05-26T09:00:00+08:00,55.0,227,1.1,30.0,0.66,1002.1,-99,0.0,-99,-99,-99,新北市,06,三峽區,057
24.940806,121.361500,三峽,C0AC60,2018-05-26T10:00:00+08:00,55.0,223,2.0,31.4,0.6,1001.8,-99,0.0,-99,-99,-99,新北市,06,三峽區,057
24.940806,121.361500,三峽,C0AC60,2018-05-26T11:00:00+08:00,55.0,258,2.0,33.1,0.54,1001.5,-99,0.0,7.7,318,2018-05-26T10:29:00+08:00,新北市,06,三峽區,057
24.940806,121.361500,三峽,C0AC60,2018-05-26T12:00:00+08:00,55.0,318,1.8,33.1,0.61,1001.2,-99,0.0,-99,-99,-99,新北市,06,三峽區,057
24.940806,121.361500,三峽,C0AC60,2018-05-26T13:00:00+08:00,55.0,304,2.3,32.3,0.64,1001.1,-99,0.0,7.7,322,2018-05-26T12:51:00+08:00,新北市,06,三峽區,057
24.940806,121.361500,三峽,C0AC60,2018-05-26T14:00:00+08:00,55.0,252,2.3,32.7,0.61,1000.9,-99,0.0,-99,-99,-99,新北市,06,三峽區,057
24.940806,121.361500,三峽,C0AC60,2018-05-26T15:00:00+08:00,55.0,287,2.9,32.2,0.61,1000.4,-99,0.0,-99,-99,-99,新北市,06,三峽區,057
24.940806,121.361500,三峽,C0AC60,2018-05-26T16:00:00+08:00,55.0,246,1.7,31.3,0.65,1000.1,-99,0.0,-99,-99,-99,新北市,06,三峽區,057
24.940806,121.361500,三峽,C0AC60,2018-05-26T17:00:00+08:00,55.0,279,1.6,31.9,0.63,1000.2,-99,0.0,-99,-99,-99,新北市,06,三峽區,057
24.940806,121.361500,三峽,C0AC60,2018-05-26T18:00:00+08:00,55.0,229,1.3,31.2,0.65,1000.2,-99,0.0,-99,-99,-99,新北市,06,三峽區,057
24.940806,121.361500,三峽,C0AC60,2018-05-26T19:00:00+08:00,55.0,243,1.6,30.3,0.69,1000.6,-99,0.0,-99,-99,-99,新北市,06,三峽區,057
24.940806,121.361500,三峽,C0AC60,2018-05-26T20:00:00+08:00,55.0,203,0.6,28.9,0.79,1001.2,-99,0.0,-99,-99,-99,新北市,06,三峽區,057
24.940806,121.361500,三峽,C0AC60,2018-05-26T21:00:00+08:00,55.0,0,0.2,27.8,0.88,1001.5,-99,0.0,-99,-99,-99,新北市,06,三峽區,057
24.940806,121.361500,三峽,C0AC60,2018-05-26T22:00:00+08:00,55.0,166,0.7,27.1,0.88,1002.3,-99,0.0,-99,-99,-99,新北市,06,三峽區,057
24.940806,121.361500,三峽,C0AC60,2018-05-26T23:00:00+08:00,55.0,165,1.5,26.2,0.88,1002.6,-99,0.0,-99,-99,-99,新北市,06,三峽區,057
24.940806,121.361500,三峽,C0AC60,2018-05-27T00:00:00+08:00,55.0,167,0.9,25.4,0.91,1002.7,-99,0.0,-99,-99,-99,新北市,06,三峽區,057
24.940806,121.361500,三峽,C0AC60,2018-05-27T01:00:00+08:00,55.0,0,0.2,25.2,0.88,1002.9,-99,0.0,-99,-99,-99,新北市,06,三峽區,057
24.940806,121.361500,三峽,C0AC60,2018-05-27T02:00:00+08:00,55.0,214,1.0,24.9,0.81,1002.8,-99,0.0,-99,-99,-99,新北市,06,三峽區,057
24.940806,121.361500,三峽,C0AC60,2018-05-27T03:00:00+08:00,55.0,163,1.2,24.7,0.78,1002.7,-99,0.0,-99,-99,-99,新北市,06,三峽區,057
24.940806,121.361500,三峽,C0AC60,2018-05-27T04:00:00+08:00,55.0,184,0.4,24.1,0.85,1003.0,-99,0.0,-99,-99,-99,新北市,06,三峽區,057
24.940806,121.361500,三峽,C0AC60,2018-05-27T05:00:00+08:00,55.0,180,1.2,23.9,0.87,1003.1,-99,0.0,-99,-99,-99,新北市,06,三峽區,057
24.940806,121.361500,三峽,C0AC60,2018-05-27T06:00:00+08:00,55.0,0,0.2,24.5,0.82,1003.4,-99,0.0,-99,-99,-99,新北市,06,三峽區,057
24.940806,121.361500,三峽,C0AC60,2018-05-27T07:00:00+08:00,55.0,211,0.9,26.0,0.73,1003.7,-99,0.0,-99,-99,-99,新北市,06,三峽區,057
24.940806,121.361500,三峽,C0AC60,2018-05-27T08:00:00+08:00,55.0,0,0.2,29.7,0.6,1003.6,-99,0.0,-99,-99,-99,新北市,06,三峽區,057
24.940806,121.361500,三峽,C0AC60,2018-05-27T09:00:00+08:00,55.0,37,0.3,31.4,0.53,1003.8,-99,0.0,-99,-99,-99,新北市,06,三峽區,057
24.940806,121.361500,三峽,C0AC60,2018-05-27T10:00:00+08:00,55.0,320,1.0,32.8,0.47,1003.3,-99,0.0,-99,-99,-99,新北市,06,三峽區,057
24.940806,121.361500,三峽,C0AC60,2018-05-27T11:00:00+08:00,55.0,321,1.6,34.2,0.41,1002.8,-99,0.0,-99,-99,-99,新北市,06,三峽區,057
24.940806,121.361500,三峽,C0AC60,2018-05-27T12:00:00+08:00,55.0,245,2.3,35.8,0.38,1002.1,-99,0.0,-99,-99,-99,新北市,06,三峽區,057
24.940806,121.361500,三峽,C0AC60,2018-05-27T13:00:00+08:00,55.0,347,0.5,36.1,0.44,1001.3,-99,0.0,-99,-99,-99,新北市,06,三峽區,057
24.940806,121.361500,三峽,C0AC60,2018-05-27T14:00:00+08:00,55.0,341,1.1,34.7,0.57,1000.5,-99,0.0,-99,-99,-99,新北市,06,三峽區,057
24.940806,121.361500,三峽,C0AC60,2018-05-27T15:00:00+08:00,55.0,298,1.3,35.6,0.53,1000.2,-99,0.0,-99,-99,-99,新北市,06,三峽區,057
24.940806,121.361500,三峽,C0AC60,2018-05-27T16:00:00+08:00,55.0,80,1.0,33.4,0.66,1000.6,-99,0.0,11.0,69,2018-05-27T15:07:00+08:00,新北市,06,三峽區,057
24.940806,121.361500,三峽,C0AC60,2018-05-27T17:00:00+08:00,55.0,93,0.8,32.4,0.66,1000.5,-99,0.0,-99,-99,-99,新北市,06,三峽區,057
24.940806,121.361500,三峽,C0AC60,2018-05-27T18:00:00+08:00,55.0,91,1.9,32.1,0.64,1001.3,-99,0.0,-99,-99,-99,新北市,06,三峽區,057
24.940806,121.361500,三峽,C0AC60,2018-05-27T19:00:00+08:00,55.0,45,0.9,30.9,0.78,1001.8,-99,0.0,-99,-99,-99,新北市,06,三峽區,057
24.940806,121.361500,三峽,C0AC60,2018-05-27T20:00:00+08:00,55.0,89,1.0,30.0,0.85,1002.2,-99,0.0,-99,-99,-99,新北市,06,三峽區,057
24.940806,121.361500,三峽,C0AC60,2018-05-27T21:00:00+08:00,55.0,20,0.9,29.2,0.89,1003.4,-99,0.0,-99,-99,-99,新北市,06,三峽區,057
24.940806,121.361500,三峽,C0AC60,2018-05-27T22:00:00+08:00,55.0,85,1.9,28.8,0.88,1003.6,-99,0.0,-99,-99,-99,新北市,06,三峽區,057
24.940806,121.361500,三峽,C0AC60,2018-05-27T23:00:00+08:00,55.0,0,0.2,28.7,0.85,1003.6,-99,0.0,-99,-99,-99,新北市,06,三峽區,057
24.940806,121.361500,三峽,C0AC60,2018-05-28T00:00:00+08:00,55.0,86,0.7,27.4,0.93,1003.1,-99,0.0,-99,-99,-99,新北市,06,三峽區,057
24.940806,121.361500,三峽,C0AC60,2018-05-28T01:00:00+08:00,55.0,0,0.1,27.1,0.94,1002.7,-99,0.0,-99,-99,-99,新北市,06,三峽區,057
24.940806,121.361500,三峽,C0AC60,2018-05-28T02:00:00+08:00,55.0,191,1.0,27.0,0.94,1002.4,-99,0.0,-99,-99,-99,新北市,06,三峽區,057
24.940806,121.361500,三峽,C0AC60,2018-05-28T03:00:00+08:00,55.0,173,1.6,27.2,0.94,1002.5,-99,0.0,-99,-99,-99,新北市,06,三峽區,057
24.940806,121.361500,三峽,C0AC60,2018-05-28T04:00:00+08:00,55.0,211,1.4,26.7,0.96,1002.6,-99,0.0,-99,-99,-99,新北市,06,三峽區,057
24.940806,121.361500,三峽,C0AC60,2018-05-28T06:00:00+08:00,55.0,219,1.3,26.4,0.95,1002.9,-99,0.0,-99,-99,-99,新北市,06,三峽區,057
24.940806,121.361500,三峽,C0AC60,2018-05-28T07:00:00+08:00,55.0,209,1.3,28.2,0.77,1003.3,-99,0.0,-99,-99,-99,新北市,06,三峽區,057
24.940806,121.361500,三峽,C0AC60,2018-05-28T08:00:00+08:00,55.0,316,1.1,30.3,0.66,1003.2,-99,0.0,-99,-99,-99,新北市,06,三峽區,057
24.940806,121.361500,三峽,C0AC60,2018-05-28T09:00:00+08:00,55.0,275,1.1,31.7,0.59,1003.4,-99,0.0,-99,-99,-99,新北市,06,三峽區,057
24.940806,121.361500,三峽,C0AC60,2018-05-28T10:00:00+08:00,55.0,243,1.8,33.0,0.55,1003.2,-99,0.0,-99,-99,-99,新北市,06,三峽區,057
24.940806,121.361500,三峽,C0AC60,2018-05-28T11:00:00+08:00,55.0,310,2.4,32.2,0.66,1003.6,-99,0.0,-99,-99,-99,新北市,06,三峽區,057
24.940806,121.361500,三峽,C0AC60,2018-05-28T12:00:00+08:00,55.0,310,2.0,32.2,0.66,1003.4,-99,0.0,-99,-99,-99,新北市,06,三峽區,057
24.940806,121.361500,三峽,C0AC60,2018-05-28T13:00:00+08:00,55.0,311,2.0,32.7,0.65,1002.9,-99,0.0,-99,-99,-99,新北市,06,三峽區,057
24.940806,121.361500,三峽,C0AC60,2018-05-28T14:00:00+08:00,55.0,323,1.6,32.0,0.66,1002.6,-99,0.0,7.7,2,2018-05-28T13:37:00+08:00,新北市,06,三峽區,057
24.940806,121.361500,三峽,C0AC60,2018-05-28T15:00:00+08:00,55.0,324,1.9,31.3,0.7,1002.5,-99,0.0,-99,-99,-99,新北市,06,三峽區,057
24.940806,121.361500,三峽,C0AC60,2018-05-28T16:00:00+08:00,55.0,329,1.2,31.1,0.71,1002.2,-99,0.0,-99,-99,-99,新北市,06,三峽區,057
24.940806,121.361500,三峽,C0AC60,2018-05-28T17:00:00+08:00,55.0,307,1.6,30.5,0.76,1002.4,-99,0.0,-99,-99,-99,新北市,06,三峽區,057
24.940806,121.361500,三峽,C0AC60,2018-05-28T18:00:00+08:00,55.0,317,0.5,30.3,0.77,1002.4,-99,0.0,-99,-99,-99,新北市,06,三峽區,057
24.940806,121.361500,三峽,C0AC60,2018-05-28T19:00:00+08:00,55.0,231,0.9,29.8,0.79,1002.7,-99,0.0,-99,-99,-99,新北市,06,三峽區,057
24.940806,121.361500,三峽,C0AC60,2018-05-28T20:00:00+08:00,55.0,216,0.4,29.0,0.87,1003.4,-99,0.0,-99,-99,-99,新北市,06,三峽區,057
24.940806,121.361500,三峽,C0AC60,2018-05-28T21:00:00+08:00,55.0,0,0.0,28.9,0.9,1004.1,-99,0.0,-99,-99,-99,新北市,06,三峽區,057
24.940806,121.361500,三峽,C0AC60,2018-05-28T22:00:00+08:00,55.0,89,0.3,28.7,0.9,1004.7,-99,0.0,-99,-99,-99,新北市,06,三峽區,057
24.940806,121.361500,三峽,C0AC60,2018-05-28T23:00:00+08:00,55.0,182,1.0,27.6,0.95,1004.3,-99,0.0,-99,-99,-99,新北市,06,三峽區,057
24.940806,121.361500,三峽,C0AC60,2018-05-29T00:00:00+08:00,55.0,209,0.7,27.1,0.96,1004.2,-99,0.0,-99,-99,-99,新北市,06,三峽區,057
24.940806,121.361500,三峽,C0AC60,2018-05-29T01:00:00+08:00,55.0,0,0.0,27.1,0.95,1004.1,-99,0.0,-99,-99,-99,新北市,06,三峽區,057
24.940806,121.361500,三峽,C0AC60,2018-05-29T02:00:00+08:00,55.0,198,0.7,26.8,0.97,1004.2,-99,0.0,-99,-99,-99,新北市,06,三峽區,057
24.940806,121.361500,三峽,C0AC60,2018-05-29T03:00:00+08:00,55.0,0,0.1,26.7,0.96,1004.1,-99,0.0,-99,-99,-99,新北市,06,三峽區,057
24.940806,121.361500,三峽,C0AC60,2018-05-29T04:00:00+08:00,55.0,0,0.2,26.8,0.94,1004.1,-99,0.0,-99,-99,-99,新北市,06,三峽區,057
24.940806,121.361500,三峽,C0AC60,2018-05-29T05:00:00+08:00,55.0,0,0.2,26.3,0.95,1004.1,-99,0.0,-99,-99,-99,新北市,06,三峽區,057
24.940806,121.361500,三峽,C0AC60,2018-05-29T06:00:00+08:00,55.0,195,0.7,26.4,0.95,1004.4,-99,0.0,-99,-99,-99,新北市,06,三峽區,057
24.940806,121.361500,三峽,C0AC60,2018-05-29T07:00:00+08:00,55.0,173,0.4,28.1,0.89,1004.9,-99,0.0,-99,-99,-99,新北市,06,三峽區,057
24.940806,121.361500,三峽,C0AC60,2018-05-29T08:00:00+08:00,55.0,0,0.2,30.1,0.76,1005.2,-99,0.0,-99,-99,-99,新北市,06,三峽區,057
24.940806,121.361500,三峽,C0AC60,2018-05-29T09:00:00+08:00,55.0,305,0.5,31.3,0.7,1005.2,-99,0.0,-99,-99,-99,新北市,06,三峽區,057
24.940806,121.361500,三峽,C0AC60,2018-05-29T10:00:00+08:00,55.0,230,1.2,32.6,0.62,1005.1,-99,0.0,-99,-99,-99,新北市,06,三峽區,057
24.940806,121.361500,三峽,C0AC60,2018-05-29T11:00:00+08:00,55.0,316,1.3,32.5,0.67,1004.8,-99,0.0,-99,-99,-99,新北市,06,三峽區,057
24.940806,121.361500,三峽,C0AC60,2018-05-29T12:00:00+08:00,55.0,265,2.3,33.6,0.62,1004.2,-99,0.0,-99,-99,-99,新北市,06,三峽區,057
24.940806,121.361500,三峽,C0AC60,2018-05-29T13:00:00+08:00,55.0,325,1.6,33.1,0.63,1003.6,-99,0.0,-99,-99,-99,新北市,06,三峽區,057
24.940806,121.361500,三峽,C0AC60,2018-05-29T14:00:00+08:00,55.0,328,2.6,32.6,0.62,1003.2,-99,0.0,7.7,346,2018-05-29T13:56:00+08:00,新北市,06,三峽區,057
24.940806,121.361500,三峽,C0AC60,2018-05-29T15:00:00+08:00,55.0,275,0.9,32.7,0.64,1003.1,-99,0.0,-99,-99,-99,新北市,06,三峽區,057
24.940806,121.361500,三峽,C0AC60,2018-05-29T16:00:00+08:00,55.0,56,1.2,31.5,0.69,1003.0,-99,0.0,-99,-99,-99,新北市,06,三峽區,057
24.940806,121.361500,三峽,C0AC60,2018-05-29T17:00:00+08:00,55.0,84,2.3,29.1,0.81,1003.2,-99,0.0,-99,-99,-99,新北市,06,三峽區,057
24.940806,121.361500,三峽,C0AC60,2018-05-29T18:00:00+08:00,55.0,81,0.5,30.4,0.72,1002.5,-99,0.0,-99,-99,-99,新北市,06,三峽區,057
24.940806,121.361500,三峽,C0AC60,2018-05-29T19:00:00+08:00,55.0,87,0.7,28.9,0.8,1003.0,-99,0.0,-99,-99,-99,新北市,06,三峽區,057
24.940806,121.361500,三峽,C0AC60,2018-05-29T20:00:00+08:00,55.0,87,1.3,27.7,0.91,1003.7,-99,0.0,-99,-99,-99,新北市,06,三峽區,057
24.940806,121.361500,三峽,C0AC60,2018-05-29T21:00:00+08:00,55.0,225,1.8,27.7,0.86,1004.8,-99,0.0,-99,-99,-99,新北市,06,三峽區,057
24.940806,121.361500,三峽,C0AC60,2018-05-29T22:00:00+08:00,55.0,221,0.8,27.1,0.89,1005.6,-99,0.0,-99,-99,-99,新北市,06,三峽區,057
24.940806,121.361500,三峽,C0AC60,2018-05-29T23:00:00+08:00,55.0,192,0.6,27.1,0.89,1005.9,-99,0.0,-99,-99,-99,新北市,06,三峽區,057
24.940806,121.361500,三峽,C0AC60,2018-05-30T00:00:00+08:00,55.0,158,0.7,27.0,0.91,1005.6,-99,0.0,-99,-99,-99,新北市,06,三峽區,057
24.940806,121.361500,三峽,C0AC60,2018-05-30T01:00:00+08:00,55.0,176,0.6,26.8,0.92,1004.8,-99,0.0,-99,-99,-99,新北市,06,三峽區,057
24.940806,121.361500,三峽,C0AC60,2018-05-30T02:00:00+08:00,55.0,212,0.5,25.9,0.98,1003.8,-99,0.0,-99,-99,-99,新北市,06,三峽區,057
24.940806,121.361500,三峽,C0AC60,2018-05-30T03:00:00+08:00,55.0,0,0.0,25.7,0.97,1003.4,-99,0.0,-99,-99,-99,新北市,06,三峽區,057
24.940806,121.361500,三峽,C0AC60,2018-05-30T04:00:00+08:00,55.0,208,0.7,25.5,0.98,1004.5,-99,0.0,-99,-99,-99,新北市,06,三峽區,057
24.940806,121.361500,三峽,C0AC60,2018-05-30T05:00:00+08:00,55.0,224,0.6,25.5,0.99,1005.3,-99,0.0,-99,-99,-99,新北市,06,三峽區,057
24.940806,121.361500,三峽,C0AC60,2018-05-30T06:00:00+08:00,55.0,171,0.5,25.5,0.99,1005.7,-99,0.0,-99,-99,-99,新北市,06,三峽區,057
24.940806,121.361500,三峽,C0AC60,2018-05-30T07:00:00+08:00,55.0,197,1.4,26.4,0.96,1006.0,-99,0.0,-99,-99,-99,新北市,06,三峽區,057
24.940806,121.361500,三峽,C0AC60,2018-05-30T08:00:00+08:00,55.0,299,0.9,28.4,0.9,1005.7,-99,0.0,-99,-99,-99,新北市,06,三峽區,057
24.940806,121.361500,三峽,C0AC60,2018-05-30T09:00:00+08:00,55.0,320,1.7,30.2,0.8,1005.4,-99,0.0,-99,-99,-99,新北市,06,三峽區,057
24.940806,121.361500,三峽,C0AC60,2018-05-30T10:00:00+08:00,55.0,293,0.7,31.6,0.72,1005.1,-99,0.0,-99,-99,-99,新北市,06,三峽區,057
24.940806,121.361500,三峽,C0AC60,2018-05-30T11:00:00+08:00,55.0,343,0.6,32.4,0.67,1004.6,-99,0.0,-99,-99,-99,新北市,06,三峽區,057
24.940806,121.361500,三峽,C0AC60,2018-05-30T12:00:00+08:00,55.0,318,1.0,33.8,0.59,1003.8,-99,0.0,-99,-99,-99,新北市,06,三峽區,057
24.940806,121.361500,三峽,C0AC60,2018-05-30T13:00:00+08:00,55.0,299,1.6,33.8,0.62,1003.3,-99,0.0,-99,-99,-99,新北市,06,三峽區,057
24.940806,121.361500,三峽,C0AC60,2018-05-30T14:00:00+08:00,55.0,312,1.5,33.7,0.62,1002.6,-99,0.0,-99,-99,-99,新北市,06,三峽區,057
24.940806,121.361500,三峽,C0AC60,2018-05-30T15:00:00+08:00,55.0,327,2.4,33.8,0.6,1002.0,-99,0.0,-99,-99,-99,新北市,06,三峽區,057
24.940806,121.361500,三峽,C0AC60,2018-05-30T16:00:00+08:00,55.0,34,1.5,32.2,0.61,1002.4,-99,0.0,-99,-99,-99,新北市,06,三峽區,057
24.940806,121.361500,三峽,C0AC60,2018-05-30T17:00:00+08:00,55.0,81,0.3,29.1,0.76,1002.9,-99,0.0,6.6,49,2018-05-30T16:12:00+08:00,新北市,06,三峽區,057
24.940806,121.361500,三峽,C0AC60,2018-05-30T18:00:00+08:00,55.0,88,1.0,29.0,0.76,1003.5,-99,0.0,-99,-99,-99,新北市,06,三峽區,057
24.940806,121.361500,三峽,C0AC60,2018-05-30T19:00:00+08:00,55.0,0,0.2,29.0,0.81,1003.9,-99,0.0,-99,-99,-99,新北市,06,三峽區,057
24.940806,121.361500,三峽,C0AC60,2018-05-30T20:00:00+08:00,55.0,173,0.6,28.6,0.82,1004.9,-99,0.0,-99,-99,-99,新北市,06,三峽區,057
24.940806,121.361500,三峽,C0AC60,2018-05-30T21:00:00+08:00,55.0,0,0.2,28.6,0.86,1005.4,-99,0.0,-99,-99,-99,新北市,06,三峽區,057
24.940806,121.361500,三峽,C0AC60,2018-05-30T22:00:00+08:00,55.0,208,1.1,28.1,0.91,1005.8,-99,0.0,-99,-99,-99,新北市,06,三峽區,057
24.940806,121.361500,三峽,C0AC60,2018-05-30T23:00:00+08:00,55.0,213,1.3,27.2,0.97,1005.4,-99,0.0,-99,-99,-99,新北市,06,三峽區,057
24.940806,121.361500,三峽,C0AC60,2018-05-31T00:00:00+08:00,55.0,195,0.5,27.2,0.97,1004.6,-99,0.0,-99,-99,-99,新北市,06,三峽區,057
24.940806,121.361500,三峽,C0AC60,2018-05-31T01:00:00+08:00,55.0,182,1.2,26.6,0.98,1004.5,-99,0.0,-99,-99,-99,新北市,06,三峽區,057
24.940806,121.361500,三峽,C0AC60,2018-05-31T02:00:00+08:00,55.0,161,2.1,26.3,0.97,1004.3,-99,0.0,-99,-99,-99,新北市,06,三峽區,057
24.940806,121.361500,三峽,C0AC60,2018-05-31T03:00:00+08:00,55.0,211,1.2,25.9,0.97,1003.8,-99,0.0,-99,-99,-99,新北市,06,三峽區,057
24.940806,121.361500,三峽,C0AC60,2018-05-31T04:00:00+08:00,55.0,187,0.3,26.1,0.95,1003.7,-99,0.0,-99,-99,-99,新北市,06,三峽區,057
24.940806,121.361500,三峽,C0AC60,2018-05-31T05:00:00+08:00,55.0,179,0.6,25.5,0.95,1003.6,-99,0.0,-99,-99,-99,新北市,06,三峽區,057
24.940806,121.361500,三峽,C0AC60,2018-05-31T06:00:00+08:00,55.0,194,0.8,25.7,0.94,1004.1,-99,0.0,-99,-99,-99,新北市,06,三峽區,057
24.940806,121.361500,三峽,C0AC60,2018-05-31T07:00:00+08:00,55.0,165,1.1,27.1,0.89,1004.6,-99,0.0,-99,-99,-99,新北市,06,三峽區,057
24.940806,121.361500,三峽,C0AC60,2018-05-31T08:00:00+08:00,55.0,0,0.2,29.7,0.78,1004.7,-99,0.0,-99,-99,-99,新北市,06,三峽區,057
24.940806,121.361500,三峽,C0AC60,2018-05-31T09:00:00+08:00,55.0,187,1.0,31.2,0.66,1004.7,-99,0.0,-99,-99,-99,新北市,06,三峽區,057
24.940806,121.361500,三峽,C0AC60,2018-05-31T10:00:00+08:00,55.0,310,1.2,32.1,0.64,1004.4,-99,0.0,-99,-99,-99,新北市,06,三峽區,057
24.940806,121.361500,三峽,C0AC60,2018-05-31T11:00:00+08:00,55.0,298,1.3,32.5,0.66,1004.1,-99,0.0,-99,-99,-99,新北市,06,三峽區,057
24.940806,121.361500,三峽,C0AC60,2018-05-31T12:00:00+08:00,55.0,295,1.4,33.7,0.64,1003.7,-99,0.0,-99,-99,-99,新北市,06,三峽區,057
24.940806,121.361500,三峽,C0AC60,2018-05-31T13:00:00+08:00,55.0,318,2.2,33.9,0.6,1003.2,-99,0.0,7.7,331,2018-05-31T13:00:00+08:00,新北市,06,三峽區,057
24.940806,121.361500,三峽,C0AC60,2018-05-31T14:00:00+08:00,55.0,256,3.1,34.0,0.59,1002.9,-99,0.0,8.8,328,2018-05-31T13:35:00+08:00,新北市,06,三峽區,057
24.940806,121.361500,三峽,C0AC60,2018-05-31T15:00:00+08:00,55.0,249,3.3,33.9,0.6,1002.6,-99,0.0,8.8,247,2018-05-31T14:25:00+08:00,新北市,06,三峽區,057
24.940806,121.361500,三峽,C0AC60,2018-05-31T16:00:00+08:00,55.0,323,2.4,32.8,0.61,1002.4,-99,0.0,8.2,232,2018-05-31T15:10:00+08:00,新北市,06,三峽區,057
24.940806,121.361500,三峽,C0AC60,2018-05-31T17:00:00+08:00,55.0,228,1.3,32.2,0.62,1002.2,-99,0.0,7.1,335,2018-05-31T16:04:00+08:00,新北市,06,三峽區,057
24.940806,121.361500,三峽,C0AC60,2018-05-31T18:00:00+08:00,55.0,237,1.0,31.1,0.68,1002.4,-99,0.0,-99,-99,-99,新北市,06,三峽區,057
24.940806,121.361500,三峽,C0AC60,2018-05-31T19:00:00+08:00,55.0,342,1.1,30.8,0.7,1003.3,-99,0.0,-99,-99,-99,新北市,06,三峽區,057
24.940806,121.361500,三峽,C0AC60,2018-05-31T20:00:00+08:00,55.0,315,2.0,29.3,0.79,1004.1,-99,0.0,-99,-99,-99,新北市,06,三峽區,057
24.940806,121.361500,三峽,C0AC60,2018-05-31T21:00:00+08:00,55.0,307,1.4,29.1,0.86,1004.8,-99,0.0,-99,-99,-99,新北市,06,三峽區,057
24.940806,121.361500,三峽,C0AC60,2018-05-31T22:00:00+08:00,55.0,22,1.1,27.7,0.91,1005.4,-99,0.0,-99,-99,-99,新北市,06,三峽區,057
24.940806,121.361500,三峽,C0AC60,2018-05-31T23:00:00+08:00,55.0,311,0.7,27.6,0.89,1005.8,-99,0.0,-99,-99,-99,新北市,06,三峽區,057
