24.940806,121.361500,三峽,C0AC60,2019-01-01T00:00:00+08:00,55.0,82,2.7,15.4,1,1021.9,-99,4.5,-99,-99,-99,新北市,06,三峽區,057
24.940806,121.361500,三峽,C0AC60,2019-01-01T01:00:00+08:00,55.0,86,1.7,15.3,1,1021.7,-99,0.0,7.7,93,2019-01-01T00:17:00+08:00,新北市,06,三峽區,057
24.940806,121.361500,三峽,C0AC60,2019-01-01T02:00:00+08:00,55.0,77,2.4,15.3,0.99,1021.2,-99,0.0,7.7,61,2019-01-01T01:56:00+08:00,新北市,06,三峽區,057
24.940806,121.361500,三峽,C0AC60,2019-01-01T03:00:00+08:00,55.0,79,3.0,15.3,1,1020.6,-99,0.5,8.2,58,2019-01-01T02:26:00+08:00,新北市,06,三峽區,057
24.940806,121.361500,三峽,C0AC60,2019-01-01T04:00:00+08:00,55.0,82,2.6,15.4,1,1020.3,-99,0.5,-99,-99,-99,新北市,06,三峽區,057
24.940806,121.361500,三峽,C0AC60,2019-01-01T05:00:00+08:00,55.0,86,2.2,15.4,1,1020.5,-99,0.5,7.7,90,2019-01-01T04:33:00+08:00,新北市,06,三峽區,057
24.940806,121.361500,三峽,C0AC60,2019-01-01T06:00:00+08:00,55.0,76,3.0,15.5,1,1020.8,-99,0.5,8.2,76,2019-01-01T05:53:00+08:00,新北市,06,三峽區,057
24.940806,121.361500,三峽,C0AC60,2019-01-01T07:00:00+08:00,55.0,87,3.0,15.4,1,1021.6,-99,0.5,8.8,70,2019-01-01T06:12:00+08:00,新北市,06,三峽區,057
24.940806,121.361500,三峽,C0AC60,2019-01-01T08:00:00+08:00,55.0,80,3.4,15.8,1,1022.2,-99,0.5,9.3,73,2019-01-01T07:53:00+08:00,新北市,06,三峽區,057
24.940806,121.361500,三峽,C0AC60,2019-01-01T09:00:00+08:00,55.0,80,3.4,16.3,1,1022.6,-99,0.5,-99,-99,-99,新北市,06,三峽區,057
24.940806,121.361500,三峽,C0AC60,2019-01-01T10:00:00+08:00,55.0,80,3.5,16.5,1,1022.7,-99,0.5,10.4,81,2019-01-01T09:52:00+08:00,新北市,06,三峽區,057
24.940806,121.361500,三峽,C0AC60,2019-01-01T11:00:00+08:00,55.0,86,3.4,16.7,1,1021.9,-99,0.5,10.4,74,2019-01-01T10:09:00+08:00,新北市,06,三峽區,057
24.940806,121.361500,三峽,C0AC60,2019-01-01T12:00:00+08:00,55.0,76,3.8,17.5,0.96,1020.6,-99,0.5,11.0,49,2019-01-01T11:48:00+08:00,新北市,06,三峽區,057
24.940806,121.361500,三峽,C0AC60,2019-01-01T13:00:00+08:00,55.0,76,3.1,17.4,0.96,1019.7,-99,0.5,12.1,82,2019-01-01T12:38:00+08:00,新北市,06,三峽區,057
24.940806,121.361500,三峽,C0AC60,2019-01-01T14:00:00+08:00,55.0,78,3.3,17.2,0.98,1019.2,-99,0.5,11.5,81,2019-01-01T13:30:00+08:00,新北市,06,三峽區,057
24.940806,121.361500,三峽,C0AC60,2019-01-01T15:00:00+08:00,55.0,79,3.3,17.6,0.94,1019.1,-99,0.5,11.5,93,2019-01-01T14:32:00+08:00,新北市,06,三峽區,057
24.940806,121.361500,三峽,C0AC60,2019-01-01T16:00:00+08:00,55.0,82,3.3,17.1,0.98,1020.2,-99,0.5,9.9,65,2019-01-01T15:09:00+08:00,新北市,06,三峽區,057
24.940806,121.361500,三峽,C0AC60,2019-01-01T17:00:00+08:00,55.0,82,3.3,15.9,1,1020.7,-99,0.5,11.5,85,2019-01-01T16:48:00+08:00,新北市,06,三峽區,057
24.940806,121.361500,三峽,C0AC60,2019-01-01T18:00:00+08:00,55.0,91,2.2,15.9,1,1020.7,-99,0.5,12.1,77,2019-01-01T17:16:00+08:00,新北市,06,三峽區,057
24.940806,121.361500,三峽,C0AC60,2019-01-01T19:00:00+08:00,55.0,78,3.6,16.2,0.99,1020.0,-99,0.5,10.4,85,2019-01-01T18:40:00+08:00,新北市,06,三峽區,057
24.940806,121.361500,三峽,C0AC60,2019-01-01T20:00:00+08:00,55.0,77,4.2,16.5,0.98,1020.2,-99,0.5,11.5,83,2019-01-01T19:10:00+08:00,新北市,06,三峽區,057
24.940806,121.361500,三峽,C0AC60,2019-01-01T21:00:00+08:00,55.0,79,4.0,16.0,0.99,1020.6,-99,0.5,11.5,96,2019-01-01T20:01:00+08:00,新北市,06,三峽區,057
24.940806,121.361500,三峽,C0AC60,2019-01-01T22:00:00+08:00,55.0,86,3.2,16.1,0.99,1020.6,-99,0.5,11.0,100,2019-01-01T21:06:00+08:00,新北市,06,三峽區,057
24.940806,121.361500,三峽,C0AC60,2019-01-01T23:00:00+08:00,55.0,79,4.8,16.1,1,1020.2,-99,0.5,11.0,77,2019-01-01T22:41:00+08:00,新北市,06,三峽區,057
24.940806,121.361500,三峽,C0AC60,2019-01-02T00:00:00+08:00,55.0,81,3.9,15.9,1,1020.1,-99,0.5,-99,-99,-99,新北市,06,三峽區,057
24.940806,121.361500,三峽,C0AC60,2019-01-02T01:00:00+08:00,55.0,82,3.6,16.0,1,1020.5,-99,0.0,11.0,99,2019-01-02T00:05:00+08:00,新北市,06,三峽區,057
24.940806,121.361500,三峽,C0AC60,2019-01-02T02:00:00+08:00,55.0,73,3.3,15.8,1,1020.4,-99,0.0,9.9,67,2019-01-02T01:36:00+08:00,新北市,06,三峽區,057
24.940806,121.361500,三峽,C0AC60,2019-01-02T03:00:00+08:00,55.0,80,2.6,15.7,0.99,1020.0,-99,0.0,10.4,77,2019-01-02T02:33:00+08:00,新北市,06,三峽區,057
24.940806,121.361500,三峽,C0AC60,2019-01-02T04:00:00+08:00,55.0,80,3.5,16.0,1,1019.8,-99,0.0,9.3,69,2019-01-02T03:42:00+08:00,新北市,06,三峽區,057
24.940806,121.361500,三峽,C0AC60,2019-01-02T05:00:00+08:00,55.0,85,3.4,16.1,1,1019.2,-99,0.0,9.3,68,2019-01-02T04:12:00+08:00,新北市,06,三峽區,057
24.940806,121.361500,三峽,C0AC60,2019-01-02T06:00:00+08:00,55.0,73,4.4,16.1,0.99,1019.8,-99,0.0,11.0,48,2019-01-02T05:21:00+08:00,新北市,06,三峽區,057
24.940806,121.361500,三峽,C0AC60,2019-01-02T07:00:00+08:00,55.0,78,3.7,16.1,1,1020.5,-99,0.5,9.3,43,2019-01-02T06:22:00+08:00,新北市,06,三峽區,057
24.940806,121.361500,三峽,C0AC60,2019-01-02T08:00:00+08:00,55.0,85,2.8,16.2,1,1021.2,-99,0.5,10.4,100,2019-01-02T07:16:00+08:00,新北市,06,三峽區,057
24.940806,121.361500,三峽,C0AC60,2019-01-02T09:00:00+08:00,55.0,79,3.7,16.4,0.99,1021.6,-99,1.0,9.3,46,2019-01-02T08:50:00+08:00,新北市,06,三峽區,057
24.940806,121.361500,三峽,C0AC60,2019-01-02T10:00:00+08:00,55.0,82,4.1,16.3,0.99,1021.0,-99,1.0,11.0,41,2019-01-02T09:52:00+08:00,新北市,06,三峽區,057
24.940806,121.361500,三峽,C0AC60,2019-01-02T11:00:00+08:00,55.0,73,3.9,17.2,0.99,1019.9,-99,1.0,11.5,72,2019-01-02T10:46:00+08:00,新北市,06,三峽區,057
24.940806,121.361500,三峽,C0AC60,2019-01-02T12:00:00+08:00,55.0,80,4.1,18.0,0.95,1018.4,-99,1.0,12.6,84,2019-01-02T11:07:00+08:00,新北市,06,三峽區,057
24.940806,121.361500,三峽,C0AC60,2019-01-02T13:00:00+08:00,55.0,79,4.5,18.4,0.93,1017.5,-99,1.0,10.4,91,2019-01-02T12:07:00+08:00,新北市,06,三峽區,057
24.940806,121.361500,三峽,C0AC60,2019-01-02T14:00:00+08:00,55.0,74,5.2,18.3,0.93,1016.6,-99,1.0,12.6,104,2019-01-02T13:53:00+08:00,新北市,06,三峽區,057
24.940806,121.361500,三峽,C0AC60,2019-01-02T15:00:00+08:00,55.0,79,3.9,17.9,0.97,1017.0,-99,1.0,12.6,88,2019-01-02T14:56:00+08:00,新北市,06,三峽區,057
24.940806,121.361500,三峽,C0AC60,2019-01-02T16:00:00+08:00,55.0,77,3.8,17.5,1,1017.5,-99,1.0,12.1,40,2019-01-02T15:18:00+08:00,新北市,06,三峽區,057
24.940806,121.361500,三峽,C0AC60,2019-01-02T17:00:00+08:00,55.0,84,3.2,17.4,1,1018.3,-99,1.0,10.4,72,2019-01-02T16:02:00+08:00,新北市,06,三峽區,057
24.940806,121.361500,三峽,C0AC60,2019-01-02T18:00:00+08:00,55.0,85,3.1,17.3,1,1018.5,-99,1.0,9.9,58,2019-01-02T17:14:00+08:00,新北市,06,三峽區,057
24.940806,121.361500,三峽,C0AC60,2019-01-02T19:00:00+08:00,55.0,77,3.8,17.4,1,1019.1,-99,1.0,9.9,69,2019-01-02T18:31:00+08:00,新北市,06,三峽區,057
24.940806,121.361500,三峽,C0AC60,2019-01-02T20:00:00+08:00,55.0,86,3.1,17.3,0.99,1019.3,-99,1.0,11.0,63,2019-01-02T19:01:00+08:00,新北市,06,三峽區,057
24.940806,121.361500,三峽,C0AC60,2019-01-02T21:00:00+08:00,55.0,77,2.8,17.5,1,1019.2,-99,1.0,9.3,86,2019-01-02T20:33:00+08:00,新北市,06,三峽區,057
24.940806,121.361500,三峽,C0AC60,2019-01-02T22:00:00+08:00,55.0,77,3.1,17.6,1,1019.4,-99,1.5,8.8,91,2019-01-02T21:44:00+08:00,新北市,06,三峽區,057
24.940806,121.361500,三峽,C0AC60,2019-01-02T23:00:00+08:00,55.0,78,1.9,17.3,1,1019.2,-99,1.5,7.7,94,2019-01-02T22:07:00+08:00,新北市,06,三峽區,057
24.940806,121.361500,三峽,C0AC60,2019-01-03T00:00:00+08:00,55.0,71,2.5,17.3,1,1019.4,-99,2.0,-99,-99,-99,新北市,06,三峽區,057
24.940806,121.361500,三峽,C0AC60,2019-01-03T01:00:00+08:00,55.0,72,1.8,17.1,1,1019.6,-99,1.0,7.1,78,2019-01-03T00:21:00+08:00,新北市,06,三峽區,057
24.940806,121.361500,三峽,C0AC60,2019-01-03T02:00:00+08:00,55.0,69,2.2,17.1,0.99,1019.4,-99,1.5,-99,-99,-99,新北市,06,三峽區,057
24.940806,121.361500,三峽,C0AC60,2019-01-03T03:00:00+08:00,55.0,70,2.4,16.9,0.99,1019.1,-99,2.0,-99,-99,-99,新北市,06,三峽區,057
24.940806,121.361500,三峽,C0AC60,2019-01-03T04:00:00+08:00,55.0,76,1.2,17.0,0.99,1019.5,-99,3.0,7.7,68,2019-01-03T03:23:00+08:00,新北市,06,三峽區,057
24.940806,121.361500,三峽,C0AC60,2019-01-03T05:00:00+08:00,55.0,107,1.3,16.9,1,1019.8,-99,4.5,-99,-99,-99,新北市,06,三峽區,057
24.940806,121.361500,三峽,C0AC60,2019-01-03T06:00:00+08:00,55.0,83,1.3,16.8,0.99,1019.4,-99,5.0,-99,-99,-99,新北市,06,三峽區,057
24.940806,121.361500,三峽,C0AC60,2019-01-03T07:00:00+08:00,55.0,79,2.5,17.0,1,1020.2,-99,6.0,-99,-99,-99,新北市,06,三峽區,057
24.940806,121.361500,三峽,C0AC60,2019-01-03T08:00:00+08:00,55.0,78,2.4,17.2,1,1020.8,-99,7.0,-99,-99,-99,新北市,06,三峽區,057
24.940806,121.361500,三峽,C0AC60,2019-01-03T09:00:00+08:00,55.0,83,3.4,17.5,1,1021.0,-99,7.5,9.3,96,2019-01-03T08:58:00+08:00,新北市,06,三峽區,057
24.940806,121.361500,三峽,C0AC60,2019-01-03T10:00:00+08:00,55.0,80,3.7,18.3,1,1020.7,-99,7.5,11.5,77,2019-01-03T09:41:00+08:00,新北市,06,三峽區,057
24.940806,121.361500,三峽,C0AC60,2019-01-03T11:00:00+08:00,55.0,70,3.6,18.6,1,1020.6,-99,7.5,10.4,81,2019-01-03T10:04:00+08:00,新北市,06,三峽區,057
24.940806,121.361500,三峽,C0AC60,2019-01-03T12:00:00+08:00,55.0,75,3.4,18.5,1,1019.4,-99,7.5,10.4,95,2019-01-03T11:43:00+08:00,新北市,06,三峽區,057
24.940806,121.361500,三峽,C0AC60,2019-01-03T13:00:00+08:00,55.0,83,3.1,19.3,0.99,1018.8,-99,7.5,9.3,87,2019-01-03T12:13:00+08:00,新北市,06,三峽區,057
24.940806,121.361500,三峽,C0AC60,2019-01-03T14:00:00+08:00,55.0,76,3.5,19.5,0.99,1018.3,-99,7.5,-99,-99,-99,新北市,06,三峽區,057
24.940806,121.361500,三峽,C0AC60,2019-01-03T15:00:00+08:00,55.0,71,3.3,19.5,0.99,1018.0,-99,7.5,12.1,76,2019-01-03T14:38:00+08:00,新北市,06,三峽區,057
24.940806,121.361500,三峽,C0AC60,2019-01-03T16:00:00+08:00,55.0,79,4.5,19.2,1,1018.4,-99,7.5,11.5,85,2019-01-03T15:11:00+08:00,新北市,06,三峽區,057
24.940806,121.361500,三峽,C0AC60,2019-01-03T17:00:00+08:00,55.0,87,3.7,18.7,1,1018.8,-99,7.5,10.4,102,2019-01-03T16:05:00+08:00,新北市,06,三峽區,057
24.940806,121.361500,三峽,C0AC60,2019-01-03T18:00:00+08:00,55.0,74,3.2,19.1,1,1018.7,-99,7.5,9.9,90,2019-01-03T17:48:00+08:00,新北市,06,三峽區,057
24.940806,121.361500,三峽,C0AC60,2019-01-03T19:00:00+08:00,55.0,81,4.3,18.9,0.99,1018.9,-99,7.5,11.0,68,2019-01-03T18:11:00+08:00,新北市,06,三峽區,057
24.940806,121.361500,三峽,C0AC60,2019-01-03T20:00:00+08:00,55.0,74,3.4,19.2,1,1018.8,-99,7.5,11.5,62,2019-01-03T19:01:00+08:00,新北市,06,三峽區,057
24.940806,121.361500,三峽,C0AC60,2019-01-03T21:00:00+08:00,55.0,78,4.5,19.4,1,1018.5,-99,7.5,10.4,103,2019-01-03T20:35:00+08:00,新北市,06,三峽區,057
24.940806,121.361500,三峽,C0AC60,2019-01-03T22:00:00+08:00,55.0,71,3.9,19.3,1,1017.8,-99,7.5,11.0,63,2019-01-03T21:20:00+08:00,新北市,06,三峽區,057
24.940806,121.361500,三峽,C0AC60,2019-01-03T23:00:00+08:00,55.0,62,3.7,19.6,1,1017.1,-99,7.5,11.0,44,2019-01-03T22:45:00+08:00,新北市,06,三峽區,057
24.940806,121.361500,三峽,C0AC60,2019-01-04T00:00:00+08:00,55.0,66,4.0,19.8,1,1016.6,-99,7.5,11.0,34,2019-01-03T23:57:00+08:00,新北市,06,三峽區,057
24.940806,121.361500,三峽,C0AC60,2019-01-04T01:00:00+08:00,55.0,67,3.8,20.1,1,1016.2,-99,0.0,10.4,76,2019-01-04T00:20:00+08:00,新北市,06,三峽區,057
24.940806,121.361500,三峽,C0AC60,2019-01-04T02:00:00+08:00,55.0,77,3.9,20.4,1,1015.9,-99,0.0,11.0,86,2019-01-04T01:19:00+08:00,新北市,06,三峽區,057
24.940806,121.361500,三峽,C0AC60,2019-01-04T03:00:00+08:00,55.0,91,1.7,20.3,0.99,1015.8,-99,0.0,9.9,79,2019-01-04T02:08:00+08:00,新北市,06,三峽區,057
24.940806,121.361500,三峽,C0AC60,2019-01-04T04:00:00+08:00,55.0,184,0.4,19.3,1,1016.1,-99,0.0,-99,-99,-99,新北市,06,三峽區,057
24.940806,121.361500,三峽,C0AC60,2019-01-04T05:00:00+08:00,55.0,154,0.9,18.1,1,1016.2,-99,0.0,-99,-99,-99,新北市,06,三峽區,057
24.940806,121.361500,三峽,C0AC60,2019-01-04T06:00:00+08:00,55.0,167,1.2,17.6,1,1016.4,-99,0.0,-99,-99,-99,新北市,06,三峽區,057
24.940806,121.361500,三峽,C0AC60,2019-01-04T07:00:00+08:00,55.0,163,1.1,17.5,1,1016.7,-99,0.0,-99,-99,-99,新北市,06,三峽區,057
24.940806,121.361500,三峽,C0AC60,2019-01-04T08:00:00+08:00,55.0,162,1.2,18.5,1,1017.1,-99,0.0,-99,-99,-99,新北市,06,三峽區,057
24.940806,121.361500,三峽,C0AC60,2019-01-04T09:00:00+08:00,55.0,171,1.0,21.5,0.97,1017.1,-99,0.0,-99,-99,-99,新北市,06,三峽區,057
24.940806,121.361500,三峽,C0AC60,2019-01-04T10:00:00+08:00,55.0,178,0.4,24.5,0.91,1016.5,-99,0.0,-99,-99,-99,新北市,06,三峽區,057
24.940806,121.361500,三峽,C0AC60,2019-01-04T11:00:00+08:00,55.0,282,0.9,24.8,0.9,1015.9,-99,0.0,-99,-99,-99,新北市,06,三峽區,057
24.940806,121.361500,三峽,C0AC60,2019-01-04T12:00:00+08:00,55.0,252,1.8,25.5,0.74,1015.2,-99,0.0,-99,-99,-99,新北市,06,三峽區,057
24.940806,121.361500,三峽,C0AC60,2019-01-04T13:00:00+08:00,55.0,293,1.0,26.1,0.68,1014.1,-99,0.0,-99,-99,-99,新北市,06,三峽區,057
24.940806,121.361500,三峽,C0AC60,2019-01-04T14:00:00+08:00,55.0,312,2.0,24.0,0.79,1014.1,-99,0.0,-99,-99,-99,新北市,06,三峽區,057
24.940806,121.361500,三峽,C0AC60,2019-01-04T15:00:00+08:00,55.0,324,1.6,22.7,0.89,1014.0,-99,0.0,-99,-99,-99,新北市,06,三峽區,057
24.940806,121.361500,三峽,C0AC60,2019-01-04T16:00:00+08:00,55.0,304,1.8,20.8,0.99,1014.6,-99,0.0,-99,-99,-99,新北市,06,三峽區,057
24.940806,121.361500,三峽,C0AC60,2019-01-04T17:00:00+08:00,55.0,309,2.0,19.4,0.99,1015.6,-99,0.0,-99,-99,-99,新北市,06,三峽區,057
24.940806,121.361500,三峽,C0AC60,2019-01-04T18:00:00+08:00,55.0,305,1.2,18.8,1,1016.3,-99,0.0,-99,-99,-99,新北市,06,三峽區,057
24.940806,121.361500,三峽,C0AC60,2019-01-04T19:00:00+08:00,55.0,318,0.9,18.4,0.99,1016.6,-99,0.0,-99,-99,-99,新北市,06,三峽區,057
24.940806,121.361500,三峽,C0AC60,2019-01-04T20:00:00+08:00,55.0,0,0.0,18.3,0.99,1016.7,-99,0.0,-99,-99,-99,新北市,06,三峽區,057
24.940806,121.361500,三峽,C0AC60,2019-01-04T21:00:00+08:00,55.0,0,0.0,18.4,1,1016.5,-99,0.0,-99,-99,-99,新北市,06,三峽區,057
24.940806,121.361500,三峽,C0AC60,2019-01-04T22:00:00+08:00,55.0,0,0.0,18.4,1,1016.3,-99,0.0,-99,-99,-99,新北市,06,三峽區,057
24.940806,121.361500,三峽,C0AC60,2019-01-04T23:00:00+08:00,55.0,316,0.8,18.5,0.99,1016.3,-99,0.0,-99,-99,-99,新北市,06,三峽區,057
24.940806,121.361500,三峽,C0AC60,2019-01-05T00:00:00+08:00,55.0,305,0.8,18.1,0.99,1016.7,-99,0.0,-99,-99,-99,新北市,06,三峽區,057
24.940806,121.361500,三峽,C0AC60,2019-01-05T01:00:00+08:00,55.0,171,0.5,18.2,0.99,1016.0,-99,0.0,-99,-99,-99,新北市,06,三峽區,057
24.940806,121.361500,三峽,C0AC60,2019-01-05T02:00:00+08:00,55.0,0,0.0,18.3,0.99,1015.8,-99,0.0,-99,-99,-99,新北市,06,三峽區,057
24.940806,121.361500,三峽,C0AC60,2019-01-05T03:00:00+08:00,55.0,0,0.0,18.4,0.99,1014.9,-99,0.0,-99,-99,-99,新北市,06,三峽區,057
24.940806,121.361500,三峽,C0AC60,2019-01-05T04:00:00+08:00,55.0,0,0.0,18.4,1,1014.4,-99,0.0,-99,-99,-99,新北市,06,三峽區,057
24.940806,121.361500,三峽,C0AC60,2019-01-05T05:00:00+08:00,55.0,0,0.0,18.4,1,1014.2,-99,0.0,-99,-99,-99,新北市,06,三峽區,057
24.940806,121.361500,三峽,C0AC60,2019-01-05T06:00:00+08:00,55.0,0,0.1,18.3,0.99,1014.5,-99,0.0,-99,-99,-99,新北市,06,三峽區,057
24.940806,121.361500,三峽,C0AC60,2019-01-05T07:00:00+08:00,55.0,0,0.0,18.3,1,1014.9,-99,0.0,-99,-99,-99,新北市,06,三峽區,057
24.940806,121.361500,三峽,C0AC60,2019-01-05T08:00:00+08:00,55.0,235,0.8,18.3,1,1015.4,-99,0.0,-99,-99,-99,新北市,06,三峽區,057
24.940806,121.361500,三峽,C0AC60,2019-01-05T09:00:00+08:00,55.0,0,0.0,18.8,0.99,1015.8,-99,0.0,-99,-99,-99,新北市,06,三峽區,057
24.940806,121.361500,三峽,C0AC60,2019-01-05T10:00:00+08:00,55.0,0,0.1,19.3,0.99,1016.5,-99,0.0,-99,-99,-99,新北市,06,三峽區,057
24.940806,121.361500,三峽,C0AC60,2019-01-05T11:00:00+08:00,55.0,0,0.0,20.0,0.99,1016.1,-99,0.0,-99,-99,-99,新北市,06,三峽區,057
24.940806,121.361500,三峽,C0AC60,2019-01-05T12:00:00+08:00,55.0,0,0.1,20.7,0.99,1015.4,-99,0.0,-99,-99,-99,新北市,06,三峽區,057
24.940806,121.361500,三峽,C0AC60,2019-01-05T13:00:00+08:00,55.0,0,0.2,21.2,0.97,1014.6,-99,0.0,-99,-99,-99,新北市,06,三峽區,057
24.940806,121.361500,三峽,C0AC60,2019-01-05T14:00:00+08:00,55.0,0,0.1,22.2,0.92,1014.1,-99,0.0,-99,-99,-99,新北市,06,三峽區,057
24.940806,121.361500,三峽,C0AC60,2019-01-05T15:00:00+08:00,55.0,80,1.2,22.7,0.89,1013.3,-99,0.0,-99,-99,-99,新北市,06,三峽區,057
24.940806,121.361500,三峽,C0AC60,2019-01-05T16:00:00+08:00,55.0,81,1.7,21.5,0.91,1013.6,-99,0.0,-99,-99,-99,新北市,06,三峽區,057
24.940806,121.361500,三峽,C0AC60,2019-01-05T17:00:00+08:00,55.0,89,1.3,20.5,0.98,1013.8,-99,0.0,-99,-99,-99,新北市,06,三峽區,057
24.940806,121.361500,三峽,C0AC60,2019-01-05T18:00:00+08:00,55.0,90,1.6,20.0,0.99,1014.4,-99,0.0,-99,-99,-99,新北市,06,三峽區,057
24.940806,121.361500,三峽,C0AC60,2019-01-05T19:00:00+08:00,55.0,90,1.1,19.6,1,1014.7,-99,0.0,-99,-99,-99,新北市,06,三峽區,057
24.940806,121.361500,三峽,C0AC60,2019-01-05T20:00:00+08:00,55.0,80,1.9,19.5,1,1015.0,-99,0.0,-99,-99,-99,新北市,06,三峽區,057
24.940806,121.361500,三峽,C0AC60,2019-01-05T21:00:00+08:00,55.0,79,2.0,19.5,1,1015.4,-99,0.0,-99,-99,-99,新北市,06,三峽區,057
24.940806,121.361500,三峽,C0AC60,2019-01-05T22:00:00+08:00,55.0,82,0.9,19.0,0.99,1015.4,-99,3.0,-99,-99,-99,新北市,06,三峽區,057
24.940806,121.361500,三峽,C0AC60,2019-01-05T23:00:00+08:00,55.0,104,0.8,18.8,0.99,1015.2,-99,4.5,-99,-99,-99,新北市,06,三峽區,057
24.940806,121.361500,三峽,C0AC60,2019-01-06T00:00:00+08:00,55.0,339,0.5,18.6,1,1015.6,-99,5.5,-99,-99,-99,新北市,06,三峽區,057
24.940806,121.361500,三峽,C0AC60,2019-01-06T01:00:00+08:00,55.0,0,0.0,18.6,1,1015.7,-99,1.0,-99,-99,-99,新北市,06,三峽區,057
24.940806,121.361500,三峽,C0AC60,2019-01-06T02:00:00+08:00,55.0,0,0.2,17.7,1,1016.0,-99,3.5,-99,-99,-99,新北市,06,三峽區,057
24.940806,121.361500,三峽,C0AC60,2019-01-06T03:00:00+08:00,55.0,356,0.7,17.1,1,1015.9,-99,4.5,-99,-99,-99,新北市,06,三峽區,057
24.940806,121.361500,三峽,C0AC60,2019-01-06T04:00:00+08:00,55.0,87,0.4,16.3,1,1016.0,-99,6.0,-99,-99,-99,新北市,06,三峽區,057
24.940806,121.361500,三峽,C0AC60,2019-01-06T05:00:00+08:00,55.0,87,1.1,16.0,1,1016.2,-99,6.0,-99,-99,-99,新北市,06,三峽區,057
24.940806,121.361500,三峽,C0AC60,2019-01-06T06:00:00+08:00,55.0,0,0.0,16.3,0.99,1016.6,-99,6.0,-99,-99,-99,新北市,06,三峽區,057
24.940806,121.361500,三峽,C0AC60,2019-01-06T07:00:00+08:00,55.0,0,0.0,16.6,0.99,1017.3,-99,6.5,-99,-99,-99,新北市,06,三峽區,057
24.940806,121.361500,三峽,C0AC60,2019-01-06T08:00:00+08:00,55.0,0,0.2,17.0,0.99,1018.0,-99,6.5,-99,-99,-99,新北市,06,三峽區,057
24.940806,121.361500,三峽,C0AC60,2019-01-06T09:00:00+08:00,55.0,0,0.0,17.2,0.99,1018.8,-99,7.0,-99,-99,-99,新北市,06,三峽區,057
24.940806,121.361500,三峽,C0AC60,2019-01-06T10:00:00+08:00,55.0,0,0.0,17.5,0.99,1018.9,-99,7.5,-99,-99,-99,新北市,06,三峽區,057
24.940806,121.361500,三峽,C0AC60,2019-01-06T11:00:00+08:00,55.0,85,0.9,17.9,0.99,1018.3,-99,7.5,-99,-99,-99,新北市,06,三峽區,057
24.940806,121.361500,三峽,C0AC60,2019-01-06T12:00:00+08:00,55.0,91,2.4,18.4,0.99,1017.2,-99,7.5,8.2,97,2019-01-06T11:56:00+08:00,新北市,06,三峽區,057
24.940806,121.361500,三峽,C0AC60,2019-01-06T13:00:00+08:00,55.0,92,2.6,18.9,0.98,1016.4,-99,7.5,7.7,101,2019-01-06T12:59:00+08:00,新北市,06,三峽區,057
24.940806,121.361500,三峽,C0AC60,2019-01-06T14:00:00+08:00,55.0,86,2.5,18.6,1,1016.0,-99,7.5,7.7,83,2019-01-06T13:56:00+08:00,新北市,06,三峽區,057
24.940806,121.361500,三峽,C0AC60,2019-01-06T15:00:00+08:00,55.0,90,1.9,19.2,0.96,1015.6,-99,7.5,7.1,74,2019-01-06T14:52:00+08:00,新北市,06,三峽區,057
24.940806,121.361500,三峽,C0AC60,2019-01-06T16:00:00+08:00,55.0,79,2.8,19.3,0.95,1015.2,-99,7.5,8.2,100,2019-01-06T15:55:00+08:00,新北市,06,三峽區,057
24.940806,121.361500,三峽,C0AC60,2019-01-06T17:00:00+08:00,55.0,79,3.0,18.3,0.98,1014.9,-99,7.5,9.3,93,2019-01-06T16:21:00+08:00,新北市,06,三峽區,057
24.940806,121.361500,三峽,C0AC60,2019-01-06T18:00:00+08:00,55.0,77,3.7,18.3,0.97,1015.3,-99,7.5,12.1,81,2019-01-06T17:58:00+08:00,新北市,06,三峽區,057
24.940806,121.361500,三峽,C0AC60,2019-01-06T19:00:00+08:00,55.0,77,4.0,18.3,0.97,1015.6,-99,7.5,12.1,63,2019-01-06T18:51:00+08:00,新北市,06,三峽區,057
24.940806,121.361500,三峽,C0AC60,2019-01-06T20:00:00+08:00,55.0,76,4.3,18.5,0.96,1015.9,-99,7.5,11.0,62,2019-01-06T19:16:00+08:00,新北市,06,三峽區,057
24.940806,121.361500,三峽,C0AC60,2019-01-06T21:00:00+08:00,55.0,77,4.6,18.3,0.98,1015.9,-99,7.5,12.1,94,2019-01-06T20:38:00+08:00,新北市,06,三峽區,057
24.940806,121.361500,三峽,C0AC60,2019-01-06T22:00:00+08:00,55.0,76,4.7,18.2,0.99,1015.7,-99,7.5,11.5,90,2019-01-06T21:01:00+08:00,新北市,06,三峽區,057
24.940806,121.361500,三峽,C0AC60,2019-01-06T23:00:00+08:00,55.0,73,4.4,18.2,0.99,1015.5,-99,7.5,12.1,68,2019-01-06T22:01:00+08:00,新北市,06,三峽區,057
24.940806,121.361500,三峽,C0AC60,2019-01-07T00:00:00+08:00,55.0,75,3.9,18.2,0.98,1015.5,-99,7.5,10.4,61,2019-01-06T23:54:00+08:00,新北市,06,三峽區,057
24.940806,121.361500,三峽,C0AC60,2019-01-07T01:00:00+08:00,55.0,79,4.9,18.2,0.99,1015.4,-99,0.0,13.2,60,2019-01-07T01:00:00+08:00,新北市,06,三峽區,057
24.940806,121.361500,三峽,C0AC60,2019-01-07T02:00:00+08:00,55.0,75,4.1,17.9,1,1014.9,-99,0.0,11.5,87,2019-01-07T01:58:00+08:00,新北市,06,三峽區,057
24.940806,121.361500,三峽,C0AC60,2019-01-07T03:00:00+08:00,55.0,74,3.6,17.9,1,1014.2,-99,0.0,11.5,91,2019-01-07T02:47:00+08:00,新北市,06,三峽區,057
24.940806,121.361500,三峽,C0AC60,2019-01-07T04:00:00+08:00,55.0,67,4.0,18.1,1,1014.0,-99,0.0,10.4,88,2019-01-07T03:35:00+08:00,新北市,06,三峽區,057
24.940806,121.361500,三峽,C0AC60,2019-01-07T05:00:00+08:00,55.0,69,3.4,18.3,0.99,1014.3,-99,0.0,10.4,47,2019-01-07T04:10:00+08:00,新北市,06,三峽區,057
24.940806,121.361500,三峽,C0AC60,2019-01-07T06:00:00+08:00,55.0,79,3.7,18.5,0.99,1014.5,-99,0.0,9.3,76,2019-01-07T05:09:00+08:00,新北市,06,三峽區,057
24.940806,121.361500,三峽,C0AC60,2019-01-07T07:00:00+08:00,55.0,76,2.9,18.4,0.99,1014.6,-99,0.0,9.3,79,2019-01-07T06:49:00+08:00,新北市,06,三峽區,057
24.940806,121.361500,三峽,C0AC60,2019-01-07T08:00:00+08:00,55.0,83,3.8,18.7,0.99,1015.2,-99,0.0,9.3,80,2019-01-07T07:37:00+08:00,新北市,06,三峽區,057
24.940806,121.361500,三峽,C0AC60,2019-01-07T09:00:00+08:00,55.0,74,3.7,19.3,0.99,1015.5,-99,0.0,10.4,87,2019-01-07T08:15:00+08:00,新北市,06,三峽區,057
24.940806,121.361500,三峽,C0AC60,2019-01-07T10:00:00+08:00,55.0,89,3.1,20.3,0.95,1015.6,-99,0.0,8.8,57,2019-01-07T09:47:00+08:00,新北市,06,三峽區,057
24.940806,121.361500,三峽,C0AC60,2019-01-07T11:00:00+08:00,55.0,83,2.2,22.4,0.87,1014.7,-99,0.0,7.7,58,2019-01-07T10:01:00+08:00,新北市,06,三峽區,057
24.940806,121.361500,三峽,C0AC60,2019-01-07T12:00:00+08:00,55.0,72,1.6,23.0,0.77,1013.9,-99,0.0,-99,-99,-99,新北市,06,三峽區,057
24.940806,121.361500,三峽,C0AC60,2019-01-07T13:00:00+08:00,55.0,87,2.0,23.2,0.76,1013.1,-99,0.0,-99,-99,-99,新北市,06,三峽區,057
24.940806,121.361500,三峽,C0AC60,2019-01-07T14:00:00+08:00,55.0,86,1.7,23.4,0.77,1012.7,-99,0.0,-99,-99,-99,新北市,06,三峽區,057
24.940806,121.361500,三峽,C0AC60,2019-01-07T15:00:00+08:00,55.0,83,1.9,23.2,0.78,1012.5,-99,0.0,-99,-99,-99,新北市,06,三峽區,057
24.940806,121.361500,三峽,C0AC60,2019-01-07T16:00:00+08:00,55.0,93,1.2,23.1,0.8,1012.9,-99,0.0,-99,-99,-99,新北市,06,三峽區,057
24.940806,121.361500,三峽,C0AC60,2019-01-07T17:00:00+08:00,55.0,84,0.8,22.8,0.81,1013.1,-99,0.0,-99,-99,-99,新北市,06,三峽區,057
24.940806,121.361500,三峽,C0AC60,2019-01-07T18:00:00+08:00,55.0,102,0.4,21.7,0.91,1013.4,-99,0.0,-99,-99,-99,新北市,06,三峽區,057
24.940806,121.361500,三峽,C0AC60,2019-01-07T19:00:00+08:00,55.0,0,0.1,21.0,0.99,1013.9,-99,0.0,-99,-99,-99,新北市,06,三峽區,057
24.940806,121.361500,三峽,C0AC60,2019-01-07T20:00:00+08:00,55.0,154,1.2,20.3,1,1014.5,-99,0.0,-99,-99,-99,新北市,06,三峽區,057
24.940806,121.361500,三峽,C0AC60,2019-01-07T21:00:00+08:00,55.0,0,0.0,20.3,1,1014.8,-99,0.0,-99,-99,-99,新北市,06,三峽區,057
24.940806,121.361500,三峽,C0AC60,2019-01-07T22:00:00+08:00,55.0,0,0.0,20.2,1,1014.8,-99,0.0,-99,-99,-99,新北市,06,三峽區,057
24.940806,121.361500,三峽,C0AC60,2019-01-07T23:00:00+08:00,55.0,164,0.3,20.0,1,1014.4,-99,0.0,-99,-99,-99,新北市,06,三峽區,057
24.940806,121.361500,三峽,C0AC60,2019-01-08T00:00:00+08:00,55.0,0,0.1,19.9,1,1014.4,-99,0.0,-99,-99,-99,新北市,06,三峽區,057
24.940806,121.361500,三峽,C0AC60,2019-01-08T01:00:00+08:00,55.0,157,0.3,19.8,1,1014.5,-99,0.0,-99,-99,-99,新北市,06,三峽區,057
24.940806,121.361500,三峽,C0AC60,2019-01-08T02:00:00+08:00,55.0,325,0.8,19.9,1,1014.6,-99,0.0,-99,-99,-99,新北市,06,三峽區,057
24.940806,121.361500,三峽,C0AC60,2019-01-08T03:00:00+08:00,55.0,0,0.1,20.0,0.99,1014.5,-99,0.0,-99,-99,-99,新北市,06,三峽區,057
24.940806,121.361500,三峽,C0AC60,2019-01-08T04:00:00+08:00,55.0,195,1.0,19.8,1,1014.7,-99,0.0,-99,-99,-99,新北市,06,三峽區,057
24.940806,121.361500,三峽,C0AC60,2019-01-08T05:00:00+08:00,55.0,196,0.3,19.7,0.99,1015.2,-99,0.0,-99,-99,-99,新北市,06,三峽區,057
24.940806,121.361500,三峽,C0AC60,2019-01-08T06:00:00+08:00,55.0,0,0.1,19.4,1,1015.7,-99,0.0,-99,-99,-99,新北市,06,三峽區,057
24.940806,121.361500,三峽,C0AC60,2019-01-08T07:00:00+08:00,55.0,0,0.0,19.2,1,1016.2,-99,0.5,-99,-99,-99,新北市,06,三峽區,057
24.940806,121.361500,三峽,C0AC60,2019-01-08T08:00:00+08:00,55.0,93,0.5,19.3,0.99,1017.0,-99,0.5,-99,-99,-99,新北市,06,三峽區,057
24.940806,121.361500,三峽,C0AC60,2019-01-08T09:00:00+08:00,55.0,90,1.5,19.4,1,1017.4,-99,0.5,-99,-99,-99,新北市,06,三峽區,057
24.940806,121.361500,三峽,C0AC60,2019-01-08T10:00:00+08:00,55.0,89,1.9,20.6,0.97,1017.2,-99,0.5,-99,-99,-99,新北市,06,三峽區,057
24.940806,121.361500,三峽,C0AC60,2019-01-08T11:00:00+08:00,55.0,93,2.7,20.7,0.94,1016.7,-99,0.5,-99,-99,-99,新北市,06,三峽區,057
24.940806,121.361500,三峽,C0AC60,2019-01-08T12:00:00+08:00,55.0,85,1.7,21.3,0.9,1016.2,-99,0.5,9.9,95,2019-01-08T11:03:00+08:00,新北市,06,三峽區,057
24.940806,121.361500,三峽,C0AC60,2019-01-08T13:00:00+08:00,55.0,79,2.3,21.5,0.85,1015.4,-99,0.5,7.7,90,2019-01-08T12:48:00+08:00,新北市,06,三峽區,057
24.940806,121.361500,三峽,C0AC60,2019-01-08T14:00:00+08:00,55.0,87,1.9,21.3,0.82,1014.6,-99,0.5,7.1,99,2019-01-08T13:09:00+08:00,新北市,06,三峽區,057
24.940806,121.361500,三峽,C0AC60,2019-01-08T15:00:00+08:00,55.0,82,2.4,20.7,0.85,1014.3,-99,0.5,9.9,56,2019-01-08T14:36:00+08:00,新北市,06,三峽區,057
24.940806,121.361500,三峽,C0AC60,2019-01-08T16:00:00+08:00,55.0,92,2.2,20.1,0.86,1015.0,-99,0.5,10.4,86,2019-01-08T15:32:00+08:00,新北市,06,三峽區,057
24.940806,121.361500,三峽,C0AC60,2019-01-08T17:00:00+08:00,55.0,92,2.2,19.6,0.97,1015.4,-99,0.5,7.7,73,2019-01-08T16:20:00+08:00,新北市,06,三峽區,057
24.940806,121.361500,三峽,C0AC60,2019-01-08T18:00:00+08:00,55.0,93,2.9,19.3,0.97,1015.9,-99,0.5,9.3,71,2019-01-08T17:47:00+08:00,新北市,06,三峽區,057
24.940806,121.361500,三峽,C0AC60,2019-01-08T19:00:00+08:00,55.0,88,3.0,19.2,0.99,1016.3,-99,0.5,-99,-99,-99,新北市,06,三峽區,057
24.940806,121.361500,三峽,C0AC60,2019-01-08T20:00:00+08:00,55.0,93,2.2,19.0,1,1016.4,-99,0.5,8.2,79,2019-01-08T19:14:00+08:00,新北市,06,三峽區,057
24.940806,121.361500,三峽,C0AC60,2019-01-08T21:00:00+08:00,55.0,78,3.9,19.0,0.99,1017.0,-99,0.5,-99,-99,-99,新北市,06,三峽區,057
24.940806,121.361500,三峽,C0AC60,2019-01-08T22:00:00+08:00,55.0,82,2.7,18.2,0.99,1017.4,-99,0.5,9.3,62,2019-01-08T21:05:00+08:00,新北市,06,三峽區,057
24.940806,121.361500,三峽,C0AC60,2019-01-08T23:00:00+08:00,55.0,87,3.0,17.9,1,1018.0,-99,0.5,9.9,98,2019-01-08T22:54:00+08:00,新北市,06,三峽區,057
24.940806,121.361500,三峽,C0AC60,2019-01-09T00:00:00+08:00,55.0,89,2.1,17.8,1,1018.1,-99,0.5,-99,-99,-99,新北市,06,三峽區,057
24.940806,121.361500,三峽,C0AC60,2019-01-09T01:00:00+08:00,55.0,82,3.5,17.6,1,1018.1,-99,0.0,9.9,91,2019-01-09T00:51:00+08:00,新北市,06,三峽區,057
24.940806,121.361500,三峽,C0AC60,2019-01-09T02:00:00+08:00,55.0,90,1.8,17.3,0.99,1018.3,-99,0.0,11.0,70,2019-01-09T01:09:00+08:00,新北市,06,三峽區,057
24.940806,121.361500,三峽,C0AC60,2019-01-09T03:00:00+08:00,55.0,89,3.0,17.3,1,1018.1,-99,0.0,11.5,86,2019-01-09T02:22:00+08:00,新北市,06,三峽區,057
24.940806,121.361500,三峽,C0AC60,2019-01-09T04:00:00+08:00,55.0,87,3.1,17.2,0.99,1017.8,-99,0.0,9.3,72,2019-01-09T03:42:00+08:00,新北市,06,三峽區,057
24.940806,121.361500,三峽,C0AC60,2019-01-09T05:00:00+08:00,55.0,81,3.3,17.0,0.99,1017.9,-99,0.0,9.9,111,2019-01-09T04:11:00+08:00,新北市,06,三峽區,057
24.940806,121.361500,三峽,C0AC60,2019-01-09T06:00:00+08:00,55.0,78,4.0,16.9,0.99,1018.0,-99,0.0,12.1,79,2019-01-09T05:22:00+08:00,新北市,06,三峽區,057
24.940806,121.361500,三峽,C0AC60,2019-01-09T07:00:00+08:00,55.0,77,4.1,17.0,0.99,1018.2,-99,0.0,9.9,41,2019-01-09T06:01:00+08:00,新北市,06,三峽區,057
24.940806,121.361500,三峽,C0AC60,2019-01-09T08:00:00+08:00,55.0,74,4.5,17.7,0.94,1018.6,-99,0.0,11.5,100,2019-01-09T07:12:00+08:00,新北市,06,三峽區,057
24.940806,121.361500,三峽,C0AC60,2019-01-09T09:00:00+08:00,55.0,78,4.4,18.8,0.89,1018.8,-99,0.0,13.7,74,2019-01-09T08:10:00+08:00,新北市,06,三峽區,057
24.940806,121.361500,三峽,C0AC60,2019-01-09T10:00:00+08:00,55.0,76,4.8,19.8,0.85,1018.4,-99,0.0,13.2,77,2019-01-09T09:58:00+08:00,新北市,06,三峽區,057
24.940806,121.361500,三峽,C0AC60,2019-01-09T11:00:00+08:00,55.0,79,4.0,20.8,0.75,1017.8,-99,0.0,13.2,76,2019-01-09T10:28:00+08:00,新北市,06,三峽區,057
24.940806,121.361500,三峽,C0AC60,2019-01-09T12:00:00+08:00,55.0,73,5.1,20.8,0.76,1016.4,-99,0.0,11.0,98,2019-01-09T11:19:00+08:00,新北市,06,三峽區,057
24.940806,121.361500,三峽,C0AC60,2019-01-09T13:00:00+08:00,55.0,74,4.5,20.3,0.79,1015.4,-99,0.0,13.2,102,2019-01-09T12:29:00+08:00,新北市,06,三峽區,057
24.940806,121.361500,三峽,C0AC60,2019-01-09T14:00:00+08:00,55.0,77,4.5,20.5,0.79,1014.6,-99,0.0,12.1,93,2019-01-09T13:06:00+08:00,新北市,06,三峽區,057
24.940806,121.361500,三峽,C0AC60,2019-01-09T15:00:00+08:00,55.0,80,4.7,20.5,0.79,1014.4,-99,0.0,12.1,66,2019-01-09T14:06:00+08:00,新北市,06,三峽區,057
24.940806,121.361500,三峽,C0AC60,2019-01-09T16:00:00+08:00,55.0,71,4.2,19.6,0.87,1014.4,-99,0.0,12.6,67,2019-01-09T15:01:00+08:00,新北市,06,三峽區,057
24.940806,121.361500,三峽,C0AC60,2019-01-09T17:00:00+08:00,55.0,73,4.7,19.4,0.89,1014.5,-99,0.0,11.5,62,2019-01-09T16:04:00+08:00,新北市,06,三峽區,057
24.940806,121.361500,三峽,C0AC60,2019-01-09T18:00:00+08:00,55.0,76,4.4,19.2,0.94,1014.9,-99,0.0,11.0,94,2019-01-09T17:39:00+08:00,新北市,06,三峽區,057
24.940806,121.361500,三峽,C0AC60,2019-01-09T19:00:00+08:00,55.0,75,4.5,19.3,0.96,1015.4,-99,0.0,12.1,74,2019-01-09T18:16:00+08:00,新北市,06,三峽區,057
24.940806,121.361500,三峽,C0AC60,2019-01-09T20:00:00+08:00,55.0,82,3.8,19.3,0.97,1015.5,-99,0.0,10.4,78,2019-01-09T19:25:00+08:00,新北市,06,三峽區,057
24.940806,121.361500,三峽,C0AC60,2019-01-09T21:00:00+08:00,55.0,79,4.5,19.4,0.97,1015.4,-99,0.0,11.0,46,2019-01-09T20:10:00+08:00,新北市,06,三峽區,057
24.940806,121.361500,三峽,C0AC60,2019-01-09T22:00:00+08:00,55.0,77,4.2,19.6,0.98,1015.2,-99,0.0,10.4,85,2019-01-09T22:00:00+08:00,新北市,06,三峽區,057
24.940806,121.361500,三峽,C0AC60,2019-01-09T23:00:00+08:00,55.0,86,2.6,19.9,0.98,1014.8,-99,0.0,9.3,41,2019-01-09T22:01:00+08:00,新北市,06,三峽區,057
24.940806,121.361500,三峽,C0AC60,2019-01-10T00:00:00+08:00,55.0,84,2.9,19.9,0.99,1014.6,-99,0.0,-99,-99,-99,新北市,06,三峽區,057
24.940806,121.361500,三峽,C0AC60,2019-01-10T01:00:00+08:00,55.0,86,2.3,20.1,0.99,1014.2,-99,0.0,8.8,88,2019-01-10T00:29:00+08:00,新北市,06,三峽區,057
24.940806,121.361500,三峽,C0AC60,2019-01-10T02:00:00+08:00,55.0,91,1.8,20.2,0.99,1014.1,-99,0.0,-99,-99,-99,新北市,06,三峽區,057
24.940806,121.361500,三峽,C0AC60,2019-01-10T03:00:00+08:00,55.0,155,0.3,20.0,1,1014.1,-99,0.0,-99,-99,-99,新北市,06,三峽區,057
24.940806,121.361500,三峽,C0AC60,2019-01-10T04:00:00+08:00,55.0,163,1.5,19.2,1,1013.7,-99,0.0,-99,-99,-99,新北市,06,三峽區,057
24.940806,121.361500,三峽,C0AC60,2019-01-10T05:00:00+08:00,55.0,0,0.2,19.0,0.99,1013.4,-99,0.0,-99,-99,-99,新北市,06,三峽區,057
24.940806,121.361500,三峽,C0AC60,2019-01-10T06:00:00+08:00,55.0,158,1.1,18.9,1,1013.8,-99,0.0,-99,-99,-99,新北市,06,三峽區,057
24.940806,121.361500,三峽,C0AC60,2019-01-10T07:00:00+08:00,55.0,0,0.1,18.6,0.99,1014.3,-99,0.0,-99,-99,-99,新北市,06,三峽區,057
24.940806,121.361500,三峽,C0AC60,2019-01-10T08:00:00+08:00,55.0,0,0.0,19.4,1,1015.2,-99,0.0,-99,-99,-99,新北市,06,三峽區,057
24.940806,121.361500,三峽,C0AC60,2019-01-10T09:00:00+08:00,55.0,177,1.8,21.6,0.97,1015.8,-99,0.0,-99,-99,-99,新北市,06,三峽區,057
24.940806,121.361500,三峽,C0AC60,2019-01-10T10:00:00+08:00,55.0,0,0.0,22.6,0.94,1015.7,-99,0.0,-99,-99,-99,新北市,06,三峽區,057
24.940806,121.361500,三峽,C0AC60,2019-01-10T11:00:00+08:00,55.0,0,0.0,24.0,0.79,1015.1,-99,0.0,-99,-99,-99,新北市,06,三峽區,057
24.940806,121.361500,三峽,C0AC60,2019-01-10T12:00:00+08:00,55.0,266,0.9,24.9,0.71,1014.0,-99,0.0,-99,-99,-99,新北市,06,三峽區,057
24.940806,121.361500,三峽,C0AC60,2019-01-10T13:00:00+08:00,55.0,306,0.7,25.4,0.73,1012.6,-99,0.0,-99,-99,-99,新北市,06,三峽區,057
24.940806,121.361500,三峽,C0AC60,2019-01-10T14:00:00+08:00,55.0,309,0.5,25.8,0.73,1011.9,-99,0.0,-99,-99,-99,新北市,06,三峽區,057
24.940806,121.361500,三峽,C0AC60,2019-01-10T15:00:00+08:00,55.0,309,2.1,23.8,0.82,1012.2,-99,0.0,-99,-99,-99,新北市,06,三峽區,057
24.940806,121.361500,三峽,C0AC60,2019-01-10T16:00:00+08:00,55.0,315,1.8,21.5,0.98,1012.6,-99,0.0,-99,-99,-99,新北市,06,三峽區,057
24.940806,121.361500,三峽,C0AC60,2019-01-10T17:00:00+08:00,55.0,313,1.2,21.1,1,1013.0,-99,0.0,-99,-99,-99,新北市,06,三峽區,057
24.940806,121.361500,三峽,C0AC60,2019-01-10T18:00:00+08:00,55.0,236,0.8,20.8,1,1013.6,-99,0.0,-99,-99,-99,新北市,06,三峽區,057
24.940806,121.361500,三峽,C0AC60,2019-01-10T19:00:00+08:00,55.0,0,0.1,20.8,1,1013.6,-99,0.0,-99,-99,-99,新北市,06,三峽區,057
24.940806,121.361500,三峽,C0AC60,2019-01-10T20:00:00+08:00,55.0,0,0.1,20.6,1,1013.5,-99,0.0,-99,-99,-99,新北市,06,三峽區,057
24.940806,121.361500,三峽,C0AC60,2019-01-10T21:00:00+08:00,55.0,219,0.6,20.5,1,1013.9,-99,0.0,-99,-99,-99,新北市,06,三峽區,057
24.940806,121.361500,三峽,C0AC60,2019-01-10T22:00:00+08:00,55.0,205,0.4,20.8,0.99,1013.9,-99,0.0,-99,-99,-99,新北市,06,三峽區,057
24.940806,121.361500,三峽,C0AC60,2019-01-10T23:00:00+08:00,55.0,0,0.2,20.7,1,1013.8,-99,0.0,-99,-99,-99,新北市,06,三峽區,057
24.940806,121.361500,三峽,C0AC60,2019-01-11T00:00:00+08:00,55.0,0,0.0,20.7,1,1013.4,-99,0.0,-99,-99,-99,新北市,06,三峽區,057
24.940806,121.361500,三峽,C0AC60,2019-01-11T01:00:00+08:00,55.0,204,0.7,20.6,0.99,1013.6,-99,0.0,-99,-99,-99,新北市,06,三峽區,057
24.940806,121.361500,三峽,C0AC60,2019-01-11T02:00:00+08:00,55.0,164,0.7,20.3,1,1013.5,-99,0.0,-99,-99,-99,新北市,06,三峽區,057
24.940806,121.361500,三峽,C0AC60,2019-01-11T03:00:00+08:00,55.0,0,0.0,20.1,1,1012.8,-99,0.0,-99,-99,-99,新北市,06,三峽區,057
24.940806,121.361500,三峽,C0AC60,2019-01-11T04:00:00+08:00,55.0,0,0.0,19.9,1,1012.5,-99,0.0,-99,-99,-99,新北市,06,三峽區,057
24.940806,121.361500,三峽,C0AC60,2019-01-11T05:00:00+08:00,55.0,160,1.6,19.6,1,1012.6,-99,0.0,-99,-99,-99,新北市,06,三峽區,057
24.940806,121.361500,三峽,C0AC60,2019-01-11T06:00:00+08:00,55.0,199,0.3,19.6,1,1013.0,-99,0.0,-99,-99,-99,新北市,06,三峽區,057
24.940806,121.361500,三峽,C0AC60,2019-01-11T07:00:00+08:00,55.0,216,0.5,19.5,0.99,1013.4,-99,0.0,-99,-99,-99,新北市,06,三峽區,057
24.940806,121.361500,三峽,C0AC60,2019-01-11T08:00:00+08:00,55.0,175,0.4,20.3,1,1013.9,-99,0.0,-99,-99,-99,新北市,06,三峽區,057
24.940806,121.361500,三峽,C0AC60,2019-01-11T09:00:00+08:00,55.0,0,0.0,21.0,0.99,1014.1,-99,0.0,-99,-99,-99,新北市,06,三峽區,057
24.940806,121.361500,三峽,C0AC60,2019-01-11T10:00:00+08:00,55.0,320,0.3,22.5,0.96,1013.8,-99,0.0,-99,-99,-99,新北市,06,三峽區,057
24.940806,121.361500,三峽,C0AC60,2019-01-11T11:00:00+08:00,55.0,0,0.2,23.8,0.92,1012.9,-99,0.0,-99,-99,-99,新北市,06,三峽區,057
24.940806,121.361500,三峽,C0AC60,2019-01-11T12:00:00+08:00,55.0,331,0.8,24.7,0.9,1011.6,-99,0.0,-99,-99,-99,新北市,06,三峽區,057
24.940806,121.361500,三峽,C0AC60,2019-01-11T13:00:00+08:00,55.0,322,1.4,22.9,0.94,1011.0,-99,0.0,-99,-99,-99,新北市,06,三峽區,057
24.940806,121.361500,三峽,C0AC60,2019-01-11T14:00:00+08:00,55.0,316,1.3,21.8,1,1010.8,-99,0.0,-99,-99,-99,新北市,06,三峽區,057
24.940806,121.361500,三峽,C0AC60,2019-01-11T15:00:00+08:00,55.0,323,0.4,21.7,1,1010.3,-99,0.0,-99,-99,-99,新北市,06,三峽區,057
24.940806,121.361500,三峽,C0AC60,2019-01-11T16:00:00+08:00,55.0,283,0.4,21.3,1,1010.9,-99,0.0,-99,-99,-99,新北市,06,三峽區,057
24.940806,121.361500,三峽,C0AC60,2019-01-11T17:00:00+08:00,55.0,296,0.4,20.7,1,1011.5,-99,0.0,-99,-99,-99,新北市,06,三峽區,057
24.940806,121.361500,三峽,C0AC60,2019-01-11T18:00:00+08:00,55.0,276,0.6,20.0,0.99,1012.0,-99,0.0,-99,-99,-99,新北市,06,三峽區,057
24.940806,121.361500,三峽,C0AC60,2019-01-11T19:00:00+08:00,55.0,309,0.5,19.5,0.99,1012.2,-99,0.0,-99,-99,-99,新北市,06,三峽區,057
24.940806,121.361500,三峽,C0AC60,2019-01-11T20:00:00+08:00,55.0,316,0.9,19.4,1,1012.5,-99,0.0,-99,-99,-99,新北市,06,三峽區,057
24.940806,121.361500,三峽,C0AC60,2019-01-11T21:00:00+08:00,55.0,0,0.0,19.7,1,1012.6,-99,0.0,-99,-99,-99,新北市,06,三峽區,057
24.940806,121.361500,三峽,C0AC60,2019-01-11T22:00:00+08:00,55.0,0,0.1,19.6,1,1012.6,-99,0.0,-99,-99,-99,新北市,06,三峽區,057
24.940806,121.361500,三峽,C0AC60,2019-01-11T23:00:00+08:00,55.0,0,0.0,19.5,0.99,1012.2,-99,0.0,-99,-99,-99,新北市,06,三峽區,057
24.940806,121.361500,三峽,C0AC60,2019-01-12T00:00:00+08:00,55.0,0,0.1,19.4,1,1011.9,-99,0.0,-99,-99,-99,新北市,06,三峽區,057
24.940806,121.361500,三峽,C0AC60,2019-01-12T01:00:00+08:00,55.0,0,0.1,19.6,1,1012.3,-99,0.0,-99,-99,-99,新北市,06,三峽區,057
24.940806,121.361500,三峽,C0AC60,2019-01-12T02:00:00+08:00,55.0,261,0.5,19.2,0.99,1012.0,-99,0.0,-99,-99,-99,新北市,06,三峽區,057
24.940806,121.361500,三峽,C0AC60,2019-01-12T03:00:00+08:00,55.0,0,0.2,18.9,1,1011.7,-99,0.0,-99,-99,-99,新北市,06,三峽區,057
24.940806,121.361500,三峽,C0AC60,2019-01-12T04:00:00+08:00,55.0,0,0.2,18.9,0.99,1011.7,-99,0.0,-99,-99,-99,新北市,06,三峽區,057
24.940806,121.361500,三峽,C0AC60,2019-01-12T05:00:00+08:00,55.0,0,0.0,19.0,0.99,1012.2,-99,0.0,-99,-99,-99,新北市,06,三峽區,057
24.940806,121.361500,三峽,C0AC60,2019-01-12T06:00:00+08:00,55.0,0,0.0,19.1,1,1012.7,-99,0.0,-99,-99,-99,新北市,06,三峽區,057
24.940806,121.361500,三峽,C0AC60,2019-01-12T07:00:00+08:00,55.0,0,0.0,18.9,0.99,1013.5,-99,0.0,-99,-99,-99,新北市,06,三峽區,057
24.940806,121.361500,三峽,C0AC60,2019-01-12T08:00:00+08:00,55.0,39,0.8,19.3,0.99,1014.3,-99,0.0,-99,-99,-99,新北市,06,三峽區,057
24.940806,121.361500,三峽,C0AC60,2019-01-12T09:00:00+08:00,55.0,88,1.0,19.3,0.99,1014.5,-99,0.0,-99,-99,-99,新北市,06,三峽區,057
24.940806,121.361500,三峽,C0AC60,2019-01-12T10:00:00+08:00,55.0,77,0.7,19.6,0.99,1014.4,-99,0.0,-99,-99,-99,新北市,06,三峽區,057
24.940806,121.361500,三峽,C0AC60,2019-01-12T11:00:00+08:00,55.0,73,1.0,20.4,0.99,1013.9,-99,0.0,-99,-99,-99,新北市,06,三峽區,057
24.940806,121.361500,三峽,C0AC60,2019-01-12T12:00:00+08:00,55.0,75,2.0,20.2,0.99,1013.3,-99,0.0,-99,-99,-99,新北市,06,三峽區,057
24.940806,121.361500,三峽,C0AC60,2019-01-12T13:00:00+08:00,55.0,93,1.0,21.1,0.94,1012.6,-99,0.0,-99,-99,-99,新北市,06,三峽區,057
24.940806,121.361500,三峽,C0AC60,2019-01-12T14:00:00+08:00,55.0,93,1.2,20.9,0.97,1012.3,-99,0.0,-99,-99,-99,新北市,06,三峽區,057
24.940806,121.361500,三峽,C0AC60,2019-01-12T15:00:00+08:00,55.0,96,1.4,21.0,0.95,1012.3,-99,0.0,-99,-99,-99,新北市,06,三峽區,057
24.940806,121.361500,三峽,C0AC60,2019-01-12T16:00:00+08:00,55.0,95,2.1,20.5,0.96,1012.7,-99,0.0,-99,-99,-99,新北市,06,三峽區,057
24.940806,121.361500,三峽,C0AC60,2019-01-12T17:00:00+08:00,55.0,94,1.8,19.6,0.97,1013.4,-99,0.0,-99,-99,-99,新北市,06,三峽區,057
24.940806,121.361500,三峽,C0AC60,2019-01-12T18:00:00+08:00,55.0,95,2.8,18.6,0.99,1014.0,-99,0.0,-99,-99,-99,新北市,06,三峽區,057
24.940806,121.361500,三峽,C0AC60,2019-01-12T19:00:00+08:00,55.0,93,2.0,18.3,1,1014.5,-99,0.0,7.7,96,2019-01-12T18:54:00+08:00,新北市,06,三峽區,057
24.940806,121.361500,三峽,C0AC60,2019-01-12T20:00:00+08:00,55.0,78,2.7,18.3,0.99,1014.8,-99,0.0,-99,-99,-99,新北市,06,三峽區,057
24.940806,121.361500,三峽,C0AC60,2019-01-12T21:00:00+08:00,55.0,83,2.6,18.2,0.99,1015.0,-99,0.0,-99,-99,-99,新北市,06,三峽區,057
24.940806,121.361500,三峽,C0AC60,2019-01-12T22:00:00+08:00,55.0,81,2.7,18.2,0.99,1014.9,-99,0.0,-99,-99,-99,新北市,06,三峽區,057
24.940806,121.361500,三峽,C0AC60,2019-01-12T23:00:00+08:00,55.0,88,2.6,18.3,0.99,1014.3,-99,0.0,7.7,66,2019-01-12T22:06:00+08:00,新北市,06,三峽區,057
24.940806,121.361500,三峽,C0AC60,2019-01-13T00:00:00+08:00,55.0,88,2.3,18.1,1,1014.1,-99,0.0,-99,-99,-99,新北市,06,三峽區,057
24.940806,121.361500,三峽,C0AC60,2019-01-13T01:00:00+08:00,55.0,85,3.0,18.0,0.99,1013.7,-99,0.0,9.3,100,2019-01-13T00:07:00+08:00,新北市,06,三峽區,057
24.940806,121.361500,三峽,C0AC60,2019-01-13T02:00:00+08:00,55.0,77,2.8,18.1,0.99,1013.7,-99,0.0,10.4,72,2019-01-13T01:10:00+08:00,新北市,06,三峽區,057
24.940806,121.361500,三峽,C0AC60,2019-01-13T03:00:00+08:00,55.0,78,1.8,18.1,0.99,1013.8,-99,0.0,9.3,62,2019-01-13T02:13:00+08:00,新北市,06,三峽區,057
24.940806,121.361500,三峽,C0AC60,2019-01-13T04:00:00+08:00,55.0,82,1.9,18.1,0.99,1013.8,-99,0.0,7.7,74,2019-01-13T04:00:00+08:00,新北市,06,三峽區,057
24.940806,121.361500,三峽,C0AC60,2019-01-13T06:00:00+08:00,55.0,90,1.3,18.0,0.99,1014.6,-99,0.0,7.1,57,2019-01-13T05:14:00+08:00,新北市,06,三峽區,057
24.940806,121.361500,三峽,C0AC60,2019-01-13T07:00:00+08:00,55.0,85,2.0,18.0,0.99,1015.0,-99,0.0,7.1,81,2019-01-13T06:11:00+08:00,新北市,06,三峽區,057
24.940806,121.361500,三峽,C0AC60,2019-01-13T08:00:00+08:00,55.0,84,2.4,18.1,0.99,1015.3,-99,0.0,-99,-99,-99,新北市,06,三峽區,057
24.940806,121.361500,三峽,C0AC60,2019-01-13T09:00:00+08:00,55.0,83,2.3,18.7,0.97,1015.5,-99,0.0,7.7,52,2019-01-13T08:30:00+08:00,新北市,06,三峽區,057
24.940806,121.361500,三峽,C0AC60,2019-01-13T10:00:00+08:00,55.0,83,2.9,18.8,0.98,1015.4,-99,0.0,8.8,116,2019-01-13T09:31:00+08:00,新北市,06,三峽區,057
24.940806,121.361500,三峽,C0AC60,2019-01-13T11:00:00+08:00,55.0,82,2.1,19.5,0.95,1014.9,-99,0.0,7.7,78,2019-01-13T10:31:00+08:00,新北市,06,三峽區,057
24.940806,121.361500,三峽,C0AC60,2019-01-13T12:00:00+08:00,55.0,91,1.3,19.5,0.96,1014.4,-99,0.0,6.6,77,2019-01-13T11:22:00+08:00,新北市,06,三峽區,057
24.940806,121.361500,三峽,C0AC60,2019-01-13T13:00:00+08:00,55.0,93,1.8,19.2,0.96,1013.6,-99,0.0,7.7,82,2019-01-13T12:38:00+08:00,新北市,06,三峽區,057
24.940806,121.361500,三峽,C0AC60,2019-01-13T14:00:00+08:00,55.0,94,1.4,18.9,0.97,1013.1,-99,0.0,-99,-99,-99,新北市,06,三峽區,057
24.940806,121.361500,三峽,C0AC60,2019-01-13T15:00:00+08:00,55.0,89,2.0,18.9,0.96,1013.1,-99,0.0,-99,-99,-99,新北市,06,三峽區,057
24.940806,121.361500,三峽,C0AC60,2019-01-13T16:00:00+08:00,55.0,95,0.9,18.7,0.98,1013.5,-99,0.0,7.1,78,2019-01-13T15:15:00+08:00,新北市,06,三峽區,057
24.940806,121.361500,三峽,C0AC60,2019-01-13T17:00:00+08:00,55.0,97,1.7,18.1,0.99,1013.8,-99,0.0,-99,-99,-99,新北市,06,三峽區,057
24.940806,121.361500,三峽,C0AC60,2019-01-13T18:00:00+08:00,55.0,90,1.5,18.2,0.99,1014.1,-99,0.0,-99,-99,-99,新北市,06,三峽區,057
24.940806,121.361500,三峽,C0AC60,2019-01-13T19:00:00+08:00,55.0,94,1.3,18.0,0.99,1014.3,-99,0.0,-99,-99,-99,新北市,06,三峽區,057
24.940806,121.361500,三峽,C0AC60,2019-01-13T20:00:00+08:00,55.0,97,1.5,18.2,0.99,1014.5,-99,0.0,-99,-99,-99,新北市,06,三峽區,057
24.940806,121.361500,三峽,C0AC60,2019-01-13T21:00:00+08:00,55.0,89,1.8,18.1,0.99,1014.5,-99,0.0,-99,-99,-99,新北市,06,三峽區,057
24.940806,121.361500,三峽,C0AC60,2019-01-13T22:00:00+08:00,55.0,86,2.1,18.1,0.99,1014.4,-99,0.0,-99,-99,-99,新北市,06,三峽區,057
24.940806,121.361500,三峽,C0AC60,2019-01-13T23:00:00+08:00,55.0,84,2.4,18.1,0.99,1014.2,-99,0.0,-99,-99,-99,新北市,06,三峽區,057
24.940806,121.361500,三峽,C0AC60,2019-01-14T00:00:00+08:00,55.0,78,2.5,18.0,0.99,1013.8,-99,0.0,-99,-99,-99,新北市,06,三峽區,057
24.940806,121.361500,三峽,C0AC60,2019-01-14T01:00:00+08:00,55.0,82,2.2,17.9,0.99,1013.6,-99,0.0,9.3,77,2019-01-14T00:09:00+08:00,新北市,06,三峽區,057
24.940806,121.361500,三峽,C0AC60,2019-01-14T02:00:00+08:00,55.0,81,2.2,17.7,0.99,1013.4,-99,0.0,-99,-99,-99,新北市,06,三峽區,057
24.940806,121.361500,三峽,C0AC60,2019-01-14T03:00:00+08:00,55.0,87,2.3,17.5,0.99,1013.3,-99,0.0,7.7,89,2019-01-14T02:13:00+08:00,新北市,06,三峽區,057
24.940806,121.361500,三峽,C0AC60,2019-01-14T04:00:00+08:00,55.0,82,2.6,17.4,0.99,1013.5,-99,0.0,-99,-99,-99,新北市,06,三峽區,057
24.940806,121.361500,三峽,C0AC60,2019-01-14T05:00:00+08:00,55.0,92,1.4,17.4,0.99,1013.8,-99,0.0,7.7,68,2019-01-14T04:22:00+08:00,新北市,06,三峽區,057
24.940806,121.361500,三峽,C0AC60,2019-01-14T06:00:00+08:00,55.0,101,2.5,17.6,0.97,1014.3,-99,0.0,-99,-99,-99,新北市,06,三峽區,057
24.940806,121.361500,三峽,C0AC60,2019-01-14T07:00:00+08:00,55.0,90,2.7,17.8,0.94,1014.4,-99,0.0,-99,-99,-99,新北市,06,三峽區,057
24.940806,121.361500,三峽,C0AC60,2019-01-14T08:00:00+08:00,55.0,80,4.7,18.3,0.78,1014.6,-99,0.0,-99,-99,-99,新北市,06,三峽區,057
24.940806,121.361500,三峽,C0AC60,2019-01-14T09:00:00+08:00,55.0,80,4.0,18.8,0.75,1014.4,-99,0.0,10.4,91,2019-01-14T08:24:00+08:00,新北市,06,三峽區,057
24.940806,121.361500,三峽,C0AC60,2019-01-14T10:00:00+08:00,55.0,77,4.4,19.5,0.72,1013.9,-99,0.0,11.5,49,2019-01-14T09:10:00+08:00,新北市,06,三峽區,057
24.940806,121.361500,三峽,C0AC60,2019-01-14T11:00:00+08:00,55.0,80,3.5,20.2,0.7,1013.0,-99,0.0,11.5,97,2019-01-14T10:14:00+08:00,新北市,06,三峽區,057
24.940806,121.361500,三峽,C0AC60,2019-01-14T12:00:00+08:00,55.0,77,3.5,21.5,0.64,1012.0,-99,0.0,13.2,66,2019-01-14T11:32:00+08:00,新北市,06,三峽區,057
24.940806,121.361500,三峽,C0AC60,2019-01-14T13:00:00+08:00,55.0,78,3.7,22.1,0.6,1010.7,-99,0.0,10.4,100,2019-01-14T12:40:00+08:00,新北市,06,三峽區,057
24.940806,121.361500,三峽,C0AC60,2019-01-14T14:00:00+08:00,55.0,80,2.8,22.1,0.61,1010.3,-99,0.0,9.9,73,2019-01-14T13:06:00+08:00,新北市,06,三峽區,057
24.940806,121.361500,三峽,C0AC60,2019-01-14T15:00:00+08:00,55.0,78,2.7,22.0,0.62,1010.5,-99,0.0,9.3,87,2019-01-14T14:30:00+08:00,新北市,06,三峽區,057
24.940806,121.361500,三峽,C0AC60,2019-01-14T16:00:00+08:00,55.0,76,3.6,21.1,0.66,1010.6,-99,0.0,11.5,92,2019-01-14T15:25:00+08:00,新北市,06,三峽區,057
24.940806,121.361500,三峽,C0AC60,2019-01-14T17:00:00+08:00,55.0,75,4.0,20.5,0.7,1010.9,-99,0.0,9.3,85,2019-01-14T16:35:00+08:00,新北市,06,三峽區,057
24.940806,121.361500,三峽,C0AC60,2019-01-14T18:00:00+08:00,55.0,78,3.5,20.1,0.73,1011.3,-99,0.0,10.4,78,2019-01-14T17:04:00+08:00,新北市,06,三峽區,057
24.940806,121.361500,三峽,C0AC60,2019-01-14T19:00:00+08:00,55.0,79,4.5,19.9,0.75,1011.4,-99,0.0,9.9,65,2019-01-14T18:07:00+08:00,新北市,06,三峽區,057
24.940806,121.361500,三峽,C0AC60,2019-01-14T20:00:00+08:00,55.0,77,4.0,20.0,0.77,1011.6,-99,0.0,11.5,91,2019-01-14T19:13:00+08:00,新北市,06,三峽區,057
24.940806,121.361500,三峽,C0AC60,2019-01-14T21:00:00+08:00,55.0,77,3.8,20.2,0.77,1011.9,-99,0.0,10.4,77,2019-01-14T20:56:00+08:00,新北市,06,三峽區,057
24.940806,121.361500,三峽,C0AC60,2019-01-14T22:00:00+08:00,55.0,81,2.5,20.4,0.76,1011.6,-99,0.0,7.7,77,2019-01-14T21:52:00+08:00,新北市,06,三峽區,057
24.940806,121.361500,三峽,C0AC60,2019-01-14T23:00:00+08:00,55.0,87,2.5,20.4,0.78,1011.4,-99,0.0,-99,-99,-99,新北市,06,三峽區,057
24.940806,121.361500,三峽,C0AC60,2019-01-15T00:00:00+08:00,55.0,106,0.3,20.3,0.82,1011.5,-99,0.0,-99,-99,-99,新北市,06,三峽區,057
24.940806,121.361500,三峽,C0AC60,2019-01-15T01:00:00+08:00,55.0,152,0.8,19.1,0.93,1011.5,-99,0.0,-99,-99,-99,新北市,06,三峽區,057
24.940806,121.361500,三峽,C0AC60,2019-01-15T02:00:00+08:00,55.0,158,1.1,18.8,0.97,1011.3,-99,0.0,-99,-99,-99,新北市,06,三峽區,057
24.940806,121.361500,三峽,C0AC60,2019-01-15T03:00:00+08:00,55.0,163,0.5,18.3,0.99,1011.6,-99,0.0,-99,-99,-99,新北市,06,三峽區,057
24.940806,121.361500,三峽,C0AC60,2019-01-15T04:00:00+08:00,55.0,166,0.6,18.3,0.99,1011.6,-99,0.0,-99,-99,-99,新北市,06,三峽區,057
24.940806,121.361500,三峽,C0AC60,2019-01-15T05:00:00+08:00,55.0,0,0.0,18.5,0.99,1011.7,-99,0.0,-99,-99,-99,新北市,06,三峽區,057
24.940806,121.361500,三峽,C0AC60,2019-01-15T06:00:00+08:00,55.0,204,0.9,18.7,0.99,1012.8,-99,0.0,-99,-99,-99,新北市,06,三峽區,057
24.940806,121.361500,三峽,C0AC60,2019-01-15T07:00:00+08:00,55.0,160,1.6,18.3,0.99,1013.1,-99,0.0,-99,-99,-99,新北市,06,三峽區,057
24.940806,121.361500,三峽,C0AC60,2019-01-15T08:00:00+08:00,55.0,0,0.0,18.8,0.99,1013.6,-99,0.0,-99,-99,-99,新北市,06,三峽區,057
24.940806,121.361500,三峽,C0AC60,2019-01-15T09:00:00+08:00,55.0,90,0.3,19.3,0.99,1013.8,-99,0.0,-99,-99,-99,新北市,06,三峽區,057
24.940806,121.361500,三峽,C0AC60,2019-01-15T10:00:00+08:00,55.0,0,0.0,20.3,0.99,1013.8,-99,0.0,-99,-99,-99,新北市,06,三峽區,057
24.940806,121.361500,三峽,C0AC60,2019-01-15T11:00:00+08:00,55.0,0,0.0,21.1,0.97,1013.4,-99,0.0,-99,-99,-99,新北市,06,三峽區,057
24.940806,121.361500,三峽,C0AC60,2019-01-15T12:00:00+08:00,55.0,58,0.4,22.1,0.79,1012.4,-99,0.0,-99,-99,-99,新北市,06,三峽區,057
24.940806,121.361500,三峽,C0AC60,2019-01-15T13:00:00+08:00,55.0,332,1.6,22.5,0.8,1011.9,-99,0.0,-99,-99,-99,新北市,06,三峽區,057
24.940806,121.361500,三峽,C0AC60,2019-01-15T14:00:00+08:00,55.0,344,0.4,22.0,0.85,1011.2,-99,0.0,-99,-99,-99,新北市,06,三峽區,057
24.940806,121.361500,三峽,C0AC60,2019-01-15T15:00:00+08:00,55.0,0,0.2,22.9,0.77,1010.9,-99,0.0,-99,-99,-99,新北市,06,三峽區,057
24.940806,121.361500,三峽,C0AC60,2019-01-15T16:00:00+08:00,55.0,353,1.1,22.0,0.83,1011.6,-99,0.0,-99,-99,-99,新北市,06,三峽區,057
24.940806,121.361500,三峽,C0AC60,2019-01-15T17:00:00+08:00,55.0,311,0.3,21.0,0.97,1012.4,-99,0.0,-99,-99,-99,新北市,06,三峽區,057
24.940806,121.361500,三峽,C0AC60,2019-01-15T18:00:00+08:00,55.0,77,0.9,20.8,0.97,1013.2,-99,0.0,-99,-99,-99,新北市,06,三峽區,057
24.940806,121.361500,三峽,C0AC60,2019-01-15T19:00:00+08:00,55.0,94,1.0,20.4,0.99,1014.1,-99,0.0,-99,-99,-99,新北市,06,三峽區,057
24.940806,121.361500,三峽,C0AC60,2019-01-15T20:00:00+08:00,55.0,72,0.6,19.7,0.99,1014.6,-99,0.5,-99,-99,-99,新北市,06,三峽區,057
24.940806,121.361500,三峽,C0AC60,2019-01-15T21:00:00+08:00,55.0,93,0.9,19.0,0.99,1015.1,-99,0.5,-99,-99,-99,新北市,06,三峽區,057
24.940806,121.361500,三峽,C0AC60,2019-01-15T22:00:00+08:00,55.0,94,1.8,18.2,0.99,1015.4,-99,0.5,-99,-99,-99,新北市,06,三峽區,057
24.940806,121.361500,三峽,C0AC60,2019-01-15T23:00:00+08:00,55.0,94,1.8,17.6,0.99,1015.5,-99,0.5,-99,-99,-99,新北市,06,三峽區,057
24.940806,121.361500,三峽,C0AC60,2019-01-16T00:00:00+08:00,55.0,93,1.8,17.4,0.99,1015.3,-99,0.5,-99,-99,-99,新北市,06,三峽區,057
24.940806,121.361500,三峽,C0AC60,2019-01-16T01:00:00+08:00,55.0,90,2.1,17.3,0.99,1015.4,-99,0.0,-99,-99,-99,新北市,06,三峽區,057
24.940806,121.361500,三峽,C0AC60,2019-01-16T02:00:00+08:00,55.0,93,2.3,16.8,0.99,1015.0,-99,0.0,-99,-99,-99,新北市,06,三峽區,057
24.940806,121.361500,三峽,C0AC60,2019-01-16T03:00:00+08:00,55.0,96,2.6,16.8,0.99,1015.1,-99,0.0,-99,-99,-99,新北市,06,三峽區,057
24.940806,121.361500,三峽,C0AC60,2019-01-16T04:00:00+08:00,55.0,85,1.3,16.5,0.99,1014.7,-99,0.0,7.7,114,2019-01-16T03:25:00+08:00,新北市,06,三峽區,057
24.940806,121.361500,三峽,C0AC60,2019-01-16T05:00:00+08:00,55.0,91,1.6,16.2,0.99,1015.1,-99,0.5,-99,-99,-99,新北市,06,三峽區,057
24.940806,121.361500,三峽,C0AC60,2019-01-16T06:00:00+08:00,55.0,87,2.5,15.9,0.99,1015.7,-99,2.0,8.2,73,2019-01-16T05:56:00+08:00,新北市,06,三峽區,057
24.940806,121.361500,三峽,C0AC60,2019-01-16T07:00:00+08:00,55.0,85,1.7,15.9,0.99,1016.3,-99,3.0,-99,-99,-99,新北市,06,三峽區,057
24.940806,121.361500,三峽,C0AC60,2019-01-16T08:00:00+08:00,55.0,85,1.4,16.0,0.99,1016.4,-99,4.0,7.7,84,2019-01-16T07:09:00+08:00,新北市,06,三峽區,057
24.940806,121.361500,三峽,C0AC60,2019-01-16T09:00:00+08:00,55.0,81,2.1,16.1,0.99,1016.5,-99,6.0,9.3,85,2019-01-16T08:35:00+08:00,新北市,06,三峽區,057
24.940806,121.361500,三峽,C0AC60,2019-01-16T10:00:00+08:00,55.0,93,3.0,16.1,0.99,1017.2,-99,7.0,-99,-99,-99,新北市,06,三峽區,057
24.940806,121.361500,三峽,C0AC60,2019-01-16T11:00:00+08:00,55.0,77,2.7,16.2,0.99,1016.6,-99,7.5,8.2,75,2019-01-16T10:33:00+08:00,新北市,06,三峽區,057
24.940806,121.361500,三峽,C0AC60,2019-01-16T12:00:00+08:00,55.0,81,2.3,17.4,0.99,1015.0,-99,8.0,10.4,58,2019-01-16T11:42:00+08:00,新北市,06,三峽區,057
24.940806,121.361500,三峽,C0AC60,2019-01-16T13:00:00+08:00,55.0,72,2.7,17.2,0.97,1013.7,-99,8.0,8.2,85,2019-01-16T12:06:00+08:00,新北市,06,三峽區,057
24.940806,121.361500,三峽,C0AC60,2019-01-16T14:00:00+08:00,55.0,84,2.6,17.2,0.98,1012.7,-99,8.0,11.0,86,2019-01-16T13:18:00+08:00,新北市,06,三峽區,057
24.940806,121.361500,三峽,C0AC60,2019-01-16T15:00:00+08:00,55.0,74,3.4,16.9,0.99,1012.6,-99,8.0,9.3,71,2019-01-16T14:01:00+08:00,新北市,06,三峽區,057
24.940806,121.361500,三峽,C0AC60,2019-01-16T16:00:00+08:00,55.0,84,2.7,16.4,0.99,1013.3,-99,8.0,9.3,97,2019-01-16T15:13:00+08:00,新北市,06,三峽區,057
24.940806,121.361500,三峽,C0AC60,2019-01-16T17:00:00+08:00,55.0,67,1.7,16.1,0.99,1014.0,-99,8.0,8.8,79,2019-01-16T16:05:00+08:00,新北市,06,三峽區,057
24.940806,121.361500,三峽,C0AC60,2019-01-16T18:00:00+08:00,55.0,80,2.3,16.1,0.99,1014.4,-99,8.0,-99,-99,-99,新北市,06,三峽區,057
24.940806,121.361500,三峽,C0AC60,2019-01-16T19:00:00+08:00,55.0,78,1.7,15.9,0.99,1015.3,-99,8.0,-99,-99,-99,新北市,06,三峽區,057
24.940806,121.361500,三峽,C0AC60,2019-01-16T20:00:00+08:00,55.0,93,0.7,15.7,0.99,1015.4,-99,9.0,-99,-99,-99,新北市,06,三峽區,057
24.940806,121.361500,三峽,C0AC60,2019-01-16T21:00:00+08:00,55.0,93,2.3,15.6,0.99,1016.2,-99,10.0,8.2,77,2019-01-16T20:57:00+08:00,新北市,06,三峽區,057
24.940806,121.361500,三峽,C0AC60,2019-01-16T22:00:00+08:00,55.0,91,1.8,15.4,0.99,1016.2,-99,10.5,-99,-99,-99,新北市,06,三峽區,057
24.940806,121.361500,三峽,C0AC60,2019-01-16T23:00:00+08:00,55.0,87,1.5,15.3,0.99,1016.6,-99,10.5,7.1,86,2019-01-16T22:13:00+08:00,新北市,06,三峽區,057
24.940806,121.361500,三峽,C0AC60,2019-01-17T00:00:00+08:00,55.0,94,1.6,15.0,0.99,1016.3,-99,11.5,-99,-99,-99,新北市,06,三峽區,057
24.940806,121.361500,三峽,C0AC60,2019-01-17T01:00:00+08:00,55.0,78,1.5,14.9,0.99,1016.5,-99,1.5,-99,-99,-99,新北市,06,三峽區,057
24.940806,121.361500,三峽,C0AC60,2019-01-17T02:00:00+08:00,55.0,84,1.4,14.6,0.99,1015.8,-99,3.0,-99,-99,-99,新北市,06,三峽區,057
24.940806,121.361500,三峽,C0AC60,2019-01-17T03:00:00+08:00,55.0,97,1.4,14.3,0.99,1015.7,-99,4.5,-99,-99,-99,新北市,06,三峽區,057
24.940806,121.361500,三峽,C0AC60,2019-01-17T04:00:00+08:00,55.0,90,1.2,14.3,0.99,1015.4,-99,5.5,-99,-99,-99,新北市,06,三峽區,057
24.940806,121.361500,三峽,C0AC60,2019-01-17T05:00:00+08:00,55.0,33,0.6,14.4,0.99,1015.7,-99,6.0,-99,-99,-99,新北市,06,三峽區,057
24.940806,121.361500,三峽,C0AC60,2019-01-17T06:00:00+08:00,55.0,90,0.8,14.5,0.99,1015.8,-99,6.5,-99,-99,-99,新北市,06,三峽區,057
24.940806,121.361500,三峽,C0AC60,2019-01-17T07:00:00+08:00,55.0,92,0.8,14.5,0.99,1016.7,-99,6.5,-99,-99,-99,新北市,06,三峽區,057
24.940806,121.361500,三峽,C0AC60,2019-01-17T08:00:00+08:00,55.0,94,1.1,14.8,0.99,1017.4,-99,6.5,-99,-99,-99,新北市,06,三峽區,057
24.940806,121.361500,三峽,C0AC60,2019-01-17T09:00:00+08:00,55.0,61,0.4,15.3,0.99,1018.0,-99,6.5,-99,-99,-99,新北市,06,三峽區,057
24.940806,121.361500,三峽,C0AC60,2019-01-17T10:00:00+08:00,55.0,63,1.2,15.1,0.99,1018.4,-99,6.5,-99,-99,-99,新北市,06,三峽區,057
24.940806,121.361500,三峽,C0AC60,2019-01-17T11:00:00+08:00,55.0,72,1.1,14.8,0.99,1018.4,-99,6.5,-99,-99,-99,新北市,06,三峽區,057
24.940806,121.361500,三峽,C0AC60,2019-01-17T12:00:00+08:00,55.0,94,1.9,15.8,0.98,1017.8,-99,6.5,-99,-99,-99,新北市,06,三峽區,057
24.940806,121.361500,三峽,C0AC60,2019-01-17T13:00:00+08:00,55.0,91,1.6,15.6,0.98,1017.1,-99,6.5,-99,-99,-99,新北市,06,三峽區,057
24.940806,121.361500,三峽,C0AC60,2019-01-17T14:00:00+08:00,55.0,98,1.6,15.9,0.97,1016.7,-99,6.5,-99,-99,-99,新北市,06,三峽區,057
24.940806,121.361500,三峽,C0AC60,2019-01-17T15:00:00+08:00,55.0,96,1.7,15.9,0.97,1016.8,-99,6.5,-99,-99,-99,新北市,06,三峽區,057
24.940806,121.361500,三峽,C0AC60,2019-01-17T16:00:00+08:00,55.0,52,0.6,15.8,0.97,1017.2,-99,6.5,-99,-99,-99,新北市,06,三峽區,057
24.940806,121.361500,三峽,C0AC60,2019-01-17T17:00:00+08:00,55.0,86,1.4,15.6,0.98,1017.6,-99,6.5,-99,-99,-99,新北市,06,三峽區,057
24.940806,121.361500,三峽,C0AC60,2019-01-17T18:00:00+08:00,55.0,96,1.6,15.4,0.99,1017.8,-99,6.5,-99,-99,-99,新北市,06,三峽區,057
24.940806,121.361500,三峽,C0AC60,2019-01-17T19:00:00+08:00,55.0,93,1.2,15.1,0.99,1018.3,-99,6.5,-99,-99,-99,新北市,06,三峽區,057
24.940806,121.361500,三峽,C0AC60,2019-01-17T20:00:00+08:00,55.0,83,1.9,15.0,0.98,1018.9,-99,6.5,7.7,81,2019-01-17T19:33:00+08:00,新北市,06,三峽區,057
24.940806,121.361500,三峽,C0AC60,2019-01-17T21:00:00+08:00,55.0,92,1.3,14.9,0.97,1019.1,-99,6.5,-99,-99,-99,新北市,06,三峽區,057
24.940806,121.361500,三峽,C0AC60,2019-01-17T22:00:00+08:00,55.0,94,2.1,14.6,0.97,1019.3,-99,6.5,-99,-99,-99,新北市,06,三峽區,057
24.940806,121.361500,三峽,C0AC60,2019-01-17T23:00:00+08:00,55.0,94,2.0,14.9,0.93,1019.0,-99,6.5,-99,-99,-99,新北市,06,三峽區,057
24.940806,121.361500,三峽,C0AC60,2019-01-18T00:00:00+08:00,55.0,92,2.1,14.7,0.92,1018.6,-99,6.5,-99,-99,-99,新北市,06,三峽區,057
24.940806,121.361500,三峽,C0AC60,2019-01-18T01:00:00+08:00,55.0,90,1.7,14.7,0.81,1018.8,-99,0.0,-99,-99,-99,新北市,06,三峽區,057
24.940806,121.361500,三峽,C0AC60,2019-01-18T02:00:00+08:00,55.0,95,1.9,14.2,0.83,1018.3,-99,0.0,-99,-99,-99,新北市,06,三峽區,057
24.940806,121.361500,三峽,C0AC60,2019-01-18T03:00:00+08:00,55.0,88,2.8,14.2,0.78,1017.8,-99,0.0,9.3,58,2019-01-18T02:58:00+08:00,新北市,06,三峽區,057
24.940806,121.361500,三峽,C0AC60,2019-01-18T04:00:00+08:00,55.0,86,2.9,14.4,0.69,1017.1,-99,0.0,10.4,93,2019-01-18T03:56:00+08:00,新北市,06,三峽區,057
24.940806,121.361500,三峽,C0AC60,2019-01-18T05:00:00+08:00,55.0,82,3.3,14.4,0.65,1016.7,-99,0.0,11.5,43,2019-01-18T04:42:00+08:00,新北市,06,三峽區,057
24.940806,121.361500,三峽,C0AC60,2019-01-18T06:00:00+08:00,55.0,81,3.7,14.7,0.6,1016.5,-99,0.0,11.0,104,2019-01-18T05:51:00+08:00,新北市,06,三峽區,057
24.940806,121.361500,三峽,C0AC60,2019-01-18T07:00:00+08:00,55.0,75,3.6,14.8,0.63,1016.9,-99,0.0,12.1,82,2019-01-18T06:21:00+08:00,新北市,06,三峽區,057
24.940806,121.361500,三峽,C0AC60,2019-01-18T08:00:00+08:00,55.0,79,4.0,15.6,0.61,1017.4,-99,0.0,12.1,56,2019-01-18T07:08:00+08:00,新北市,06,三峽區,057
24.940806,121.361500,三峽,C0AC60,2019-01-18T09:00:00+08:00,55.0,81,3.4,17.1,0.57,1017.8,-99,0.0,12.1,83,2019-01-18T08:33:00+08:00,新北市,06,三峽區,057
24.940806,121.361500,三峽,C0AC60,2019-01-18T10:00:00+08:00,55.0,75,3.7,18.3,0.55,1017.2,-99,0.0,10.4,75,2019-01-18T09:42:00+08:00,新北市,06,三峽區,057
24.940806,121.361500,三峽,C0AC60,2019-01-18T11:00:00+08:00,55.0,91,3.2,20.6,0.44,1016.5,-99,0.0,11.0,51,2019-01-18T10:10:00+08:00,新北市,06,三峽區,057
24.940806,121.361500,三峽,C0AC60,2019-01-18T12:00:00+08:00,55.0,78,2.5,21.1,0.44,1015.6,-99,0.0,9.3,79,2019-01-18T11:25:00+08:00,新北市,06,三峽區,057
24.940806,121.361500,三峽,C0AC60,2019-01-18T13:00:00+08:00,55.0,81,2.5,22.0,0.43,1014.3,-99,0.0,-99,-99,-99,新北市,06,三峽區,057
24.940806,121.361500,三峽,C0AC60,2019-01-18T14:00:00+08:00,55.0,64,2.3,22.1,0.43,1013.4,-99,0.0,8.8,78,2019-01-18T13:19:00+08:00,新北市,06,三峽區,057
24.940806,121.361500,三峽,C0AC60,2019-01-18T15:00:00+08:00,55.0,79,2.7,21.9,0.44,1013.0,-99,0.0,9.3,92,2019-01-18T14:34:00+08:00,新北市,06,三峽區,057
24.940806,121.361500,三峽,C0AC60,2019-01-18T16:00:00+08:00,55.0,75,3.1,21.2,0.46,1013.1,-99,0.0,9.3,67,2019-01-18T15:46:00+08:00,新北市,06,三峽區,057
24.940806,121.361500,三峽,C0AC60,2019-01-18T17:00:00+08:00,55.0,78,2.8,20.0,0.5,1013.6,-99,0.0,8.2,77,2019-01-18T16:11:00+08:00,新北市,06,三峽區,057
24.940806,121.361500,三峽,C0AC60,2019-01-18T18:00:00+08:00,55.0,81,2.2,18.7,0.53,1014.2,-99,0.0,-99,-99,-99,新北市,06,三峽區,057
24.940806,121.361500,三峽,C0AC60,2019-01-18T19:00:00+08:00,55.0,76,2.4,18.4,0.53,1014.3,-99,0.0,-99,-99,-99,新北市,06,三峽區,057
24.940806,121.361500,三峽,C0AC60,2019-01-18T20:00:00+08:00,55.0,79,2.2,18.3,0.52,1014.3,-99,0.0,-99,-99,-99,新北市,06,三峽區,057
24.940806,121.361500,三峽,C0AC60,2019-01-18T21:00:00+08:00,55.0,82,2.2,18.4,0.51,1014.3,-99,0.0,-99,-99,-99,新北市,06,三峽區,057
24.940806,121.361500,三峽,C0AC60,2019-01-18T22:00:00+08:00,55.0,180,0.8,16.0,0.7,1014.3,-99,0.0,-99,-99,-99,新北市,06,三峽區,057
24.940806,121.361500,三峽,C0AC60,2019-01-18T23:00:00+08:00,55.0,167,1.0,15.3,0.74,1014.7,-99,0.0,-99,-99,-99,新北市,06,三峽區,057
24.940806,121.361500,三峽,C0AC60,2019-01-19T00:00:00+08:00,55.0,164,1.7,14.8,0.8,1014.8,-99,0.0,-99,-99,-99,新北市,06,三峽區,057
24.940806,121.361500,三峽,C0AC60,2019-01-19T01:00:00+08:00,55.0,0,0.0,14.1,0.87,1014.6,-99,0.0,-99,-99,-99,新北市,06,三峽區,057
24.940806,121.361500,三峽,C0AC60,2019-01-19T02:00:00+08:00,55.0,0,0.0,14.1,0.95,1014.5,-99,0.0,-99,-99,-99,新北市,06,三峽區,057
24.940806,121.361500,三峽,C0AC60,2019-01-19T03:00:00+08:00,55.0,0,0.1,13.8,0.98,1014.3,-99,0.0,-99,-99,-99,新北市,06,三峽區,057
24.940806,121.361500,三峽,C0AC60,2019-01-19T04:00:00+08:00,55.0,0,0.0,13.1,0.99,1014.2,-99,0.0,-99,-99,-99,新北市,06,三峽區,057
24.940806,121.361500,三峽,C0AC60,2019-01-19T05:00:00+08:00,55.0,0,0.1,13.4,0.99,1014.6,-99,0.0,-99,-99,-99,新北市,06,三峽區,057
24.940806,121.361500,三峽,C0AC60,2019-01-19T06:00:00+08:00,55.0,183,0.9,13.1,0.99,1015.2,-99,0.0,-99,-99,-99,新北市,06,三峽區,057
24.940806,121.361500,三峽,C0AC60,2019-01-19T07:00:00+08:00,55.0,188,0.7,13.4,0.99,1015.5,-99,0.0,-99,-99,-99,新北市,06,三峽區,057
24.940806,121.361500,三峽,C0AC60,2019-01-19T08:00:00+08:00,55.0,202,0.6,14.8,0.96,1015.9,-99,0.0,-99,-99,-99,新北市,06,三峽區,057
24.940806,121.361500,三峽,C0AC60,2019-01-19T09:00:00+08:00,55.0,320,0.6,17.2,0.8,1016.0,-99,0.0,-99,-99,-99,新北市,06,三峽區,057
24.940806,121.361500,三峽,C0AC60,2019-01-19T11:00:00+08:00,55.0,326,1.3,20.6,0.63,1015.4,-99,0.0,-99,-99,-99,新北市,06,三峽區,057
24.940806,121.361500,三峽,C0AC60,2019-01-19T12:00:00+08:00,55.0,31,0.8,21.4,0.6,1014.6,-99,0.0,-99,-99,-99,新北市,06,三峽區,057
24.940806,121.361500,三峽,C0AC60,2019-01-19T13:00:00+08:00,55.0,331,0.8,21.4,0.6,1013.8,-99,0.0,-99,-99,-99,新北市,06,三峽區,057
24.940806,121.361500,三峽,C0AC60,2019-01-19T15:00:00+08:00,55.0,0,0.1,21.8,0.64,1012.4,-99,0.0,-99,-99,-99,新北市,06,三峽區,057
24.940806,121.361500,三峽,C0AC60,2019-01-19T16:00:00+08:00,55.0,0,0.0,21.9,0.6,1012.6,-99,0.0,-99,-99,-99,新北市,06,三峽區,057
24.940806,121.361500,三峽,C0AC60,2019-01-19T17:00:00+08:00,55.0,316,0.4,21.0,0.69,1012.8,-99,0.0,-99,-99,-99,新北市,06,三峽區,057
24.940806,121.361500,三峽,C0AC60,2019-01-19T18:00:00+08:00,55.0,95,0.8,20.0,0.76,1012.6,-99,0.0,-99,-99,-99,新北市,06,三峽區,057
24.940806,121.361500,三峽,C0AC60,2019-01-19T19:00:00+08:00,55.0,0,0.0,19.9,0.79,1013.0,-99,0.0,-99,-99,-99,新北市,06,三峽區,057
24.940806,121.361500,三峽,C0AC60,2019-01-19T20:00:00+08:00,55.0,0,0.2,18.8,0.96,1013.2,-99,0.0,-99,-99,-99,新北市,06,三峽區,057
24.940806,121.361500,三峽,C0AC60,2019-01-19T21:00:00+08:00,55.0,0,0.0,18.4,0.99,1013.3,-99,0.0,-99,-99,-99,新北市,06,三峽區,057
24.940806,121.361500,三峽,C0AC60,2019-01-19T22:00:00+08:00,55.0,0,0.2,18.0,0.98,1013.1,-99,0.0,-99,-99,-99,新北市,06,三峽區,057
24.940806,121.361500,三峽,C0AC60,2019-01-19T23:00:00+08:00,55.0,0,0.1,18.0,0.99,1013.0,-99,0.0,-99,-99,-99,新北市,06,三峽區,057
24.940806,121.361500,三峽,C0AC60,2019-01-20T00:00:00+08:00,55.0,0,0.0,17.6,0.99,1012.8,-99,0.0,-99,-99,-99,新北市,06,三峽區,057
24.940806,121.361500,三峽,C0AC60,2019-01-20T01:00:00+08:00,55.0,156,0.4,17.5,0.99,1013.0,-99,0.0,-99,-99,-99,新北市,06,三峽區,057
24.940806,121.361500,三峽,C0AC60,2019-01-20T02:00:00+08:00,55.0,215,0.6,17.1,0.99,1013.1,-99,0.0,-99,-99,-99,新北市,06,三峽區,057
24.940806,121.361500,三峽,C0AC60,2019-01-20T03:00:00+08:00,55.0,0,0.1,17.1,0.99,1013.2,-99,0.0,-99,-99,-99,新北市,06,三峽區,057
24.940806,121.361500,三峽,C0AC60,2019-01-20T04:00:00+08:00,55.0,0,0.0,17.0,0.99,1013.0,-99,0.0,-99,-99,-99,新北市,06,三峽區,057
24.940806,121.361500,三峽,C0AC60,2019-01-20T05:00:00+08:00,55.0,95,0.3,16.8,0.99,1012.9,-99,0.0,-99,-99,-99,新北市,06,三峽區,057
24.940806,121.361500,三峽,C0AC60,2019-01-20T06:00:00+08:00,55.0,0,0.0,16.7,0.99,1013.9,-99,0.0,-99,-99,-99,新北市,06,三峽區,057
24.940806,121.361500,三峽,C0AC60,2019-01-20T07:00:00+08:00,55.0,169,1.0,16.4,0.99,1014.4,-99,0.0,-99,-99,-99,新北市,06,三峽區,057
24.940806,121.361500,三峽,C0AC60,2019-01-20T08:00:00+08:00,55.0,89,0.6,17.1,0.99,1015.0,-99,0.0,-99,-99,-99,新北市,06,三峽區,057
24.940806,121.361500,三峽,C0AC60,2019-01-20T09:00:00+08:00,55.0,0,0.2,19.2,0.96,1015.1,-99,0.0,-99,-99,-99,新北市,06,三峽區,057
24.940806,121.361500,三峽,C0AC60,2019-01-20T10:00:00+08:00,55.0,68,1.9,20.8,0.84,1015.0,-99,0.0,-99,-99,-99,新北市,06,三峽區,057
24.940806,121.361500,三峽,C0AC60,2019-01-20T11:00:00+08:00,55.0,63,1.1,21.4,0.8,1014.9,-99,0.0,-99,-99,-99,新北市,06,三峽區,057
24.940806,121.361500,三峽,C0AC60,2019-01-20T12:00:00+08:00,55.0,81,1.5,22.7,0.67,1013.9,-99,0.0,-99,-99,-99,新北市,06,三峽區,057
24.940806,121.361500,三峽,C0AC60,2019-01-20T13:00:00+08:00,55.0,74,2.2,20.9,0.74,1013.5,-99,0.0,-99,-99,-99,新北市,06,三峽區,057
24.940806,121.361500,三峽,C0AC60,2019-01-20T14:00:00+08:00,55.0,94,1.4,19.4,0.85,1013.7,-99,0.0,7.1,85,2019-01-20T13:55:00+08:00,新北市,06,三峽區,057
24.940806,121.361500,三峽,C0AC60,2019-01-20T15:00:00+08:00,55.0,95,1.9,18.4,0.94,1014.1,-99,0.0,-99,-99,-99,新北市,06,三峽區,057
24.940806,121.361500,三峽,C0AC60,2019-01-20T16:00:00+08:00,55.0,96,1.7,17.2,0.99,1014.3,-99,0.0,-99,-99,-99,新北市,06,三峽區,057
24.940806,121.361500,三峽,C0AC60,2019-01-20T17:00:00+08:00,55.0,102,1.7,17.1,0.97,1015.0,-99,0.0,-99,-99,-99,新北市,06,三峽區,057
24.940806,121.361500,三峽,C0AC60,2019-01-20T18:00:00+08:00,55.0,96,2.3,16.6,0.98,1015.2,-99,0.0,7.7,79,2019-01-20T17:47:00+08:00,新北市,06,三峽區,057
24.940806,121.361500,三峽,C0AC60,2019-01-20T19:00:00+08:00,55.0,93,2.1,16.1,0.99,1016.0,-99,0.0,-99,-99,-99,新北市,06,三峽區,057
24.940806,121.361500,三峽,C0AC60,2019-01-20T20:00:00+08:00,55.0,89,1.8,16.0,0.99,1016.4,-99,0.0,-99,-99,-99,新北市,06,三峽區,057
24.940806,121.361500,三峽,C0AC60,2019-01-20T21:00:00+08:00,55.0,95,2.1,15.5,0.99,1016.7,-99,0.5,-99,-99,-99,新北市,06,三峽區,057
24.940806,121.361500,三峽,C0AC60,2019-01-20T22:00:00+08:00,55.0,96,1.5,15.1,0.99,1017.8,-99,0.5,-99,-99,-99,新北市,06,三峽區,057
24.940806,121.361500,三峽,C0AC60,2019-01-20T23:00:00+08:00,55.0,95,1.7,14.8,0.99,1017.8,-99,1.0,-99,-99,-99,新北市,06,三峽區,057
24.940806,121.361500,三峽,C0AC60,2019-01-21T00:00:00+08:00,55.0,92,1.1,14.5,0.99,1018.2,-99,2.0,-99,-99,-99,新北市,06,三峽區,057
24.940806,121.361500,三峽,C0AC60,2019-01-21T01:00:00+08:00,55.0,93,1.7,14.1,0.99,1018.0,-99,1.0,-99,-99,-99,新北市,06,三峽區,057
24.940806,121.361500,三峽,C0AC60,2019-01-21T02:00:00+08:00,55.0,95,1.6,14.0,0.99,1017.6,-99,1.5,-99,-99,-99,新北市,06,三峽區,057
24.940806,121.361500,三峽,C0AC60,2019-01-21T03:00:00+08:00,55.0,92,0.7,13.8,0.99,1017.3,-99,2.5,-99,-99,-99,新北市,06,三峽區,057
24.940806,121.361500,三峽,C0AC60,2019-01-21T04:00:00+08:00,55.0,93,1.9,13.5,0.99,1017.0,-99,4.0,-99,-99,-99,新北市,06,三峽區,057
24.940806,121.361500,三峽,C0AC60,2019-01-21T05:00:00+08:00,55.0,96,1.6,13.5,0.99,1017.2,-99,4.0,-99,-99,-99,新北市,06,三峽區,057
24.940806,121.361500,三峽,C0AC60,2019-01-21T06:00:00+08:00,55.0,92,1.2,13.6,0.99,1017.6,-99,5.0,-99,-99,-99,新北市,06,三峽區,057
24.940806,121.361500,三峽,C0AC60,2019-01-21T07:00:00+08:00,55.0,95,1.6,13.7,0.99,1017.8,-99,5.0,-99,-99,-99,新北市,06,三峽區,057
24.940806,121.361500,三峽,C0AC60,2019-01-21T08:00:00+08:00,55.0,93,1.7,13.8,0.99,1018.3,-99,6.0,-99,-99,-99,新北市,06,三峽區,057
24.940806,121.361500,三峽,C0AC60,2019-01-21T09:00:00+08:00,55.0,93,2.0,14.0,0.99,1018.2,-99,6.5,-99,-99,-99,新北市,06,三峽區,057
24.940806,121.361500,三峽,C0AC60,2019-01-21T10:00:00+08:00,55.0,93,2.1,14.6,0.99,1018.0,-99,6.5,-99,-99,-99,新北市,06,三峽區,057
24.940806,121.361500,三峽,C0AC60,2019-01-21T11:00:00+08:00,55.0,92,2.0,14.9,0.99,1017.2,-99,6.5,7.7,46,2019-01-21T10:42:00+08:00,新北市,06,三峽區,057
24.940806,121.361500,三峽,C0AC60,2019-01-21T12:00:00+08:00,55.0,80,2.5,15.7,0.95,1016.1,-99,6.5,8.2,88,2019-01-21T11:38:00+08:00,新北市,06,三峽區,057
24.940806,121.361500,三峽,C0AC60,2019-01-21T13:00:00+08:00,55.0,84,3.0,16.2,0.93,1015.4,-99,6.5,8.8,81,2019-01-21T12:12:00+08:00,新北市,06,三峽區,057
24.940806,121.361500,三峽,C0AC60,2019-01-21T14:00:00+08:00,55.0,74,2.0,15.7,0.97,1014.9,-99,6.5,8.8,89,2019-01-21T13:03:00+08:00,新北市,06,三峽區,057
24.940806,121.361500,三峽,C0AC60,2019-01-21T15:00:00+08:00,55.0,86,1.0,15.9,0.96,1014.9,-99,6.5,7.7,68,2019-01-21T14:17:00+08:00,新北市,06,三峽區,057
24.940806,121.361500,三峽,C0AC60,2019-01-21T16:00:00+08:00,55.0,93,1.9,15.4,0.99,1015.1,-99,6.5,8.2,77,2019-01-21T15:02:00+08:00,新北市,06,三峽區,057
24.940806,121.361500,三峽,C0AC60,2019-01-21T17:00:00+08:00,55.0,86,2.1,14.8,0.99,1015.4,-99,6.5,-99,-99,-99,新北市,06,三峽區,057
24.940806,121.361500,三峽,C0AC60,2019-01-21T18:00:00+08:00,55.0,100,1.5,14.8,0.99,1015.9,-99,6.5,-99,-99,-99,新北市,06,三峽區,057
24.940806,121.361500,三峽,C0AC60,2019-01-21T19:00:00+08:00,55.0,85,1.8,14.9,0.99,1016.5,-99,6.5,-99,-99,-99,新北市,06,三峽區,057
24.940806,121.361500,三峽,C0AC60,2019-01-21T20:00:00+08:00,55.0,94,1.3,15.1,0.99,1016.7,-99,6.5,-99,-99,-99,新北市,06,三峽區,057
24.940806,121.361500,三峽,C0AC60,2019-01-21T21:00:00+08:00,55.0,94,1.0,14.9,0.99,1016.9,-99,6.5,-99,-99,-99,新北市,06,三峽區,057
24.940806,121.361500,三峽,C0AC60,2019-01-21T22:00:00+08:00,55.0,94,1.4,15.0,0.99,1017.0,-99,6.5,-99,-99,-99,新北市,06,三峽區,057
24.940806,121.361500,三峽,C0AC60,2019-01-21T23:00:00+08:00,55.0,91,1.1,14.9,0.99,1016.5,-99,6.5,-99,-99,-99,新北市,06,三峽區,057
24.940806,121.361500,三峽,C0AC60,2019-01-22T00:00:00+08:00,55.0,84,1.1,14.8,0.99,1016.0,-99,6.5,-99,-99,-99,新北市,06,三峽區,057
24.940806,121.361500,三峽,C0AC60,2019-01-22T01:00:00+08:00,55.0,90,0.9,14.6,0.99,1016.1,-99,0.0,-99,-99,-99,新北市,06,三峽區,057
24.940806,121.361500,三峽,C0AC60,2019-01-22T02:00:00+08:00,55.0,70,0.5,14.4,0.99,1015.9,-99,0.0,-99,-99,-99,新北市,06,三峽區,057
24.940806,121.361500,三峽,C0AC60,2019-01-22T03:00:00+08:00,55.0,0,0.2,14.1,0.99,1015.5,-99,0.0,-99,-99,-99,新北市,06,三峽區,057
24.940806,121.361500,三峽,C0AC60,2019-01-22T04:00:00+08:00,55.0,53,0.5,13.4,0.99,1015.2,-99,0.0,-99,-99,-99,新北市,06,三峽區,057
24.940806,121.361500,三峽,C0AC60,2019-01-22T05:00:00+08:00,55.0,0,0.0,13.3,0.99,1015.4,-99,0.0,-99,-99,-99,新北市,06,三峽區,057
24.940806,121.361500,三峽,C0AC60,2019-01-22T06:00:00+08:00,55.0,88,0.7,13.2,0.99,1015.4,-99,0.0,-99,-99,-99,新北市,06,三峽區,057
24.940806,121.361500,三峽,C0AC60,2019-01-22T07:00:00+08:00,55.0,318,0.5,13.1,0.99,1016.4,-99,0.0,-99,-99,-99,新北市,06,三峽區,057
24.940806,121.361500,三峽,C0AC60,2019-01-22T08:00:00+08:00,55.0,0,0.1,12.7,0.99,1017.1,-99,0.0,-99,-99,-99,新北市,06,三峽區,057
24.940806,121.361500,三峽,C0AC60,2019-01-22T09:00:00+08:00,55.0,92,0.7,12.5,0.99,1017.8,-99,1.0,-99,-99,-99,新北市,06,三峽區,057
24.940806,121.361500,三峽,C0AC60,2019-01-22T10:00:00+08:00,55.0,0,0.0,12.2,0.99,1018.0,-99,1.0,-99,-99,-99,新北市,06,三峽區,057
24.940806,121.361500,三峽,C0AC60,2019-01-22T11:00:00+08:00,55.0,0,0.2,12.4,0.99,1018.0,-99,1.5,-99,-99,-99,新北市,06,三峽區,057
24.940806,121.361500,三峽,C0AC60,2019-01-22T12:00:00+08:00,55.0,71,1.4,12.7,0.99,1017.6,-99,1.5,-99,-99,-99,新北市,06,三峽區,057
24.940806,121.361500,三峽,C0AC60,2019-01-22T13:00:00+08:00,55.0,88,1.2,12.7,0.99,1016.7,-99,1.5,-99,-99,-99,新北市,06,三峽區,057
24.940806,121.361500,三峽,C0AC60,2019-01-22T14:00:00+08:00,55.0,0,0.1,12.3,0.99,1016.3,-99,1.5,-99,-99,-99,新北市,06,三峽區,057
24.940806,121.361500,三峽,C0AC60,2019-01-22T15:00:00+08:00,55.0,88,1.4,12.8,0.99,1016.0,-99,1.5,-99,-99,-99,新北市,06,三峽區,057
24.940806,121.361500,三峽,C0AC60,2019-01-22T16:00:00+08:00,55.0,87,0.9,13.4,0.97,1016.1,-99,1.5,-99,-99,-99,新北市,06,三峽區,057
24.940806,121.361500,三峽,C0AC60,2019-01-22T17:00:00+08:00,55.0,90,0.8,13.7,0.91,1016.1,-99,1.5,-99,-99,-99,新北市,06,三峽區,057
24.940806,121.361500,三峽,C0AC60,2019-01-22T18:00:00+08:00,55.0,84,0.9,13.2,0.92,1016.7,-99,1.5,-99,-99,-99,新北市,06,三峽區,057
24.940806,121.361500,三峽,C0AC60,2019-01-22T19:00:00+08:00,55.0,88,1.1,13.4,0.76,1016.7,-99,1.5,-99,-99,-99,新北市,06,三峽區,057
24.940806,121.361500,三峽,C0AC60,2019-01-22T20:00:00+08:00,55.0,86,1.0,13.1,0.74,1016.8,-99,1.5,-99,-99,-99,新北市,06,三峽區,057
24.940806,121.361500,三峽,C0AC60,2019-01-22T21:00:00+08:00,55.0,81,1.1,12.8,0.75,1016.4,-99,1.5,-99,-99,-99,新北市,06,三峽區,057
24.940806,121.361500,三峽,C0AC60,2019-01-22T22:00:00+08:00,55.0,91,0.7,12.6,0.79,1016.6,-99,1.5,-99,-99,-99,新北市,06,三峽區,057
24.940806,121.361500,三峽,C0AC60,2019-01-22T23:00:00+08:00,55.0,81,0.9,12.8,0.77,1016.3,-99,1.5,-99,-99,-99,新北市,06,三峽區,057
24.940806,121.361500,三峽,C0AC60,2019-01-23T00:00:00+08:00,55.0,96,0.9,12.6,0.74,1016.0,-99,1.5,-99,-99,-99,新北市,06,三峽區,057
24.940806,121.361500,三峽,C0AC60,2019-01-23T01:00:00+08:00,55.0,93,1.1,12.6,0.74,1015.6,-99,0.0,-99,-99,-99,新北市,06,三峽區,057
24.940806,121.361500,三峽,C0AC60,2019-01-23T02:00:00+08:00,55.0,93,1.2,12.5,0.74,1014.9,-99,0.0,-99,-99,-99,新北市,06,三峽區,057
24.940806,121.361500,三峽,C0AC60,2019-01-23T03:00:00+08:00,55.0,86,1.5,12.9,0.67,1014.1,-99,0.0,-99,-99,-99,新北市,06,三峽區,057
24.940806,121.361500,三峽,C0AC60,2019-01-23T04:00:00+08:00,55.0,94,1.3,13.4,0.63,1014.0,-99,0.0,-99,-99,-99,新北市,06,三峽區,057
24.940806,121.361500,三峽,C0AC60,2019-01-23T05:00:00+08:00,55.0,94,2.8,13.3,0.64,1013.8,-99,0.0,-99,-99,-99,新北市,06,三峽區,057
24.940806,121.361500,三峽,C0AC60,2019-01-23T06:00:00+08:00,55.0,93,2.4,13.7,0.62,1014.1,-99,0.0,7.7,89,2019-01-23T06:00:00+08:00,新北市,06,三峽區,057
24.940806,121.361500,三峽,C0AC60,2019-01-23T07:00:00+08:00,55.0,91,2.4,14.1,0.62,1014.7,-99,0.0,8.2,72,2019-01-23T06:03:00+08:00,新北市,06,三峽區,057
24.940806,121.361500,三峽,C0AC60,2019-01-23T08:00:00+08:00,55.0,83,3.1,14.9,0.6,1015.2,-99,0.0,8.8,65,2019-01-23T07:13:00+08:00,新北市,06,三峽區,057
24.940806,121.361500,三峽,C0AC60,2019-01-23T09:00:00+08:00,55.0,77,3.0,15.5,0.59,1015.5,-99,0.0,9.9,75,2019-01-23T08:23:00+08:00,新北市,06,三峽區,057
24.940806,121.361500,三峽,C0AC60,2019-01-23T11:00:00+08:00,55.0,80,3.6,16.9,0.58,1015.1,-99,0.0,9.3,83,2019-01-23T10:03:00+08:00,新北市,06,三峽區,057
24.940806,121.361500,三峽,C0AC60,2019-01-23T14:00:00+08:00,55.0,79,3.1,17.5,0.56,1013.2,-99,0.0,9.9,64,2019-01-23T13:04:00+08:00,新北市,06,三峽區,057
24.940806,121.361500,三峽,C0AC60,2019-01-23T15:00:00+08:00,55.0,75,3.3,17.3,0.56,1013.2,-99,0.0,10.4,80,2019-01-23T14:27:00+08:00,新北市,06,三峽區,057
24.940806,121.361500,三峽,C0AC60,2019-01-23T16:00:00+08:00,55.0,70,3.6,16.9,0.58,1013.3,-99,0.0,10.4,73,2019-01-23T15:15:00+08:00,新北市,06,三峽區,057
24.940806,121.361500,三峽,C0AC60,2019-01-23T17:00:00+08:00,55.0,76,3.5,16.5,0.6,1013.6,-99,0.0,9.9,70,2019-01-23T16:31:00+08:00,新北市,06,三峽區,057
24.940806,121.361500,三峽,C0AC60,2019-01-23T18:00:00+08:00,55.0,76,2.8,16.2,0.61,1013.8,-99,0.0,-99,-99,-99,新北市,06,三峽區,057
24.940806,121.361500,三峽,C0AC60,2019-01-23T19:00:00+08:00,55.0,79,2.9,16.2,0.62,1014.5,-99,0.0,10.4,57,2019-01-23T18:23:00+08:00,新北市,06,三峽區,057
24.940806,121.361500,三峽,C0AC60,2019-01-23T20:00:00+08:00,55.0,80,2.9,16.0,0.63,1014.8,-99,0.0,9.3,52,2019-01-23T19:11:00+08:00,新北市,06,三峽區,057
24.940806,121.361500,三峽,C0AC60,2019-01-23T21:00:00+08:00,55.0,81,2.9,16.2,0.64,1015.0,-99,0.0,9.9,78,2019-01-23T20:40:00+08:00,新北市,06,三峽區,057
24.940806,121.361500,三峽,C0AC60,2019-01-23T22:00:00+08:00,55.0,82,3.2,16.1,0.66,1014.9,-99,0.0,9.9,68,2019-01-23T21:49:00+08:00,新北市,06,三峽區,057
24.940806,121.361500,三峽,C0AC60,2019-01-23T23:00:00+08:00,55.0,78,3.3,16.2,0.66,1014.9,-99,0.0,9.3,84,2019-01-23T22:02:00+08:00,新北市,06,三峽區,057
24.940806,121.361500,三峽,C0AC60,2019-01-24T00:00:00+08:00,55.0,88,1.9,16.1,0.67,1014.8,-99,0.0,9.3,82,2019-01-23T23:55:00+08:00,新北市,06,三峽區,057
24.940806,121.361500,三峽,C0AC60,2019-01-24T01:00:00+08:00,55.0,97,2.0,16.0,0.68,1015.0,-99,0.0,7.7,52,2019-01-24T00:03:00+08:00,新北市,06,三峽區,057
24.940806,121.361500,三峽,C0AC60,2019-01-24T02:00:00+08:00,55.0,88,2.4,16.0,0.69,1014.5,-99,0.0,-99,-99,-99,新北市,06,三峽區,057
24.940806,121.361500,三峽,C0AC60,2019-01-24T03:00:00+08:00,55.0,85,2.4,15.8,0.7,1014.2,-99,0.0,-99,-99,-99,新北市,06,三峽區,057
24.940806,121.361500,三峽,C0AC60,2019-01-24T04:00:00+08:00,55.0,79,2.6,15.6,0.69,1013.9,-99,0.0,-99,-99,-99,新北市,06,三峽區,057
24.940806,121.361500,三峽,C0AC60,2019-01-24T05:00:00+08:00,55.0,93,1.4,15.3,0.72,1014.1,-99,0.0,8.2,78,2019-01-24T04:23:00+08:00,新北市,06,三峽區,057
24.940806,121.361500,三峽,C0AC60,2019-01-24T06:00:00+08:00,55.0,108,1.1,15.4,0.71,1014.5,-99,0.0,-99,-99,-99,新北市,06,三峽區,057
24.940806,121.361500,三峽,C0AC60,2019-01-24T07:00:00+08:00,55.0,98,0.7,15.3,0.72,1015.2,-99,0.0,-99,-99,-99,新北市,06,三峽區,057
24.940806,121.361500,三峽,C0AC60,2019-01-24T08:00:00+08:00,55.0,98,2.1,16.1,0.68,1015.7,-99,0.0,-99,-99,-99,新北市,06,三峽區,057
24.940806,121.361500,三峽,C0AC60,2019-01-24T09:00:00+08:00,55.0,89,2.0,17.3,0.63,1016.0,-99,0.0,7.7,85,2019-01-24T08:26:00+08:00,新北市,06,三峽區,057
24.940806,121.361500,三峽,C0AC60,2019-01-24T10:00:00+08:00,55.0,86,2.9,18.2,0.59,1016.2,-99,0.0,8.8,57,2019-01-24T09:45:00+08:00,新北市,06,三峽區,057
24.940806,121.361500,三峽,C0AC60,2019-01-24T11:00:00+08:00,55.0,88,2.3,19.0,0.56,1015.6,-99,0.0,8.8,52,2019-01-24T10:24:00+08:00,新北市,06,三峽區,057
24.940806,121.361500,三峽,C0AC60,2019-01-24T12:00:00+08:00,55.0,73,3.5,19.3,0.55,1014.6,-99,0.0,9.3,72,2019-01-24T11:55:00+08:00,新北市,06,三峽區,057
24.940806,121.361500,三峽,C0AC60,2019-01-24T13:00:00+08:00,55.0,81,3.4,20.1,0.53,1013.6,-99,0.0,9.3,71,2019-01-24T12:07:00+08:00,新北市,06,三峽區,057
24.940806,121.361500,三峽,C0AC60,2019-01-24T14:00:00+08:00,55.0,81,2.7,20.5,0.52,1013.0,-99,0.0,9.3,94,2019-01-24T13:07:00+08:00,新北市,06,三峽區,057
24.940806,121.361500,三峽,C0AC60,2019-01-24T15:00:00+08:00,55.0,85,3.2,20.3,0.53,1012.7,-99,0.0,9.3,95,2019-01-24T14:29:00+08:00,新北市,06,三峽區,057
24.940806,121.361500,三峽,C0AC60,2019-01-24T16:00:00+08:00,55.0,77,3.3,19.7,0.56,1012.8,-99,0.0,10.4,64,2019-01-24T15:30:00+08:00,新北市,06,三峽區,057
24.940806,121.361500,三峽,C0AC60,2019-01-24T17:00:00+08:00,55.0,77,4.0,18.4,0.61,1013.3,-99,0.0,9.3,98,2019-01-24T16:02:00+08:00,新北市,06,三峽區,057
24.940806,121.361500,三峽,C0AC60,2019-01-24T18:00:00+08:00,55.0,77,3.9,17.3,0.65,1013.5,-99,0.0,9.3,77,2019-01-24T17:55:00+08:00,新北市,06,三峽區,057
24.940806,121.361500,三峽,C0AC60,2019-01-24T19:00:00+08:00,55.0,78,4.2,17.0,0.67,1013.8,-99,0.0,9.3,93,2019-01-24T18:08:00+08:00,新北市,06,三峽區,057
24.940806,121.361500,三峽,C0AC60,2019-01-24T20:00:00+08:00,55.0,79,3.9,16.8,0.7,1014.1,-99,0.0,-99,-99,-99,新北市,06,三峽區,057
24.940806,121.361500,三峽,C0AC60,2019-01-24T21:00:00+08:00,55.0,78,3.5,16.7,0.73,1014.3,-99,0.0,9.3,99,2019-01-24T20:18:00+08:00,新北市,06,三峽區,057
24.940806,121.361500,三峽,C0AC60,2019-01-24T22:00:00+08:00,55.0,83,3.4,16.6,0.76,1014.4,-99,0.0,9.9,85,2019-01-24T21:27:00+08:00,新北市,06,三峽區,057
24.940806,121.361500,三峽,C0AC60,2019-01-24T23:00:00+08:00,55.0,84,3.1,16.7,0.78,1014.2,-99,0.0,9.9,69,2019-01-24T22:02:00+08:00,新北市,06,三峽區,057
24.940806,121.361500,三峽,C0AC60,2019-01-25T00:00:00+08:00,55.0,128,0.3,16.1,0.82,1014.3,-99,0.0,-99,-99,-99,新北市,06,三峽區,057
24.940806,121.361500,三峽,C0AC60,2019-01-25T01:00:00+08:00,55.0,170,1.4,14.0,0.99,1014.2,-99,0.0,-99,-99,-99,新北市,06,三峽區,057
24.940806,121.361500,三峽,C0AC60,2019-01-25T02:00:00+08:00,55.0,161,1.3,13.5,0.99,1014.0,-99,0.0,-99,-99,-99,新北市,06,三峽區,057
24.940806,121.361500,三峽,C0AC60,2019-01-25T03:00:00+08:00,55.0,159,2.4,13.2,0.99,1014.2,-99,0.0,-99,-99,-99,新北市,06,三峽區,057
24.940806,121.361500,三峽,C0AC60,2019-01-25T04:00:00+08:00,55.0,161,1.1,12.8,0.99,1014.4,-99,0.0,-99,-99,-99,新北市,06,三峽區,057
24.940806,121.361500,三峽,C0AC60,2019-01-25T05:00:00+08:00,55.0,205,0.4,12.7,0.99,1014.6,-99,0.0,-99,-99,-99,新北市,06,三峽區,057
24.940806,121.361500,三峽,C0AC60,2019-01-25T06:00:00+08:00,55.0,153,0.3,12.7,0.99,1015.3,-99,0.0,-99,-99,-99,新北市,06,三峽區,057
24.940806,121.361500,三峽,C0AC60,2019-01-25T07:00:00+08:00,55.0,202,0.7,12.7,0.99,1015.8,-99,0.0,-99,-99,-99,新北市,06,三峽區,057
24.940806,121.361500,三峽,C0AC60,2019-01-25T08:00:00+08:00,55.0,177,0.3,13.6,0.99,1016.1,-99,0.0,-99,-99,-99,新北市,06,三峽區,057
24.940806,121.361500,三峽,C0AC60,2019-01-25T09:00:00+08:00,55.0,0,0.0,15.1,0.99,1016.1,-99,0.0,-99,-99,-99,新北市,06,三峽區,057
24.940806,121.361500,三峽,C0AC60,2019-01-25T10:00:00+08:00,55.0,83,2.3,19.3,0.75,1015.6,-99,0.0,-99,-99,-99,新北市,06,三峽區,057
24.940806,121.361500,三峽,C0AC60,2019-01-25T11:00:00+08:00,55.0,67,1.9,21.3,0.63,1015.0,-99,0.0,-99,-99,-99,新北市,06,三峽區,057
24.940806,121.361500,三峽,C0AC60,2019-01-25T13:00:00+08:00,55.0,341,0.8,23.2,0.52,1013.3,-99,0.0,-99,-99,-99,新北市,06,三峽區,057
24.940806,121.361500,三峽,C0AC60,2019-01-25T14:00:00+08:00,55.0,325,1.4,22.8,0.6,1013.2,-99,0.0,-99,-99,-99,新北市,06,三峽區,057
24.940806,121.361500,三峽,C0AC60,2019-01-25T15:00:00+08:00,55.0,62,0.9,21.7,0.59,1013.3,-99,0.0,-99,-99,-99,新北市,06,三峽區,057
24.940806,121.361500,三峽,C0AC60,2019-01-25T16:00:00+08:00,55.0,92,0.8,21.6,0.6,1013.9,-99,0.0,-99,-99,-99,新北市,06,三峽區,057
24.940806,121.361500,三峽,C0AC60,2019-01-25T17:00:00+08:00,55.0,82,1.5,20.0,0.67,1014.6,-99,0.0,-99,-99,-99,新北市,06,三峽區,057
24.940806,121.361500,三峽,C0AC60,2019-01-25T18:00:00+08:00,55.0,85,1.9,18.6,0.75,1015.4,-99,0.0,-99,-99,-99,新北市,06,三峽區,057
24.940806,121.361500,三峽,C0AC60,2019-01-25T19:00:00+08:00,55.0,92,0.4,17.9,0.78,1016.3,-99,0.0,-99,-99,-99,新北市,06,三峽區,057
24.940806,121.361500,三峽,C0AC60,2019-01-25T20:00:00+08:00,55.0,94,0.4,17.5,0.81,1017.4,-99,0.0,-99,-99,-99,新北市,06,三峽區,057
24.940806,121.361500,三峽,C0AC60,2019-01-25T21:00:00+08:00,55.0,85,0.9,16.8,0.88,1017.8,-99,0.0,-99,-99,-99,新北市,06,三峽區,057
24.940806,121.361500,三峽,C0AC60,2019-01-25T22:00:00+08:00,55.0,90,1.2,16.4,0.91,1017.9,-99,0.0,-99,-99,-99,新北市,06,三峽區,057
24.940806,121.361500,三峽,C0AC60,2019-01-25T23:00:00+08:00,55.0,97,0.5,16.5,0.88,1018.1,-99,0.0,-99,-99,-99,新北市,06,三峽區,057
24.940806,121.361500,三峽,C0AC60,2019-01-26T01:00:00+08:00,55.0,99,0.9,16.4,0.82,1018.5,-99,0.0,-99,-99,-99,新北市,06,三峽區,057
24.940806,121.361500,三峽,C0AC60,2019-01-26T02:00:00+08:00,55.0,96,0.9,16.1,0.7,1018.5,-99,0.0,-99,-99,-99,新北市,06,三峽區,057
24.940806,121.361500,三峽,C0AC60,2019-01-26T03:00:00+08:00,55.0,98,1.4,15.8,0.66,1018.6,-99,0.0,-99,-99,-99,新北市,06,三峽區,057
24.940806,121.361500,三峽,C0AC60,2019-01-26T04:00:00+08:00,55.0,97,1.6,15.4,0.64,1018.9,-99,0.0,-99,-99,-99,新北市,06,三峽區,057
24.940806,121.361500,三峽,C0AC60,2019-01-26T05:00:00+08:00,55.0,92,0.8,15.1,0.63,1019.3,-99,0.0,-99,-99,-99,新北市,06,三峽區,057
24.940806,121.361500,三峽,C0AC60,2019-01-26T06:00:00+08:00,55.0,93,1.5,15.3,0.62,1019.9,-99,0.0,-99,-99,-99,新北市,06,三峽區,057
24.940806,121.361500,三峽,C0AC60,2019-01-26T07:00:00+08:00,55.0,90,1.5,14.9,0.69,1020.7,-99,0.0,-99,-99,-99,新北市,06,三峽區,057
24.940806,121.361500,三峽,C0AC60,2019-01-26T08:00:00+08:00,55.0,89,1.4,14.9,0.65,1021.1,-99,0.0,-99,-99,-99,新北市,06,三峽區,057
24.940806,121.361500,三峽,C0AC60,2019-01-26T09:00:00+08:00,55.0,85,2.4,15.0,0.56,1021.8,-99,0.0,8.8,23,2019-01-26T08:59:00+08:00,新北市,06,三峽區,057
24.940806,121.361500,三峽,C0AC60,2019-01-26T10:00:00+08:00,55.0,93,2.5,15.9,0.56,1022.0,-99,0.0,-99,-99,-99,新北市,06,三峽區,057
24.940806,121.361500,三峽,C0AC60,2019-01-26T11:00:00+08:00,55.0,95,1.7,14.5,0.66,1022.0,-99,0.0,-99,-99,-99,新北市,06,三峽區,057
24.940806,121.361500,三峽,C0AC60,2019-01-26T12:00:00+08:00,55.0,92,1.0,14.4,0.68,1021.4,-99,0.0,-99,-99,-99,新北市,06,三峽區,057
24.940806,121.361500,三峽,C0AC60,2019-01-26T13:00:00+08:00,55.0,74,2.0,14.4,0.64,1020.5,-99,0.0,-99,-99,-99,新北市,06,三峽區,057
24.940806,121.361500,三峽,C0AC60,2019-01-26T14:00:00+08:00,55.0,88,1.9,14.0,0.65,1020.1,-99,0.0,7.7,99,2019-01-26T13:46:00+08:00,新北市,06,三峽區,057
24.940806,121.361500,三峽,C0AC60,2019-01-26T15:00:00+08:00,55.0,97,2.6,13.5,0.68,1019.8,-99,0.0,-99,-99,-99,新北市,06,三峽區,057
24.940806,121.361500,三峽,C0AC60,2019-01-26T16:00:00+08:00,55.0,97,2.0,13.6,0.65,1019.8,-99,0.0,7.7,100,2019-01-26T15:19:00+08:00,新北市,06,三峽區,057
24.940806,121.361500,三峽,C0AC60,2019-01-26T17:00:00+08:00,55.0,94,2.1,13.6,0.62,1020.0,-99,0.0,-99,-99,-99,新北市,06,三峽區,057
24.940806,121.361500,三峽,C0AC60,2019-01-26T18:00:00+08:00,55.0,95,1.8,13.4,0.64,1020.4,-99,0.0,-99,-99,-99,新北市,06,三峽區,057
24.940806,121.361500,三峽,C0AC60,2019-01-26T19:00:00+08:00,55.0,91,2.2,13.2,0.61,1020.7,-99,0.0,-99,-99,-99,新北市,06,三峽區,057
24.940806,121.361500,三峽,C0AC60,2019-01-26T20:00:00+08:00,55.0,94,2.2,13.5,0.6,1021.3,-99,0.0,-99,-99,-99,新北市,06,三峽區,057
24.940806,121.361500,三峽,C0AC60,2019-01-26T21:00:00+08:00,55.0,97,2.0,13.5,0.61,1020.9,-99,0.0,-99,-99,-99,新北市,06,三峽區,057
24.940806,121.361500,三峽,C0AC60,2019-01-26T22:00:00+08:00,55.0,92,1.9,13.5,0.62,1021.1,-99,0.0,7.1,79,2019-01-26T21:11:00+08:00,新北市,06,三峽區,057
24.940806,121.361500,三峽,C0AC60,2019-01-26T23:00:00+08:00,55.0,98,2.0,13.4,0.66,1020.9,-99,0.0,-99,-99,-99,新北市,06,三峽區,057
24.940806,121.361500,三峽,C0AC60,2019-01-27T00:00:00+08:00,55.0,95,1.5,13.4,0.66,1020.6,-99,0.0,-99,-99,-99,新北市,06,三峽區,057
24.940806,121.361500,三峽,C0AC60,2019-01-27T01:00:00+08:00,55.0,95,1.4,13.5,0.63,1020.8,-99,0.0,-99,-99,-99,新北市,06,三峽區,057
24.940806,121.361500,三峽,C0AC60,2019-01-27T02:00:00+08:00,55.0,90,1.9,13.6,0.62,1020.7,-99,0.0,-99,-99,-99,新北市,06,三峽區,057
24.940806,121.361500,三峽,C0AC60,2019-01-27T03:00:00+08:00,55.0,92,1.6,13.7,0.61,1020.2,-99,0.0,-99,-99,-99,新北市,06,三峽區,057
24.940806,121.361500,三峽,C0AC60,2019-01-27T04:00:00+08:00,55.0,96,0.5,13.7,0.6,1020.2,-99,0.0,-99,-99,-99,新北市,06,三峽區,057
24.940806,121.361500,三峽,C0AC60,2019-01-27T05:00:00+08:00,55.0,91,1.4,13.8,0.61,1020.1,-99,0.0,-99,-99,-99,新北市,06,三峽區,057
24.940806,121.361500,三峽,C0AC60,2019-01-27T06:00:00+08:00,55.0,90,2.0,13.8,0.63,1020.7,-99,0.0,-99,-99,-99,新北市,06,三峽區,057
24.940806,121.361500,三峽,C0AC60,2019-01-27T07:00:00+08:00,55.0,93,1.8,13.8,0.63,1020.9,-99,0.0,-99,-99,-99,新北市,06,三峽區,057
24.940806,121.361500,三峽,C0AC60,2019-01-27T08:00:00+08:00,55.0,93,2.5,14.3,0.58,1021.2,-99,0.0,-99,-99,-99,新北市,06,三峽區,057
24.940806,121.361500,三峽,C0AC60,2019-01-27T09:00:00+08:00,55.0,101,2.2,15.7,0.53,1021.0,-99,0.0,7.7,91,2019-01-27T08:06:00+08:00,新北市,06,三峽區,057
24.940806,121.361500,三峽,C0AC60,2019-01-27T10:00:00+08:00,55.0,92,2.6,16.3,0.55,1021.2,-99,0.0,8.2,87,2019-01-27T09:17:00+08:00,新北市,06,三峽區,057
24.940806,121.361500,三峽,C0AC60,2019-01-27T11:00:00+08:00,55.0,86,2.5,15.8,0.62,1020.6,-99,0.0,8.8,70,2019-01-27T10:50:00+08:00,新北市,06,三峽區,057
24.940806,121.361500,三峽,C0AC60,2019-01-27T12:00:00+08:00,55.0,89,1.9,16.4,0.61,1019.8,-99,0.0,8.8,101,2019-01-27T11:22:00+08:00,新北市,06,三峽區,057
24.940806,121.361500,三峽,C0AC60,2019-01-27T13:00:00+08:00,55.0,84,2.8,16.2,0.62,1018.7,-99,0.0,8.2,106,2019-01-27T12:34:00+08:00,新北市,06,三峽區,057
24.940806,121.361500,三峽,C0AC60,2019-01-27T14:00:00+08:00,55.0,72,3.2,17.1,0.58,1017.7,-99,0.0,8.8,73,2019-01-27T13:10:00+08:00,新北市,06,三峽區,057
24.940806,121.361500,三峽,C0AC60,2019-01-27T15:00:00+08:00,55.0,76,2.5,17.4,0.57,1017.0,-99,0.0,9.3,63,2019-01-27T14:25:00+08:00,新北市,06,三峽區,057
24.940806,121.361500,三峽,C0AC60,2019-01-27T16:00:00+08:00,55.0,82,2.1,17.4,0.54,1016.7,-99,0.0,8.2,40,2019-01-27T15:15:00+08:00,新北市,06,三峽區,057
24.940806,121.361500,三峽,C0AC60,2019-01-27T17:00:00+08:00,55.0,82,3.0,16.7,0.57,1016.6,-99,0.0,-99,-99,-99,新北市,06,三峽區,057
24.940806,121.361500,三峽,C0AC60,2019-01-27T18:00:00+08:00,55.0,78,3.1,15.7,0.6,1016.5,-99,0.0,8.2,81,2019-01-27T17:58:00+08:00,新北市,06,三峽區,057
24.940806,121.361500,三峽,C0AC60,2019-01-27T19:00:00+08:00,55.0,76,3.2,15.3,0.61,1016.6,-99,0.0,9.9,78,2019-01-27T18:41:00+08:00,新北市,06,三峽區,057
24.940806,121.361500,三峽,C0AC60,2019-01-27T20:00:00+08:00,55.0,80,3.3,15.1,0.65,1016.7,-99,0.0,9.9,83,2019-01-27T19:28:00+08:00,新北市,06,三峽區,057
24.940806,121.361500,三峽,C0AC60,2019-01-27T21:00:00+08:00,55.0,80,3.7,15.0,0.68,1016.4,-99,0.0,8.8,81,2019-01-27T20:45:00+08:00,新北市,06,三峽區,057
24.940806,121.361500,三峽,C0AC60,2019-01-27T22:00:00+08:00,55.0,84,2.0,14.8,0.71,1016.1,-99,0.0,10.4,90,2019-01-27T21:10:00+08:00,新北市,06,三峽區,057
24.940806,121.361500,三峽,C0AC60,2019-01-27T23:00:00+08:00,55.0,92,1.8,14.6,0.72,1016.0,-99,0.0,7.7,71,2019-01-27T22:11:00+08:00,新北市,06,三峽區,057
24.940806,121.361500,三峽,C0AC60,2019-01-28T00:00:00+08:00,55.0,0,0.2,12.8,0.83,1015.7,-99,0.0,-99,-99,-99,新北市,06,三峽區,057
24.940806,121.361500,三峽,C0AC60,2019-01-28T01:00:00+08:00,55.0,173,1.4,11.6,0.96,1015.6,-99,0.0,-99,-99,-99,新北市,06,三峽區,057
24.940806,121.361500,三峽,C0AC60,2019-01-28T02:00:00+08:00,55.0,161,1.7,11.2,0.98,1015.3,-99,0.0,-99,-99,-99,新北市,06,三峽區,057
24.940806,121.361500,三峽,C0AC60,2019-01-28T03:00:00+08:00,55.0,159,1.9,11.1,0.98,1015.3,-99,0.0,-99,-99,-99,新北市,06,三峽區,057
24.940806,121.361500,三峽,C0AC60,2019-01-28T04:00:00+08:00,55.0,157,2.4,10.8,0.98,1015.4,-99,0.0,-99,-99,-99,新北市,06,三峽區,057
24.940806,121.361500,三峽,C0AC60,2019-01-28T05:00:00+08:00,55.0,169,0.3,10.3,0.99,1015.7,-99,0.0,-99,-99,-99,新北市,06,三峽區,057
24.940806,121.361500,三峽,C0AC60,2019-01-28T06:00:00+08:00,55.0,179,0.4,10.3,0.99,1016.1,-99,0.0,-99,-99,-99,新北市,06,三峽區,057
24.940806,121.361500,三峽,C0AC60,2019-01-28T07:00:00+08:00,55.0,160,0.5,10.4,0.99,1016.7,-99,0.0,-99,-99,-99,新北市,06,三峽區,057
24.940806,121.361500,三峽,C0AC60,2019-01-28T08:00:00+08:00,55.0,162,1.1,11.3,0.99,1017.2,-99,0.0,-99,-99,-99,新北市,06,三峽區,057
24.940806,121.361500,三峽,C0AC60,2019-01-28T09:00:00+08:00,55.0,0,0.0,14.5,0.88,1017.7,-99,0.0,-99,-99,-99,新北市,06,三峽區,057
24.940806,121.361500,三峽,C0AC60,2019-01-28T10:00:00+08:00,55.0,78,0.3,17.8,0.65,1017.5,-99,0.0,-99,-99,-99,新北市,06,三峽區,057
24.940806,121.361500,三峽,C0AC60,2019-01-28T11:00:00+08:00,55.0,88,1.2,20.1,0.58,1016.6,-99,0.0,-99,-99,-99,新北市,06,三峽區,057
24.940806,121.361500,三峽,C0AC60,2019-01-28T12:00:00+08:00,55.0,0,0.0,21.3,0.54,1015.6,-99,0.0,-99,-99,-99,新北市,06,三峽區,057
24.940806,121.361500,三峽,C0AC60,2019-01-28T13:00:00+08:00,55.0,0,0.0,22.9,0.43,1014.4,-99,0.0,-99,-99,-99,新北市,06,三峽區,057
24.940806,121.361500,三峽,C0AC60,2019-01-28T14:00:00+08:00,55.0,312,1.9,22.8,0.51,1013.7,-99,0.0,-99,-99,-99,新北市,06,三峽區,057
24.940806,121.361500,三峽,C0AC60,2019-01-28T15:00:00+08:00,55.0,304,1.6,22.2,0.54,1013.5,-99,0.0,-99,-99,-99,新北市,06,三峽區,057
24.940806,121.361500,三峽,C0AC60,2019-01-28T16:00:00+08:00,55.0,314,0.9,21.1,0.58,1013.7,-99,0.0,-99,-99,-99,新北市,06,三峽區,057
24.940806,121.361500,三峽,C0AC60,2019-01-28T17:00:00+08:00,55.0,65,1.3,20.2,0.6,1014.3,-99,0.0,-99,-99,-99,新北市,06,三峽區,057
24.940806,121.361500,三峽,C0AC60,2019-01-28T18:00:00+08:00,55.0,79,2.1,19.0,0.66,1014.8,-99,0.0,-99,-99,-99,新北市,06,三峽區,057
24.940806,121.361500,三峽,C0AC60,2019-01-28T19:00:00+08:00,55.0,90,1.7,18.2,0.7,1015.4,-99,0.0,-99,-99,-99,新北市,06,三峽區,057
24.940806,121.361500,三峽,C0AC60,2019-01-28T20:00:00+08:00,55.0,97,0.8,17.8,0.72,1015.6,-99,0.0,-99,-99,-99,新北市,06,三峽區,057
24.940806,121.361500,三峽,C0AC60,2019-01-28T21:00:00+08:00,55.0,0,0.2,17.3,0.77,1015.7,-99,0.0,-99,-99,-99,新北市,06,三峽區,057
24.940806,121.361500,三峽,C0AC60,2019-01-28T22:00:00+08:00,55.0,116,0.3,16.6,0.87,1015.5,-99,0.0,-99,-99,-99,新北市,06,三峽區,057
24.940806,121.361500,三峽,C0AC60,2019-01-28T23:00:00+08:00,55.0,101,0.8,16.9,0.86,1015.6,-99,0.0,-99,-99,-99,新北市,06,三峽區,057
24.940806,121.361500,三峽,C0AC60,2019-01-29T00:00:00+08:00,55.0,85,2.2,17.7,0.78,1015.6,-99,0.0,-99,-99,-99,新北市,06,三峽區,057
24.940806,121.361500,三峽,C0AC60,2019-01-29T01:00:00+08:00,55.0,84,2.2,17.6,0.79,1015.9,-99,0.0,7.7,84,2019-01-29T00:01:00+08:00,新北市,06,三峽區,057
24.940806,121.361500,三峽,C0AC60,2019-01-29T02:00:00+08:00,55.0,80,2.2,17.5,0.81,1015.6,-99,0.0,-99,-99,-99,新北市,06,三峽區,057
24.940806,121.361500,三峽,C0AC60,2019-01-29T03:00:00+08:00,55.0,87,2.1,17.3,0.82,1015.5,-99,0.0,-99,-99,-99,新北市,06,三峽區,057
24.940806,121.361500,三峽,C0AC60,2019-01-29T04:00:00+08:00,55.0,100,1.6,16.7,0.86,1015.5,-99,0.0,-99,-99,-99,新北市,06,三峽區,057
24.940806,121.361500,三峽,C0AC60,2019-01-29T05:00:00+08:00,55.0,88,2.1,16.7,0.85,1015.8,-99,0.0,-99,-99,-99,新北市,06,三峽區,057
24.940806,121.361500,三峽,C0AC60,2019-01-29T06:00:00+08:00,55.0,99,1.2,16.3,0.89,1016.4,-99,0.0,-99,-99,-99,新北市,06,三峽區,057
24.940806,121.361500,三峽,C0AC60,2019-01-29T07:00:00+08:00,55.0,93,1.9,16.7,0.85,1016.9,-99,0.0,-99,-99,-99,新北市,06,三峽區,057
24.940806,121.361500,三峽,C0AC60,2019-01-29T08:00:00+08:00,55.0,85,2.3,17.6,0.78,1017.3,-99,0.0,-99,-99,-99,新北市,06,三峽區,057
24.940806,121.361500,三峽,C0AC60,2019-01-29T09:00:00+08:00,55.0,81,2.8,18.9,0.7,1017.5,-99,0.0,8.8,65,2019-01-29T08:44:00+08:00,新北市,06,三峽區,057
24.940806,121.361500,三峽,C0AC60,2019-01-29T10:00:00+08:00,55.0,80,2.8,20.0,0.66,1017.2,-99,0.0,-99,-99,-99,新北市,06,三峽區,057
24.940806,121.361500,三峽,C0AC60,2019-01-29T11:00:00+08:00,55.0,81,2.8,21.6,0.58,1016.2,-99,0.0,10.4,77,2019-01-29T10:31:00+08:00,新北市,06,三峽區,057
24.940806,121.361500,三峽,C0AC60,2019-01-29T12:00:00+08:00,55.0,81,2.6,22.8,0.52,1015.0,-99,0.0,9.3,77,2019-01-29T11:17:00+08:00,新北市,06,三峽區,057
24.940806,121.361500,三峽,C0AC60,2019-01-29T13:00:00+08:00,55.0,86,3.0,23.8,0.48,1014.1,-99,0.0,9.3,78,2019-01-29T12:28:00+08:00,新北市,06,三峽區,057
24.940806,121.361500,三峽,C0AC60,2019-01-29T14:00:00+08:00,55.0,71,3.0,23.3,0.5,1013.4,-99,0.0,8.2,82,2019-01-29T13:08:00+08:00,新北市,06,三峽區,057
24.940806,121.361500,三峽,C0AC60,2019-01-29T15:00:00+08:00,55.0,72,3.3,23.0,0.51,1013.2,-99,0.0,9.9,72,2019-01-29T14:51:00+08:00,新北市,06,三峽區,057
24.940806,121.361500,三峽,C0AC60,2019-01-29T16:00:00+08:00,55.0,78,2.5,23.0,0.5,1013.2,-99,0.0,8.2,76,2019-01-29T15:24:00+08:00,新北市,06,三峽區,057
24.940806,121.361500,三峽,C0AC60,2019-01-29T17:00:00+08:00,55.0,76,2.6,21.5,0.56,1013.7,-99,0.0,7.7,56,2019-01-29T16:11:00+08:00,新北市,06,三峽區,057
