24.9408,121.3615,三峽,C0AC60,2017-05-01T00:00:00+08:00,55.0,207.0,0.4,20.1,0.79,1007.9,-99.0,0.0,-9.9,-99,-999,新北市,06,三峽區,057
24.9408,121.3615,三峽,C0AC60,2017-05-01T01:00:00+08:00,55.0,0.0,0.1,19.8,0.81,1007.8,-99.0,0.0,-9.9,-99,-999,新北市,06,三峽區,057
24.9408,121.3615,三峽,C0AC60,2017-05-01T02:00:00+08:00,55.0,209.0,1.6,19.2,0.83,1007.9,-99.0,0.0,-9.9,-99,-999,新北市,06,三峽區,057
24.9408,121.3615,三峽,C0AC60,2017-05-01T03:00:00+08:00,55.0,206.0,1.9,19.1,0.83,1007.8,-99.0,0.0,-9.9,-99,-999,新北市,06,三峽區,057
24.9408,121.3615,三峽,C0AC60,2017-05-01T04:00:00+08:00,55.0,220.0,1.3,19.0,0.84,1008.1,-99.0,0.0,-9.9,-99,-999,新北市,06,三峽區,057
24.9408,121.3615,三峽,C0AC60,2017-05-01T05:00:00+08:00,55.0,160.0,0.8,18.8,0.85,1008.4,-99.0,0.0,-9.9,-99,-999,新北市,06,三峽區,057
24.9408,121.3615,三峽,C0AC60,2017-05-01T06:00:00+08:00,55.0,204.0,1.2,18.8,0.84,1008.9,-99.0,0.0,-9.9,-99,-999,新北市,06,三峽區,057
24.9408,121.3615,三峽,C0AC60,2017-05-01T07:00:00+08:00,55.0,85.0,0.4,20.5,0.79,1009.1,-99.0,0.0,-9.9,-99,-999,新北市,06,三峽區,057
24.9408,121.3615,三峽,C0AC60,2017-05-01T08:00:00+08:00,55.0,87.0,0.5,22.4,0.73,1009.2,-99.0,0.0,-9.9,-99,-999,新北市,06,三峽區,057
24.9408,121.3615,三峽,C0AC60,2017-05-01T09:00:00+08:00,55.0,92.0,0.9,25.2,0.60,1008.9,-99.0,0.0,-9.9,-99,-999,新北市,06,三峽區,057
24.9408,121.3615,三峽,C0AC60,2017-05-01T10:00:00+08:00,55.0,57.0,0.8,27.6,0.43,1008.9,-99.0,0.0,-9.9,-99,-999,新北市,06,三峽區,057
24.9408,121.3615,三峽,C0AC60,2017-05-01T11:00:00+08:00,55.0,69.0,1.3,29.3,0.40,1008.2,-99.0,0.0,-9.9,-99,-999,新北市,06,三峽區,057
24.9408,121.3615,三峽,C0AC60,2017-05-01T12:00:00+08:00,55.0,68.0,0.8,30.2,0.40,1007.4,-99.0,0.0,-9.9,-99,-999,新北市,06,三峽區,057
24.9408,121.3615,三峽,C0AC60,2017-05-01T13:00:00+08:00,55.0,319.0,1.7,29.5,0.43,1006.5,-99.0,0.0,-9.9,-99,-999,新北市,06,三峽區,057
24.9408,121.3615,三峽,C0AC60,2017-05-01T14:00:00+08:00,55.0,311.0,1.8,29.4,0.38,1006.0,-99.0,0.0,-9.9,-99,-999,新北市,06,三峽區,057
24.9408,121.3615,三峽,C0AC60,2017-05-01T15:00:00+08:00,55.0,335.0,2.4,29.4,0.38,1005.8,-99.0,0.0,-9.9,-99,-999,新北市,06,三峽區,057
24.9408,121.3615,三峽,C0AC60,2017-05-01T16:00:00+08:00,55.0,298.0,1.1,28.8,0.40,1005.7,-99.0,0.0,-9.9,-99,-999,新北市,06,三峽區,057
24.9408,121.3615,三峽,C0AC60,2017-05-01T17:00:00+08:00,55.0,297.0,0.4,28.0,0.44,1006.1,-99.0,0.0,-9.9,-99,-999,新北市,06,三峽區,057
24.9408,121.3615,三峽,C0AC60,2017-05-01T18:00:00+08:00,55.0,11.0,0.4,27.5,0.46,1006.5,-99.0,0.0,-9.9,-99,-999,新北市,06,三峽區,057
24.9408,121.3615,三峽,C0AC60,2017-05-01T19:00:00+08:00,55.0,191.0,0.7,25.5,0.62,1006.8,-99.0,0.0,-9.9,-99,-999,新北市,06,三峽區,057
24.9408,121.3615,三峽,C0AC60,2017-05-01T20:00:00+08:00,55.0,0.0,0.0,24.3,0.68,1006.9,-99.0,0.0,-9.9,-99,-999,新北市,06,三峽區,057
24.9408,121.3615,三峽,C0AC60,2017-05-01T21:00:00+08:00,55.0,166.0,1.1,22.9,0.75,1007.0,-99.0,0.0,-9.9,-99,-999,新北市,06,三峽區,057
24.9408,121.3615,三峽,C0AC60,2017-05-01T22:00:00+08:00,55.0,184.0,0.5,22.3,0.77,1007.2,-99.0,0.0,-9.9,-99,-999,新北市,06,三峽區,057
24.9408,121.3615,三峽,C0AC60,2017-05-01T23:00:00+08:00,55.0,158.0,0.7,22.0,0.78,1007.1,-99.0,0.0,-9.9,-99,-999,新北市,06,三峽區,057
24.9408,121.3615,三峽,C0AC60,2017-05-02T00:00:00+08:00,55.0,209.0,0.9,21.8,0.79,1007.2,-99.0,0.0,-9.9,-99,-999,新北市,06,三峽區,057
24.9408,121.3615,三峽,C0AC60,2017-05-02T01:00:00+08:00,55.0,164.0,0.3,21.8,0.80,1006.8,-99.0,0.0,-9.9,-99,-999,新北市,06,三峽區,057
24.9408,121.3615,三峽,C0AC60,2017-05-02T02:00:00+08:00,55.0,158.0,2.0,21.8,0.81,1006.5,-99.0,0.0,-9.9,-99,-999,新北市,06,三峽區,057
24.9408,121.3615,三峽,C0AC60,2017-05-02T03:00:00+08:00,55.0,215.0,0.8,21.5,0.85,1006.2,-99.0,0.0,-9.9,-99,-999,新北市,06,三峽區,057
24.9408,121.3615,三峽,C0AC60,2017-05-02T04:00:00+08:00,55.0,231.0,0.9,21.3,0.85,1006.5,-99.0,0.0,-9.9,-99,-999,新北市,06,三峽區,057
24.9408,121.3615,三峽,C0AC60,2017-05-02T05:00:00+08:00,55.0,209.0,0.9,21.3,0.86,1007.0,-99.0,0.0,-9.9,-99,-999,新北市,06,三峽區,057
24.9408,121.3615,三峽,C0AC60,2017-05-02T06:00:00+08:00,55.0,157.0,0.4,21.5,0.84,1007.2,-99.0,0.0,-9.9,-99,-999,新北市,06,三峽區,057
24.9408,121.3615,三峽,C0AC60,2017-05-02T07:00:00+08:00,55.0,0.0,0.1,21.8,0.85,1007.6,-99.0,0.0,-9.9,-99,-999,新北市,06,三峽區,057
24.9408,121.3615,三峽,C0AC60,2017-05-02T08:00:00+08:00,55.0,199.0,1.3,23.0,0.78,1008.1,-99.0,0.0,-9.9,-99,-999,新北市,06,三峽區,057
24.9408,121.3615,三峽,C0AC60,2017-05-02T09:00:00+08:00,55.0,87.0,0.5,25.3,0.69,1008.4,-99.0,0.0,-9.9,-99,-999,新北市,06,三峽區,057
24.9408,121.3615,三峽,C0AC60,2017-05-02T10:00:00+08:00,55.0,43.0,1.0,26.3,0.64,1007.9,-99.0,0.0,-9.9,-99,-999,新北市,06,三峽區,057
24.9408,121.3615,三峽,C0AC60,2017-05-02T11:00:00+08:00,55.0,14.0,0.5,28.1,0.56,1007.7,-99.0,0.0,-9.9,-99,-999,新北市,06,三峽區,057
24.9408,121.3615,三峽,C0AC60,2017-05-02T12:00:00+08:00,55.0,320.0,1.1,29.0,0.55,1007.2,-99.0,0.0,-9.9,-99,-999,新北市,06,三峽區,057
24.9408,121.3615,三峽,C0AC60,2017-05-02T13:00:00+08:00,55.0,345.0,0.6,29.6,0.52,1006.3,-99.0,0.0,-9.9,-99,-999,新北市,06,三峽區,057
24.9408,121.3615,三峽,C0AC60,2017-05-02T14:00:00+08:00,55.0,301.0,0.3,28.7,0.56,1005.8,-99.0,0.0,-9.9,-99,-999,新北市,06,三峽區,057
24.9408,121.3615,三峽,C0AC60,2017-05-02T15:00:00+08:00,55.0,346.0,0.5,27.0,0.64,1005.8,-99.0,0.0,-9.9,-99,-999,新北市,06,三峽區,057
24.9408,121.3615,三峽,C0AC60,2017-05-02T16:00:00+08:00,55.0,342.0,0.9,26.3,0.66,1005.9,-99.0,0.0,-9.9,-99,-999,新北市,06,三峽區,057
24.9408,121.3615,三峽,C0AC60,2017-05-02T17:00:00+08:00,55.0,232.0,1.1,26.0,0.70,1006.2,-99.0,0.0,-9.9,-99,-999,新北市,06,三峽區,057
24.9408,121.3615,三峽,C0AC60,2017-05-02T18:00:00+08:00,55.0,110.0,0.3,25.6,0.75,1006.4,-99.0,0.0,-9.9,-99,-999,新北市,06,三峽區,057
24.9408,121.3615,三峽,C0AC60,2017-05-02T19:00:00+08:00,55.0,89.0,1.7,25.0,0.76,1006.6,-99.0,0.0,-9.9,-99,-999,新北市,06,三峽區,057
24.9408,121.3615,三峽,C0AC60,2017-05-02T20:00:00+08:00,55.0,86.0,0.9,25.1,0.74,1006.5,-99.0,0.0,-9.9,-99,-999,新北市,06,三峽區,057
24.9408,121.3615,三峽,C0AC60,2017-05-02T21:00:00+08:00,55.0,173.0,0.7,24.8,0.77,1006.7,-99.0,0.0,-9.9,-99,-999,新北市,06,三峽區,057
24.9408,121.3615,三峽,C0AC60,2017-05-02T22:00:00+08:00,55.0,184.0,0.8,24.4,0.79,1007.1,-99.0,0.0,-9.9,-99,-999,新北市,06,三峽區,057
24.9408,121.3615,三峽,C0AC60,2017-05-02T23:00:00+08:00,55.0,0.0,0.0,23.9,0.81,1007.1,-99.0,0.0,-9.9,-99,-999,新北市,06,三峽區,057
24.9408,121.3615,三峽,C0AC60,2017-05-03T00:00:00+08:00,55.0,201.0,1.0,23.8,0.81,1007.0,-99.0,0.0,-9.9,-99,-999,新北市,06,三峽區,057
24.9408,121.3615,三峽,C0AC60,2017-05-03T01:00:00+08:00,55.0,197.0,0.7,23.6,0.83,1007.0,-99.0,0.0,-9.9,-99,-999,新北市,06,三峽區,057
24.9408,121.3615,三峽,C0AC60,2017-05-03T02:00:00+08:00,55.0,0.0,0.2,23.3,0.85,1006.3,-99.0,0.0,-9.9,-99,-999,新北市,06,三峽區,057
24.9408,121.3615,三峽,C0AC60,2017-05-03T03:00:00+08:00,55.0,220.0,1.0,23.3,0.85,1005.9,-99.0,0.0,-9.9,-99,-999,新北市,06,三峽區,057
24.9408,121.3615,三峽,C0AC60,2017-05-03T04:00:00+08:00,55.0,197.0,1.3,23.5,0.84,1006.5,-99.0,0.0,-9.9,-99,-999,新北市,06,三峽區,057
24.9408,121.3615,三峽,C0AC60,2017-05-03T05:00:00+08:00,55.0,196.0,1.2,23.1,0.88,1006.9,-99.0,0.0,-9.9,-99,-999,新北市,06,三峽區,057
24.9408,121.3615,三峽,C0AC60,2017-05-03T06:00:00+08:00,55.0,184.0,0.6,23.4,0.87,1007.4,-99.0,0.0,-9.9,-99,-999,新北市,06,三峽區,057
24.9408,121.3615,三峽,C0AC60,2017-05-03T07:00:00+08:00,55.0,0.0,0.2,23.1,0.93,1008.2,-99.0,0.0,-9.9,-99,-999,新北市,06,三峽區,057
24.9408,121.3615,三峽,C0AC60,2017-05-03T08:00:00+08:00,55.0,0.0,0.2,23.8,0.89,1008.4,-99.0,0.0,-9.9,-99,-999,新北市,06,三峽區,057
24.9408,121.3615,三峽,C0AC60,2017-05-03T09:00:00+08:00,55.0,86.0,0.8,24.8,0.85,1008.6,-99.0,0.0,-9.9,-99,-999,新北市,06,三峽區,057
24.9408,121.3615,三峽,C0AC60,2017-05-03T10:00:00+08:00,55.0,83.0,0.7,26.4,0.76,1008.4,-99.0,0.0,-9.9,-99,-999,新北市,06,三峽區,057
24.9408,121.3615,三峽,C0AC60,2017-05-03T11:00:00+08:00,55.0,81.0,0.8,27.6,0.67,1007.9,-99.0,0.0,-9.9,-99,-999,新北市,06,三峽區,057
24.9408,121.3615,三峽,C0AC60,2017-05-03T12:00:00+08:00,55.0,87.0,0.3,29.8,0.61,1006.9,-99.0,0.0,-9.9,-99,-999,新北市,06,三峽區,057
24.9408,121.3615,三峽,C0AC60,2017-05-03T13:00:00+08:00,55.0,83.0,1.3,31.2,0.55,1006.0,-99.0,0.0,-9.9,-99,-999,新北市,06,三峽區,057
24.9408,121.3615,三峽,C0AC60,2017-05-03T14:00:00+08:00,55.0,76.0,1.8,31.5,0.56,1005.2,-99.0,0.0,-9.9,-99,-999,新北市,06,三峽區,057
24.9408,121.3615,三峽,C0AC60,2017-05-03T15:00:00+08:00,55.0,72.0,2.7,30.1,0.62,1005.0,-99.0,0.0,-9.9,-99,-999,新北市,06,三峽區,057
24.9408,121.3615,三峽,C0AC60,2017-05-03T16:00:00+08:00,55.0,68.0,2.9,28.7,0.69,1004.9,-99.0,0.0,-9.9,-99,-999,新北市,06,三峽區,057
24.9408,121.3615,三峽,C0AC60,2017-05-03T17:00:00+08:00,55.0,75.0,1.8,27.7,0.72,1005.2,-99.0,0.0,-9.9,-99,-999,新北市,06,三峽區,057
24.9408,121.3615,三峽,C0AC60,2017-05-03T18:00:00+08:00,55.0,94.0,1.1,27.2,0.73,1005.7,-99.0,0.0,-9.9,-99,-999,新北市,06,三峽區,057
24.9408,121.3615,三峽,C0AC60,2017-05-03T19:00:00+08:00,55.0,90.0,0.8,26.2,0.77,1006.3,-99.0,0.0,-9.9,-99,-999,新北市,06,三峽區,057
24.9408,121.3615,三峽,C0AC60,2017-05-03T20:00:00+08:00,55.0,92.0,1.1,25.5,0.80,1006.6,-99.0,0.0,-9.9,-99,-999,新北市,06,三峽區,057
24.9408,121.3615,三峽,C0AC60,2017-05-03T21:00:00+08:00,55.0,88.0,1.1,24.7,0.84,1006.9,-99.0,0.0,-9.9,-99,-999,新北市,06,三峽區,057
24.9408,121.3615,三峽,C0AC60,2017-05-03T22:00:00+08:00,55.0,89.0,0.9,24.3,0.86,1007.2,-99.0,0.0,-9.9,-99,-999,新北市,06,三峽區,057
24.9408,121.3615,三峽,C0AC60,2017-05-03T23:00:00+08:00,55.0,89.0,0.6,23.7,0.88,1006.9,-99.0,0.0,-9.9,-99,-999,新北市,06,三峽區,057
24.9408,121.3615,三峽,C0AC60,2017-05-04T01:00:00+08:00,55.0,0.0,0.0,23.2,0.89,1005.9,-99.0,0.0,-9.9,-99,-999,新北市,06,三峽區,057
24.9408,121.3615,三峽,C0AC60,2017-05-04T02:00:00+08:00,55.0,185.0,0.5,23.0,0.90,1005.5,-99.0,0.0,-9.9,-99,-999,新北市,06,三峽區,057
24.9408,121.3615,三峽,C0AC60,2017-05-04T03:00:00+08:00,55.0,199.0,0.6,22.6,0.90,1005.5,-99.0,0.0,-9.9,-99,-999,新北市,06,三峽區,057
24.9408,121.3615,三峽,C0AC60,2017-05-04T04:00:00+08:00,55.0,0.0,0.0,22.7,0.91,1005.6,-99.0,0.0,-9.9,-99,-999,新北市,06,三峽區,057
24.9408,121.3615,三峽,C0AC60,2017-05-04T05:00:00+08:00,55.0,0.0,0.1,23.1,0.89,1006.1,-99.0,0.0,-9.9,-99,-999,新北市,06,三峽區,057
24.9408,121.3615,三峽,C0AC60,2017-05-04T06:00:00+08:00,55.0,0.0,0.0,23.3,0.87,1006.3,-99.0,0.0,-9.9,-99,-999,新北市,06,三峽區,057
24.9408,121.3615,三峽,C0AC60,2017-05-04T07:00:00+08:00,55.0,202.0,1.1,23.8,0.84,1006.8,-99.0,0.0,-9.9,-99,-999,新北市,06,三峽區,057
24.9408,121.3615,三峽,C0AC60,2017-05-04T08:00:00+08:00,55.0,319.0,0.9,25.9,0.74,1006.9,-99.0,0.0,-9.9,-99,-999,新北市,06,三峽區,057
24.9408,121.3615,三峽,C0AC60,2017-05-04T09:00:00+08:00,55.0,301.0,1.3,27.3,0.70,1006.7,-99.0,0.0,-9.9,-99,-999,新北市,06,三峽區,057
24.9408,121.3615,三峽,C0AC60,2017-05-04T10:00:00+08:00,55.0,294.0,1.8,28.0,0.70,1006.8,-99.0,0.0,-9.9,-99,-999,新北市,06,三峽區,057
24.9408,121.3615,三峽,C0AC60,2017-05-04T11:00:00+08:00,55.0,259.0,1.7,28.5,0.67,1006.3,-99.0,0.0,-9.9,-99,-999,新北市,06,三峽區,057
24.9408,121.3615,三峽,C0AC60,2017-05-04T12:00:00+08:00,55.0,266.0,1.4,29.8,0.62,1005.5,-99.0,0.0,-9.9,-99,-999,新北市,06,三峽區,057
24.9408,121.3615,三峽,C0AC60,2017-05-04T13:00:00+08:00,55.0,0.0,0.1,31.0,0.58,1004.6,-99.0,0.0,-9.9,-99,-999,新北市,06,三峽區,057
24.9408,121.3615,三峽,C0AC60,2017-05-04T14:00:00+08:00,55.0,320.0,2.2,29.8,0.67,1004.6,-99.0,0.0,-9.9,-99,-999,新北市,06,三峽區,057
24.9408,121.3615,三峽,C0AC60,2017-05-04T15:00:00+08:00,55.0,290.0,1.7,29.5,0.68,1004.9,-99.0,0.0,-9.9,-99,-999,新北市,06,三峽區,057
24.9408,121.3615,三峽,C0AC60,2017-05-04T16:00:00+08:00,55.0,314.0,1.7,28.6,0.67,1005.3,-99.0,0.0,-9.9,-99,-999,新北市,06,三峽區,057
24.9408,121.3615,三峽,C0AC60,2017-05-04T17:00:00+08:00,55.0,232.0,1.4,27.7,0.72,1005.4,-99.0,0.0,-9.9,-99,-999,新北市,06,三峽區,057
24.9408,121.3615,三峽,C0AC60,2017-05-04T18:00:00+08:00,55.0,230.0,1.1,27.5,0.72,1005.8,-99.0,0.0,-9.9,-99,-999,新北市,06,三峽區,057
24.9408,121.3615,三峽,C0AC60,2017-05-04T19:00:00+08:00,55.0,236.0,0.9,27.7,0.70,1006.0,-99.0,0.0,-9.9,-99,-999,新北市,06,三峽區,057
24.9408,121.3615,三峽,C0AC60,2017-05-04T20:00:00+08:00,55.0,209.0,0.9,26.5,0.77,1006.6,-99.0,0.0,-9.9,-99,-999,新北市,06,三峽區,057
24.9408,121.3615,三峽,C0AC60,2017-05-04T21:00:00+08:00,55.0,177.0,0.5,26.4,0.77,1007.2,-99.0,0.0,-9.9,-99,-999,新北市,06,三峽區,057
24.9408,121.3615,三峽,C0AC60,2017-05-04T22:00:00+08:00,55.0,91.0,0.5,25.9,0.79,1007.6,-99.0,0.0,-9.9,-99,-999,新北市,06,三峽區,057
24.9408,121.3615,三峽,C0AC60,2017-05-04T23:00:00+08:00,55.0,160.0,1.0,25.4,0.81,1007.5,-99.0,0.0,-9.9,-99,-999,新北市,06,三峽區,057
24.9408,121.3615,三峽,C0AC60,2017-05-05T00:00:00+08:00,55.0,197.0,1.5,24.4,0.86,1007.0,-99.0,0.0,-9.9,-99,-999,新北市,06,三峽區,057
24.9408,121.3615,三峽,C0AC60,2017-05-05T01:00:00+08:00,55.0,174.0,0.5,24.2,0.86,1006.5,-99.0,0.0,-9.9,-99,-999,新北市,06,三峽區,057
24.9408,121.3615,三峽,C0AC60,2017-05-05T02:00:00+08:00,55.0,155.0,0.5,24.0,0.87,1006.4,-99.0,0.0,-9.9,-99,-999,新北市,06,三峽區,057
24.9408,121.3615,三峽,C0AC60,2017-05-05T03:00:00+08:00,55.0,0.0,0.0,24.1,0.86,1006.2,-99.0,0.0,-9.9,-99,-999,新北市,06,三峽區,057
24.9408,121.3615,三峽,C0AC60,2017-05-05T04:00:00+08:00,55.0,159.0,0.7,23.4,0.89,1006.8,-99.0,0.0,-9.9,-99,-999,新北市,06,三峽區,057
24.9408,121.3615,三峽,C0AC60,2017-05-05T05:00:00+08:00,55.0,197.0,0.7,23.4,0.89,1007.2,-99.0,0.0,-9.9,-99,-999,新北市,06,三峽區,057
24.9408,121.3615,三峽,C0AC60,2017-05-05T06:00:00+08:00,55.0,154.0,0.4,23.9,0.85,1007.5,-99.0,0.0,-9.9,-99,-999,新北市,06,三峽區,057
24.9408,121.3615,三峽,C0AC60,2017-05-05T07:00:00+08:00,55.0,0.0,0.2,25.0,0.81,1007.8,-99.0,0.0,-9.9,-99,-999,新北市,06,三峽區,057
24.9408,121.3615,三峽,C0AC60,2017-05-05T08:00:00+08:00,55.0,0.0,0.2,27.4,0.73,1008.2,-99.0,0.0,-9.9,-99,-999,新北市,06,三峽區,057
24.9408,121.3615,三峽,C0AC60,2017-05-05T09:00:00+08:00,55.0,0.0,0.1,29.1,0.66,1008.5,-99.0,0.0,-9.9,-99,-999,新北市,06,三峽區,057
24.9408,121.3615,三峽,C0AC60,2017-05-05T10:00:00+08:00,55.0,7.0,1.2,28.9,0.69,1008.6,-99.0,0.0,-9.9,-99,-999,新北市,06,三峽區,057
24.9408,121.3615,三峽,C0AC60,2017-05-05T11:00:00+08:00,55.0,360.0,0.7,28.6,0.73,1008.4,-99.0,0.0,-9.9,-99,-999,新北市,06,三峽區,057
24.9408,121.3615,三峽,C0AC60,2017-05-05T12:00:00+08:00,55.0,323.0,0.6,29.4,0.70,1007.9,-99.0,0.5,-9.9,-99,-999,新北市,06,三峽區,057
24.9408,121.3615,三峽,C0AC60,2017-05-05T13:00:00+08:00,55.0,306.0,0.5,29.7,0.67,1007.3,-99.0,0.5,-9.9,-99,-999,新北市,06,三峽區,057
24.9408,121.3615,三峽,C0AC60,2017-05-05T14:00:00+08:00,55.0,319.0,1.2,29.5,0.68,1006.9,-99.0,0.5,-9.9,-99,-999,新北市,06,三峽區,057
24.9408,121.3615,三峽,C0AC60,2017-05-05T15:00:00+08:00,55.0,217.0,1.9,25.9,0.94,1007.3,-99.0,2.0,-9.9,-99,-999,新北市,06,三峽區,057
24.9408,121.3615,三峽,C0AC60,2017-05-05T16:00:00+08:00,55.0,208.0,1.0,24.5,0.97,1007.2,-99.0,11.5,-9.9,-99,-999,新北市,06,三峽區,057
24.9408,121.3615,三峽,C0AC60,2017-05-05T17:00:00+08:00,55.0,192.0,0.4,25.8,0.92,1007.5,-99.0,11.5,-9.9,-99,-999,新北市,06,三峽區,057
24.9408,121.3615,三峽,C0AC60,2017-05-05T18:00:00+08:00,55.0,189.0,0.9,25.4,0.93,1008.0,-99.0,11.5,-9.9,-99,-999,新北市,06,三峽區,057
24.9408,121.3615,三峽,C0AC60,2017-05-05T19:00:00+08:00,55.0,198.0,0.6,25.5,0.93,1008.7,-99.0,11.5,-9.9,-99,-999,新北市,06,三峽區,057
24.9408,121.3615,三峽,C0AC60,2017-05-05T20:00:00+08:00,55.0,165.0,0.3,25.1,0.93,1009.3,-99.0,11.5,-9.9,-99,-999,新北市,06,三峽區,057
24.9408,121.3615,三峽,C0AC60,2017-05-05T21:00:00+08:00,55.0,0.0,0.0,25.0,0.93,1009.6,-99.0,11.5,-9.9,-99,-999,新北市,06,三峽區,057
24.9408,121.3615,三峽,C0AC60,2017-05-05T22:00:00+08:00,55.0,151.0,0.6,24.8,0.93,1010.3,-99.0,11.5,-9.9,-99,-999,新北市,06,三峽區,057
24.9408,121.3615,三峽,C0AC60,2017-05-05T23:00:00+08:00,55.0,155.0,1.3,24.6,0.93,1010.4,-99.0,11.5,-9.9,-99,-999,新北市,06,三峽區,057
24.9408,121.3615,三峽,C0AC60,2017-05-06T00:00:00+08:00,55.0,0.0,0.1,24.2,0.94,1009.7,-99.0,11.5,-9.9,-99,-999,新北市,06,三峽區,057
24.9408,121.3615,三峽,C0AC60,2017-05-06T01:00:00+08:00,55.0,212.0,0.5,23.9,0.93,1009.5,-99.0,0.0,-9.9,-99,-999,新北市,06,三峽區,057
24.9408,121.3615,三峽,C0AC60,2017-05-06T02:00:00+08:00,55.0,160.0,1.7,23.7,0.95,1009.1,-99.0,0.0,-9.9,-99,-999,新北市,06,三峽區,057
24.9408,121.3615,三峽,C0AC60,2017-05-06T03:00:00+08:00,55.0,156.0,0.5,23.6,0.94,1009.1,-99.0,0.0,-9.9,-99,-999,新北市,06,三峽區,057
24.9408,121.3615,三峽,C0AC60,2017-05-06T04:00:00+08:00,55.0,0.0,0.0,23.4,0.94,1009.2,-99.0,0.0,-9.9,-99,-999,新北市,06,三峽區,057
24.9408,121.3615,三峽,C0AC60,2017-05-06T05:00:00+08:00,55.0,0.0,0.0,23.5,0.93,1009.5,-99.0,0.0,-9.9,-99,-999,新北市,06,三峽區,057
24.9408,121.3615,三峽,C0AC60,2017-05-06T07:00:00+08:00,55.0,96.0,2.0,24.1,0.92,1010.7,-99.0,0.0,-9.9,-99,-999,新北市,06,三峽區,057
24.9408,121.3615,三峽,C0AC60,2017-05-06T08:00:00+08:00,55.0,94.0,2.0,24.0,0.89,1011.0,-99.0,0.0,-9.9,-99,-999,新北市,06,三峽區,057
24.9408,121.3615,三峽,C0AC60,2017-05-06T10:00:00+08:00,55.0,82.0,1.9,25.8,0.80,1011.4,-99.0,0.0,-9.9,-99,-999,新北市,06,三峽區,057
24.9408,121.3615,三峽,C0AC60,2017-05-06T11:00:00+08:00,55.0,84.0,1.2,27.0,0.77,1011.0,-99.0,0.0,-9.9,-99,-999,新北市,06,三峽區,057
24.9408,121.3615,三峽,C0AC60,2017-05-06T12:00:00+08:00,55.0,63.0,1.7,26.8,0.77,1010.4,-99.0,0.0,-9.9,-99,-999,新北市,06,三峽區,057
24.9408,121.3615,三峽,C0AC60,2017-05-06T13:00:00+08:00,55.0,80.0,1.9,28.1,0.72,1009.8,-99.0,0.0,-9.9,-99,-999,新北市,06,三峽區,057
24.9408,121.3615,三峽,C0AC60,2017-05-06T14:00:00+08:00,55.0,101.0,1.2,27.4,0.74,1009.1,-99.0,0.0,-9.9,-99,-999,新北市,06,三峽區,057
24.9408,121.3615,三峽,C0AC60,2017-05-06T15:00:00+08:00,55.0,79.0,2.0,25.5,0.79,1008.9,-99.0,0.0,-9.9,-99,-999,新北市,06,三峽區,057
24.9408,121.3615,三峽,C0AC60,2017-05-06T16:00:00+08:00,55.0,87.0,2.0,24.6,0.79,1009.2,-99.0,0.0,-9.9,-99,-999,新北市,06,三峽區,057
24.9408,121.3615,三峽,C0AC60,2017-05-06T17:00:00+08:00,55.0,94.0,1.5,24.1,0.80,1009.6,-99.0,0.0,-9.9,-99,-999,新北市,06,三峽區,057
24.9408,121.3615,三峽,C0AC60,2017-05-06T18:00:00+08:00,55.0,93.0,2.8,23.2,0.82,1009.9,-99.0,0.0,-9.9,-99,-999,新北市,06,三峽區,057
24.9408,121.3615,三峽,C0AC60,2017-05-06T19:00:00+08:00,55.0,94.0,2.1,22.9,0.81,1010.3,-99.0,0.0,-9.9,-99,-999,新北市,06,三峽區,057
24.9408,121.3615,三峽,C0AC60,2017-05-06T20:00:00+08:00,55.0,94.0,2.1,22.7,0.80,1010.3,-99.0,0.0,-9.9,-99,-999,新北市,06,三峽區,057
24.9408,121.3615,三峽,C0AC60,2017-05-06T21:00:00+08:00,55.0,81.0,2.6,22.7,0.81,1010.7,-99.0,0.0,-9.9,-99,-999,新北市,06,三峽區,057
24.9408,121.3615,三峽,C0AC60,2017-05-06T22:00:00+08:00,55.0,96.0,1.8,22.8,0.81,1011.2,-99.0,0.0,-9.9,-99,-999,新北市,06,三峽區,057
24.9408,121.3615,三峽,C0AC60,2017-05-06T23:00:00+08:00,55.0,94.0,1.6,22.8,0.82,1011.1,-99.0,0.0,-9.9,-99,-999,新北市,06,三峽區,057
24.9408,121.3615,三峽,C0AC60,2017-05-07T00:00:00+08:00,55.0,88.0,1.4,22.8,0.83,1010.8,-99.0,0.0,-9.9,-99,-999,新北市,06,三峽區,057
24.9408,121.3615,三峽,C0AC60,2017-05-07T01:00:00+08:00,55.0,78.0,2.9,22.8,0.84,1010.5,-99.0,0.0,-9.9,-99,-999,新北市,06,三峽區,057
24.9408,121.3615,三峽,C0AC60,2017-05-07T02:00:00+08:00,55.0,79.0,2.0,22.5,0.86,1010.0,-99.0,0.0,-9.9,-99,-999,新北市,06,三峽區,057
24.9408,121.3615,三峽,C0AC60,2017-05-07T03:00:00+08:00,55.0,89.0,0.8,22.5,0.86,1009.9,-99.0,0.0,-9.9,-99,-999,新北市,06,三峽區,057
24.9408,121.3615,三峽,C0AC60,2017-05-07T04:00:00+08:00,55.0,90.0,1.3,22.6,0.85,1009.9,-99.0,0.0,-9.9,-99,-999,新北市,06,三峽區,057
24.9408,121.3615,三峽,C0AC60,2017-05-07T05:00:00+08:00,55.0,86.0,0.9,22.5,0.85,1010.4,-99.0,0.0,-9.9,-99,-999,新北市,06,三峽區,057
24.9408,121.3615,三峽,C0AC60,2017-05-07T06:00:00+08:00,55.0,97.0,0.8,22.4,0.85,1010.8,-99.0,0.0,-9.9,-99,-999,新北市,06,三峽區,057
24.9408,121.3615,三峽,C0AC60,2017-05-07T07:00:00+08:00,55.0,85.0,1.5,22.7,0.83,1010.5,-99.0,0.0,-9.9,-99,-999,新北市,06,三峽區,057
24.9408,121.3615,三峽,C0AC60,2017-05-07T08:00:00+08:00,55.0,72.0,2.9,24.0,0.77,1010.4,-99.0,0.0,-9.9,-99,-999,新北市,06,三峽區,057
24.9408,121.3615,三峽,C0AC60,2017-05-07T10:00:00+08:00,55.0,74.0,2.2,25.5,0.72,1010.5,-99.0,0.0,-9.9,-99,-999,新北市,06,三峽區,057
24.9408,121.3615,三峽,C0AC60,2017-05-07T11:00:00+08:00,55.0,77.0,2.6,26.4,0.69,1010.3,-99.0,0.0,-9.9,-99,-999,新北市,06,三峽區,057
24.9408,121.3615,三峽,C0AC60,2017-05-07T12:00:00+08:00,55.0,86.0,3.2,26.3,0.68,1010.1,-99.0,0.0,-9.9,-99,-999,新北市,06,三峽區,057
24.9408,121.3615,三峽,C0AC60,2017-05-07T13:00:00+08:00,55.0,76.0,2.5,26.7,0.68,1009.0,-99.0,0.0,-9.9,-99,-999,新北市,06,三峽區,057
24.9408,121.3615,三峽,C0AC60,2017-05-07T14:00:00+08:00,55.0,74.0,3.4,26.6,0.68,1008.1,-99.0,0.0,-9.9,-99,-999,新北市,06,三峽區,057
24.9408,121.3615,三峽,C0AC60,2017-05-07T15:00:00+08:00,55.0,76.0,3.6,26.7,0.68,1007.1,-99.0,0.0,-9.9,-99,-999,新北市,06,三峽區,057
24.9408,121.3615,三峽,C0AC60,2017-05-07T16:00:00+08:00,55.0,77.0,3.9,26.4,0.69,1006.8,-99.0,0.0,-9.9,-99,-999,新北市,06,三峽區,057
24.9408,121.3615,三峽,C0AC60,2017-05-07T17:00:00+08:00,55.0,74.0,3.2,25.5,0.71,1006.8,-99.0,0.0,-9.9,-99,-999,新北市,06,三峽區,057
24.9408,121.3615,三峽,C0AC60,2017-05-07T18:00:00+08:00,55.0,77.0,4.0,24.4,0.75,1007.3,-99.0,0.0,-9.9,-99,-999,新北市,06,三峽區,057
24.9408,121.3615,三峽,C0AC60,2017-05-07T19:00:00+08:00,55.0,77.0,3.9,23.6,0.77,1007.6,-99.0,0.0,-9.9,-99,-999,新北市,06,三峽區,057
24.9408,121.3615,三峽,C0AC60,2017-05-07T20:00:00+08:00,55.0,81.0,3.1,23.5,0.76,1008.2,-99.0,0.0,-9.9,-99,-999,新北市,06,三峽區,057
24.9408,121.3615,三峽,C0AC60,2017-05-07T21:00:00+08:00,55.0,77.0,4.1,23.6,0.74,1008.8,-99.0,0.0,-9.9,-99,-999,新北市,06,三峽區,057
24.9408,121.3615,三峽,C0AC60,2017-05-07T22:00:00+08:00,55.0,82.0,2.8,23.5,0.73,1009.0,-99.0,0.0,-9.9,-99,-999,新北市,06,三峽區,057
24.9408,121.3615,三峽,C0AC60,2017-05-07T23:00:00+08:00,55.0,99.0,0.6,23.4,0.74,1008.8,-99.0,0.0,-9.9,-99,-999,新北市,06,三峽區,057
24.9408,121.3615,三峽,C0AC60,2017-05-08T00:00:00+08:00,55.0,0.0,0.2,22.8,0.78,1008.4,-99.0,0.0,-9.9,-99,-999,新北市,06,三峽區,057
24.9408,121.3615,三峽,C0AC60,2017-05-08T01:00:00+08:00,55.0,121.0,0.4,22.1,0.84,1008.2,-99.0,0.0,-9.9,-99,-999,新北市,06,三峽區,057
24.9408,121.3615,三峽,C0AC60,2017-05-08T02:00:00+08:00,55.0,150.0,0.8,21.6,0.88,1007.5,-99.0,0.0,-9.9,-99,-999,新北市,06,三峽區,057
24.9408,121.3615,三峽,C0AC60,2017-05-08T03:00:00+08:00,55.0,160.0,2.2,21.4,0.90,1007.1,-99.0,0.0,-9.9,-99,-999,新北市,06,三峽區,057
24.9408,121.3615,三峽,C0AC60,2017-05-08T04:00:00+08:00,55.0,150.0,0.8,21.2,0.90,1007.0,-99.0,0.0,-9.9,-99,-999,新北市,06,三峽區,057
24.9408,121.3615,三峽,C0AC60,2017-05-08T05:00:00+08:00,55.0,186.0,0.4,21.3,0.89,1007.1,-99.0,0.0,-9.9,-99,-999,新北市,06,三峽區,057
24.9408,121.3615,三峽,C0AC60,2017-05-08T06:00:00+08:00,55.0,155.0,0.8,21.5,0.89,1007.1,-99.0,0.0,-9.9,-99,-999,新北市,06,三峽區,057
24.9408,121.3615,三峽,C0AC60,2017-05-08T07:00:00+08:00,55.0,0.0,0.0,23.3,0.82,1007.3,-99.0,0.0,-9.9,-99,-999,新北市,06,三峽區,057
24.9408,121.3615,三峽,C0AC60,2017-05-08T08:00:00+08:00,55.0,0.0,0.2,25.1,0.74,1007.5,-99.0,0.0,-9.9,-99,-999,新北市,06,三峽區,057
24.9408,121.3615,三峽,C0AC60,2017-05-08T10:00:00+08:00,55.0,184.0,0.6,29.1,0.63,1006.8,-99.0,0.0,-9.9,-99,-999,新北市,06,三峽區,057
24.9408,121.3615,三峽,C0AC60,2017-05-08T11:00:00+08:00,55.0,255.0,2.1,29.9,0.62,1006.4,-99.0,0.0,-9.9,-99,-999,新北市,06,三峽區,057
24.9408,121.3615,三峽,C0AC60,2017-05-08T12:00:00+08:00,55.0,266.0,1.6,30.7,0.60,1005.6,-99.0,0.0,-9.9,-99,-999,新北市,06,三峽區,057
24.9408,121.3615,三峽,C0AC60,2017-05-08T13:00:00+08:00,55.0,237.0,2.4,30.0,0.63,1004.8,-99.0,0.0,-9.9,-99,-999,新北市,06,三峽區,057
24.9408,121.3615,三峽,C0AC60,2017-05-08T14:00:00+08:00,55.0,214.0,1.6,29.3,0.66,1004.0,-99.0,0.0,-9.9,-99,-999,新北市,06,三峽區,057
24.9408,121.3615,三峽,C0AC60,2017-05-08T15:00:00+08:00,55.0,218.0,1.1,29.0,0.68,1003.5,-99.0,0.0,-9.9,-99,-999,新北市,06,三峽區,057
24.9408,121.3615,三峽,C0AC60,2017-05-08T16:00:00+08:00,55.0,237.0,2.0,29.1,0.65,1003.2,-99.0,0.0,-9.9,-99,-999,新北市,06,三峽區,057
24.9408,121.3615,三峽,C0AC60,2017-05-08T17:00:00+08:00,55.0,264.0,1.0,28.9,0.67,1003.2,-99.0,0.0,-9.9,-99,-999,新北市,06,三峽區,057
24.9408,121.3615,三峽,C0AC60,2017-05-08T18:00:00+08:00,55.0,232.0,1.3,28.2,0.69,1003.5,-99.0,0.0,-9.9,-99,-999,新北市,06,三峽區,057
24.9408,121.3615,三峽,C0AC60,2017-05-08T19:00:00+08:00,55.0,240.0,0.7,27.6,0.72,1003.9,-99.0,0.0,-9.9,-99,-999,新北市,06,三峽區,057
24.9408,121.3615,三峽,C0AC60,2017-05-08T20:00:00+08:00,55.0,203.0,0.3,26.5,0.82,1004.5,-99.0,0.0,-9.9,-99,-999,新北市,06,三峽區,057
24.9408,121.3615,三峽,C0AC60,2017-05-08T21:00:00+08:00,55.0,0.0,0.0,26.0,0.84,1005.2,-99.0,0.0,-9.9,-99,-999,新北市,06,三峽區,057
24.9408,121.3615,三峽,C0AC60,2017-05-08T22:00:00+08:00,55.0,162.0,1.0,25.0,0.88,1005.6,-99.0,0.0,-9.9,-99,-999,新北市,06,三峽區,057
24.9408,121.3615,三峽,C0AC60,2017-05-08T23:00:00+08:00,55.0,162.0,0.5,24.4,0.90,1005.0,-99.0,0.0,-9.9,-99,-999,新北市,06,三峽區,057
24.9408,121.3615,三峽,C0AC60,2017-05-09T00:00:00+08:00,55.0,187.0,1.0,24.2,0.89,1004.6,-99.0,0.0,-9.9,-99,-999,新北市,06,三峽區,057
24.9408,121.3615,三峽,C0AC60,2017-05-09T01:00:00+08:00,55.0,186.0,0.3,23.6,0.92,1004.2,-99.0,0.0,-9.9,-99,-999,新北市,06,三峽區,057
24.9408,121.3615,三峽,C0AC60,2017-05-09T02:00:00+08:00,55.0,193.0,0.7,23.8,0.91,1004.0,-99.0,0.0,-9.9,-99,-999,新北市,06,三峽區,057
24.9408,121.3615,三峽,C0AC60,2017-05-09T03:00:00+08:00,55.0,0.0,0.2,23.5,0.90,1003.4,-99.0,0.0,-9.9,-99,-999,新北市,06,三峽區,057
24.9408,121.3615,三峽,C0AC60,2017-05-09T04:00:00+08:00,55.0,160.0,1.1,23.2,0.89,1003.3,-99.0,0.0,-9.9,-99,-999,新北市,06,三峽區,057
24.9408,121.3615,三峽,C0AC60,2017-05-09T05:00:00+08:00,55.0,157.0,2.1,22.7,0.90,1003.3,-99.0,0.0,-9.9,-99,-999,新北市,06,三峽區,057
24.9408,121.3615,三峽,C0AC60,2017-05-09T06:00:00+08:00,55.0,195.0,1.1,23.0,0.87,1005.1,-99.0,0.0,-9.9,-99,-999,新北市,06,三峽區,057
24.9408,121.3615,三峽,C0AC60,2017-05-09T07:00:00+08:00,55.0,334.0,1.2,23.6,0.87,1006.5,-99.0,0.0,-9.9,-99,-999,新北市,06,三峽區,057
24.9408,121.3615,三峽,C0AC60,2017-05-09T08:00:00+08:00,55.0,228.0,0.4,23.4,0.92,1006.8,-99.0,0.5,-9.9,-99,-999,新北市,06,三峽區,057
24.9408,121.3615,三峽,C0AC60,2017-05-09T09:00:00+08:00,55.0,292.0,0.9,25.1,0.84,1006.3,-99.0,0.5,-9.9,-99,-999,新北市,06,三峽區,057
24.9408,121.3615,三峽,C0AC60,2017-05-09T10:00:00+08:00,55.0,230.0,1.9,25.8,0.81,1007.0,-99.0,0.5,-9.9,-99,-999,新北市,06,三峽區,057
24.9408,121.3615,三峽,C0AC60,2017-05-09T11:00:00+08:00,55.0,244.0,1.9,26.1,0.79,1006.9,-99.0,0.5,-9.9,-99,-999,新北市,06,三峽區,057
24.9408,121.3615,三峽,C0AC60,2017-05-09T12:00:00+08:00,55.0,267.0,1.4,26.2,0.78,1006.6,-99.0,0.5,-9.9,-99,-999,新北市,06,三峽區,057
24.9408,121.3615,三峽,C0AC60,2017-05-09T13:00:00+08:00,55.0,222.0,2.0,25.6,0.85,1006.2,-99.0,0.5,-9.9,-99,-999,新北市,06,三峽區,057
24.9408,121.3615,三峽,C0AC60,2017-05-09T14:00:00+08:00,55.0,234.0,0.9,25.7,0.83,1006.0,-99.0,0.5,-9.9,-99,-999,新北市,06,三峽區,057
24.9408,121.3615,三峽,C0AC60,2017-05-09T15:00:00+08:00,55.0,204.0,0.7,25.6,0.85,1005.8,-99.0,0.5,-9.9,-99,-999,新北市,06,三峽區,057
24.9408,121.3615,三峽,C0AC60,2017-05-09T16:00:00+08:00,55.0,219.0,1.4,25.7,0.85,1005.6,-99.0,0.5,-9.9,-99,-999,新北市,06,三峽區,057
24.9408,121.3615,三峽,C0AC60,2017-05-09T17:00:00+08:00,55.0,226.0,0.9,26.0,0.85,1005.8,-99.0,0.5,-9.9,-99,-999,新北市,06,三峽區,057
24.9408,121.3615,三峽,C0AC60,2017-05-09T18:00:00+08:00,55.0,210.0,1.3,26.2,0.84,1005.9,-99.0,0.5,-9.9,-99,-999,新北市,06,三峽區,057
24.9408,121.3615,三峽,C0AC60,2017-05-09T19:00:00+08:00,55.0,168.0,0.3,25.5,0.87,1006.2,-99.0,0.5,-9.9,-99,-999,新北市,06,三峽區,057
24.9408,121.3615,三峽,C0AC60,2017-05-09T20:00:00+08:00,55.0,0.0,0.0,25.0,0.89,1007.1,-99.0,0.5,-9.9,-99,-999,新北市,06,三峽區,057
24.9408,121.3615,三峽,C0AC60,2017-05-09T21:00:00+08:00,55.0,149.0,0.5,24.6,0.91,1008.1,-99.0,0.5,-9.9,-99,-999,新北市,06,三峽區,057
24.9408,121.3615,三峽,C0AC60,2017-05-09T22:00:00+08:00,55.0,0.0,0.0,24.6,0.90,1008.4,-99.0,0.5,-9.9,-99,-999,新北市,06,三峽區,057
24.9408,121.3615,三峽,C0AC60,2017-05-09T23:00:00+08:00,55.0,0.0,0.0,24.5,0.89,1008.3,-99.0,0.5,-9.9,-99,-999,新北市,06,三峽區,057
24.9408,121.3615,三峽,C0AC60,2017-05-10T00:00:00+08:00,55.0,138.0,0.4,24.2,0.91,1008.1,-99.0,0.5,-9.9,-99,-999,新北市,06,三峽區,057
24.9408,121.3615,三峽,C0AC60,2017-05-10T01:00:00+08:00,55.0,0.0,0.2,23.6,0.92,1007.6,-99.0,0.0,-9.9,-99,-999,新北市,06,三峽區,057
24.9408,121.3615,三峽,C0AC60,2017-05-10T02:00:00+08:00,55.0,156.0,0.4,23.2,0.92,1007.2,-99.0,0.0,-9.9,-99,-999,新北市,06,三峽區,057
24.9408,121.3615,三峽,C0AC60,2017-05-10T03:00:00+08:00,55.0,0.0,0.0,22.8,0.94,1007.2,-99.0,0.0,-9.9,-99,-999,新北市,06,三峽區,057
24.9408,121.3615,三峽,C0AC60,2017-05-10T04:00:00+08:00,55.0,156.0,1.4,22.5,0.92,1007.1,-99.0,0.0,-9.9,-99,-999,新北市,06,三峽區,057
24.9408,121.3615,三峽,C0AC60,2017-05-10T05:00:00+08:00,55.0,175.0,1.2,22.4,0.89,1007.3,-99.0,0.0,-9.9,-99,-999,新北市,06,三峽區,057
24.9408,121.3615,三峽,C0AC60,2017-05-10T06:00:00+08:00,55.0,161.0,1.0,22.3,0.88,1007.7,-99.0,0.0,-9.9,-99,-999,新北市,06,三峽區,057
24.9408,121.3615,三峽,C0AC60,2017-05-10T07:00:00+08:00,55.0,0.0,0.0,23.8,0.83,1008.3,-99.0,0.0,-9.9,-99,-999,新北市,06,三峽區,057
24.9408,121.3615,三峽,C0AC60,2017-05-10T08:00:00+08:00,55.0,167.0,1.1,25.4,0.77,1009.0,-99.0,0.0,-9.9,-99,-999,新北市,06,三峽區,057
24.9408,121.3615,三峽,C0AC60,2017-05-10T10:00:00+08:00,55.0,10.0,1.2,29.8,0.66,1008.9,-99.0,0.0,-9.9,-99,-999,新北市,06,三峽區,057
24.9408,121.3615,三峽,C0AC60,2017-05-10T11:00:00+08:00,55.0,47.0,1.2,31.7,0.56,1008.6,-99.0,0.0,-9.9,-99,-999,新北市,06,三峽區,057
24.9408,121.3615,三峽,C0AC60,2017-05-10T12:00:00+08:00,55.0,79.0,1.5,32.7,0.52,1008.2,-99.0,0.0,-9.9,-99,-999,新北市,06,三峽區,057
24.9408,121.3615,三峽,C0AC60,2017-05-10T13:00:00+08:00,55.0,344.0,0.9,33.0,0.51,1007.9,-99.0,0.0,-9.9,-99,-999,新北市,06,三峽區,057
24.9408,121.3615,三峽,C0AC60,2017-05-10T14:00:00+08:00,55.0,62.0,0.7,33.9,0.44,1007.2,-99.0,0.0,-9.9,-99,-999,新北市,06,三峽區,057
24.9408,121.3615,三峽,C0AC60,2017-05-10T15:00:00+08:00,55.0,46.0,1.8,34.2,0.45,1006.6,-99.0,0.0,-9.9,-99,-999,新北市,06,三峽區,057
24.9408,121.3615,三峽,C0AC60,2017-05-10T16:00:00+08:00,55.0,93.0,1.5,34.1,0.47,1006.4,-99.0,0.0,-9.9,-99,-999,新北市,06,三峽區,057
24.9408,121.3615,三峽,C0AC60,2017-05-10T17:00:00+08:00,55.0,70.0,1.6,31.9,0.56,1006.4,-99.0,0.0,-9.9,-99,-999,新北市,06,三峽區,057
24.9408,121.3615,三峽,C0AC60,2017-05-10T18:00:00+08:00,55.0,73.0,2.0,30.6,0.60,1007.0,-99.0,0.0,-9.9,-99,-999,新北市,06,三峽區,057
24.9408,121.3615,三峽,C0AC60,2017-05-10T19:00:00+08:00,55.0,87.0,0.6,29.8,0.63,1007.6,-99.0,0.0,-9.9,-99,-999,新北市,06,三峽區,057
24.9408,121.3615,三峽,C0AC60,2017-05-10T20:00:00+08:00,55.0,0.0,0.1,28.7,0.72,1008.6,-99.0,0.0,-9.9,-99,-999,新北市,06,三峽區,057
24.9408,121.3615,三峽,C0AC60,2017-05-10T21:00:00+08:00,55.0,163.0,0.7,27.1,0.82,1009.2,-99.0,0.0,-9.9,-99,-999,新北市,06,三峽區,057
24.9408,121.3615,三峽,C0AC60,2017-05-10T22:00:00+08:00,55.0,0.0,0.1,26.7,0.82,1009.4,-99.0,0.0,-9.9,-99,-999,新北市,06,三峽區,057
24.9408,121.3615,三峽,C0AC60,2017-05-10T23:00:00+08:00,55.0,156.0,1.4,26.1,0.84,1008.9,-99.0,0.0,-9.9,-99,-999,新北市,06,三峽區,057
24.9408,121.3615,三峽,C0AC60,2017-05-11T00:00:00+08:00,55.0,154.0,0.9,25.8,0.85,1008.8,-99.0,0.0,-9.9,-99,-999,新北市,06,三峽區,057
24.9408,121.3615,三峽,C0AC60,2017-05-11T01:00:00+08:00,55.0,187.0,0.3,25.6,0.85,1008.2,-99.0,0.0,-9.9,-99,-999,新北市,06,三峽區,057
24.9408,121.3615,三峽,C0AC60,2017-05-11T02:00:00+08:00,55.0,173.0,1.4,25.2,0.86,1007.6,-99.0,0.0,-9.9,-99,-999,新北市,06,三峽區,057
24.9408,121.3615,三峽,C0AC60,2017-05-11T03:00:00+08:00,55.0,177.0,0.5,24.9,0.86,1007.3,-99.0,0.0,-9.9,-99,-999,新北市,06,三峽區,057
24.9408,121.3615,三峽,C0AC60,2017-05-11T04:00:00+08:00,55.0,207.0,0.6,24.3,0.89,1008.3,-99.0,0.0,-9.9,-99,-999,新北市,06,三峽區,057
24.9408,121.3615,三峽,C0AC60,2017-05-11T05:00:00+08:00,55.0,0.0,0.0,24.8,0.89,1008.5,-99.0,0.0,-9.9,-99,-999,新北市,06,三峽區,057
24.9408,121.3615,三峽,C0AC60,2017-05-11T06:00:00+08:00,55.0,0.0,0.1,24.2,0.89,1008.9,-99.0,0.0,-9.9,-99,-999,新北市,06,三峽區,057
24.9408,121.3615,三峽,C0AC60,2017-05-11T07:00:00+08:00,55.0,0.0,0.0,24.9,0.84,1009.5,-99.0,0.0,-9.9,-99,-999,新北市,06,三峽區,057
24.9408,121.3615,三峽,C0AC60,2017-05-11T08:00:00+08:00,55.0,183.0,0.8,26.4,0.78,1009.6,-99.0,0.0,-9.9,-99,-999,新北市,06,三峽區,057
24.9408,121.3615,三峽,C0AC60,2017-05-11T10:00:00+08:00,55.0,311.0,0.7,29.5,0.63,1009.1,-99.0,0.0,-9.9,-99,-999,新北市,06,三峽區,057
24.9408,121.3615,三峽,C0AC60,2017-05-11T11:00:00+08:00,55.0,197.0,1.2,31.8,0.51,1008.6,-99.0,0.0,-9.9,-99,-999,新北市,06,三峽區,057
24.9408,121.3615,三峽,C0AC60,2017-05-11T12:00:00+08:00,55.0,313.0,0.5,32.7,0.53,1008.1,-99.0,0.0,-9.9,-99,-999,新北市,06,三峽區,057
24.9408,121.3615,三峽,C0AC60,2017-05-11T13:00:00+08:00,55.0,324.0,2.0,30.8,0.65,1007.9,-99.0,0.0,-9.9,-99,-999,新北市,06,三峽區,057
24.9408,121.3615,三峽,C0AC60,2017-05-11T14:00:00+08:00,55.0,348.0,2.7,31.5,0.55,1007.3,-99.0,0.0,-9.9,-99,-999,新北市,06,三峽區,057
24.9408,121.3615,三峽,C0AC60,2017-05-11T15:00:00+08:00,55.0,291.0,1.9,31.9,0.52,1007.0,-99.0,0.0,-9.9,-99,-999,新北市,06,三峽區,057
24.9408,121.3615,三峽,C0AC60,2017-05-11T16:00:00+08:00,55.0,315.0,0.6,31.7,0.53,1006.8,-99.0,0.0,-9.9,-99,-999,新北市,06,三峽區,057
24.9408,121.3615,三峽,C0AC60,2017-05-11T17:00:00+08:00,55.0,221.0,0.6,31.4,0.51,1006.6,-99.0,0.0,-9.9,-99,-999,新北市,06,三峽區,057
24.9408,121.3615,三峽,C0AC60,2017-05-11T18:00:00+08:00,55.0,239.0,1.1,29.5,0.67,1007.1,-99.0,0.0,-9.9,-99,-999,新北市,06,三峽區,057
24.9408,121.3615,三峽,C0AC60,2017-05-11T19:00:00+08:00,55.0,0.0,0.1,29.7,0.65,1006.9,-99.0,0.0,-9.9,-99,-999,新北市,06,三峽區,057
24.9408,121.3615,三峽,C0AC60,2017-05-11T20:00:00+08:00,55.0,206.0,1.3,27.6,0.73,1007.2,-99.0,0.0,-9.9,-99,-999,新北市,06,三峽區,057
24.9408,121.3615,三峽,C0AC60,2017-05-11T21:00:00+08:00,55.0,192.0,0.5,26.6,0.75,1007.6,-99.0,0.0,-9.9,-99,-999,新北市,06,三峽區,057
24.9408,121.3615,三峽,C0AC60,2017-05-11T22:00:00+08:00,55.0,213.0,1.9,25.6,0.76,1007.9,-99.0,0.0,-9.9,-99,-999,新北市,06,三峽區,057
24.9408,121.3615,三峽,C0AC60,2017-05-11T23:00:00+08:00,55.0,222.0,0.9,25.1,0.80,1007.9,-99.0,0.0,-9.9,-99,-999,新北市,06,三峽區,057
24.9408,121.3615,三峽,C0AC60,2017-05-12T00:00:00+08:00,55.0,200.0,1.6,24.8,0.81,1007.2,-99.0,0.0,-9.9,-99,-999,新北市,06,三峽區,057
24.9408,121.3615,三峽,C0AC60,2017-05-12T01:00:00+08:00,55.0,151.0,0.6,24.8,0.81,1006.3,-99.0,0.0,-9.9,-99,-999,新北市,06,三峽區,057
24.9408,121.3615,三峽,C0AC60,2017-05-12T02:00:00+08:00,55.0,208.0,2.0,24.2,0.82,1006.0,-99.0,0.0,-9.9,-99,-999,新北市,06,三峽區,057
24.9408,121.3615,三峽,C0AC60,2017-05-12T03:00:00+08:00,55.0,164.0,0.5,24.2,0.81,1005.2,-99.0,0.0,-9.9,-99,-999,新北市,06,三峽區,057
24.9408,121.3615,三峽,C0AC60,2017-05-12T04:00:00+08:00,55.0,208.0,0.6,23.8,0.83,1004.9,-99.0,0.0,-9.9,-99,-999,新北市,06,三峽區,057
24.9408,121.3615,三峽,C0AC60,2017-05-12T05:00:00+08:00,55.0,183.0,0.3,24.0,0.83,1004.9,-99.0,0.0,-9.9,-99,-999,新北市,06,三峽區,057
24.9408,121.3615,三峽,C0AC60,2017-05-12T06:00:00+08:00,55.0,158.0,1.3,24.1,0.82,1005.2,-99.0,0.0,-9.9,-99,-999,新北市,06,三峽區,057
24.9408,121.3615,三峽,C0AC60,2017-05-12T07:00:00+08:00,55.0,153.0,1.1,25.0,0.79,1005.5,-99.0,0.0,-9.9,-99,-999,新北市,06,三峽區,057
24.9408,121.3615,三峽,C0AC60,2017-05-12T08:00:00+08:00,55.0,157.0,0.3,26.1,0.76,1005.7,-99.0,0.0,-9.9,-99,-999,新北市,06,三峽區,057
24.9408,121.3615,三峽,C0AC60,2017-05-12T10:00:00+08:00,55.0,88.0,1.0,28.5,0.70,1006.1,-99.0,0.0,-9.9,-99,-999,新北市,06,三峽區,057
24.9408,121.3615,三峽,C0AC60,2017-05-12T11:00:00+08:00,55.0,236.0,0.8,30.0,0.64,1005.7,-99.0,0.0,-9.9,-99,-999,新北市,06,三峽區,057
24.9408,121.3615,三峽,C0AC60,2017-05-12T12:00:00+08:00,55.0,231.0,0.6,30.1,0.65,1005.2,-99.0,0.0,-9.9,-99,-999,新北市,06,三峽區,057
24.9408,121.3615,三峽,C0AC60,2017-05-12T13:00:00+08:00,55.0,50.0,1.4,30.7,0.67,1004.0,-99.0,0.0,-9.9,-99,-999,新北市,06,三峽區,057
24.9408,121.3615,三峽,C0AC60,2017-05-12T14:00:00+08:00,55.0,352.0,0.8,30.3,0.71,1003.3,-99.0,0.0,-9.9,-99,-999,新北市,06,三峽區,057
24.9408,121.3615,三峽,C0AC60,2017-05-12T15:00:00+08:00,55.0,305.0,1.2,29.9,0.72,1002.8,-99.0,0.0,-9.9,-99,-999,新北市,06,三峽區,057
24.9408,121.3615,三峽,C0AC60,2017-05-12T16:00:00+08:00,55.0,313.0,1.9,29.0,0.76,1002.2,-99.0,0.0,-9.9,-99,-999,新北市,06,三峽區,057
24.9408,121.3615,三峽,C0AC60,2017-05-12T17:00:00+08:00,55.0,250.0,1.5,29.2,0.72,1002.6,-99.0,0.0,-9.9,-99,-999,新北市,06,三峽區,057
24.9408,121.3615,三峽,C0AC60,2017-05-12T18:00:00+08:00,55.0,0.0,0.2,28.9,0.73,1002.6,-99.0,0.0,-9.9,-99,-999,新北市,06,三峽區,057
24.9408,121.3615,三峽,C0AC60,2017-05-12T19:00:00+08:00,55.0,83.0,0.7,27.4,0.82,1002.8,-99.0,0.0,-9.9,-99,-999,新北市,06,三峽區,057
24.9408,121.3615,三峽,C0AC60,2017-05-12T20:00:00+08:00,55.0,90.0,0.6,27.0,0.86,1003.1,-99.0,0.0,-9.9,-99,-999,新北市,06,三峽區,057
24.9408,121.3615,三峽,C0AC60,2017-05-12T21:00:00+08:00,55.0,88.0,0.9,26.8,0.87,1003.4,-99.0,0.0,-9.9,-99,-999,新北市,06,三峽區,057
24.9408,121.3615,三峽,C0AC60,2017-05-12T22:00:00+08:00,55.0,213.0,1.0,26.9,0.85,1003.7,-99.0,0.0,-9.9,-99,-999,新北市,06,三峽區,057
24.9408,121.3615,三峽,C0AC60,2017-05-12T23:00:00+08:00,55.0,158.0,0.3,26.4,0.89,1003.6,-99.0,0.0,-9.9,-99,-999,新北市,06,三峽區,057
24.9408,121.3615,三峽,C0AC60,2017-05-13T00:00:00+08:00,55.0,209.0,0.7,26.2,0.89,1002.9,-99.0,0.0,-9.9,-99,-999,新北市,06,三峽區,057
24.9408,121.3615,三峽,C0AC60,2017-05-13T01:00:00+08:00,55.0,0.0,0.2,26.1,0.88,1002.4,-99.0,0.0,-9.9,-99,-999,新北市,06,三峽區,057
24.9408,121.3615,三峽,C0AC60,2017-05-13T02:00:00+08:00,55.0,199.0,1.1,25.8,0.88,1002.1,-99.0,0.0,-9.9,-99,-999,新北市,06,三峽區,057
24.9408,121.3615,三峽,C0AC60,2017-05-13T03:00:00+08:00,55.0,0.0,0.1,25.8,0.88,1001.5,-99.0,0.0,-9.9,-99,-999,新北市,06,三峽區,057
24.9408,121.3615,三峽,C0AC60,2017-05-13T04:00:00+08:00,55.0,202.0,1.9,25.4,0.88,1001.5,-99.0,0.0,-9.9,-99,-999,新北市,06,三峽區,057
24.9408,121.3615,三峽,C0AC60,2017-05-13T05:00:00+08:00,55.0,200.0,1.2,26.0,0.88,1001.5,-99.0,0.0,-9.9,-99,-999,新北市,06,三峽區,057
24.9408,121.3615,三峽,C0AC60,2017-05-13T06:00:00+08:00,55.0,279.0,1.7,26.4,0.89,1002.0,-99.0,0.0,-9.9,-99,-999,新北市,06,三峽區,057
24.9408,121.3615,三峽,C0AC60,2017-05-13T07:00:00+08:00,55.0,287.0,1.7,26.1,0.89,1002.4,-99.0,0.5,-9.9,-99,-999,新北市,06,三峽區,057
24.9408,121.3615,三峽,C0AC60,2017-05-13T08:00:00+08:00,55.0,306.0,1.7,24.7,0.96,1003.1,-99.0,1.5,-9.9,-99,-999,新北市,06,三峽區,057
24.9408,121.3615,三峽,C0AC60,2017-05-13T14:00:00+08:00,55.0,200.0,2.1,24.5,0.93,1003.8,-99.0,3.0,-9.9,-99,-999,新北市,06,三峽區,057
24.9408,121.3615,三峽,C0AC60,2017-05-13T15:00:00+08:00,55.0,218.0,0.6,25.0,0.89,1003.4,-99.0,3.0,-9.9,-99,-999,新北市,06,三峽區,057
24.9408,121.3615,三峽,C0AC60,2017-05-13T16:00:00+08:00,55.0,0.0,0.2,25.7,0.86,1002.6,-99.0,3.0,-9.9,-99,-999,新北市,06,三峽區,057
24.9408,121.3615,三峽,C0AC60,2017-05-13T17:00:00+08:00,55.0,0.0,0.0,25.7,0.86,1003.1,-99.0,3.0,-9.9,-99,-999,新北市,06,三峽區,057
24.9408,121.3615,三峽,C0AC60,2017-05-13T18:00:00+08:00,55.0,95.0,0.6,25.6,0.86,1003.6,-99.0,3.0,-9.9,-99,-999,新北市,06,三峽區,057
24.9408,121.3615,三峽,C0AC60,2017-05-13T19:00:00+08:00,55.0,94.0,0.3,25.0,0.91,1004.1,-99.0,3.0,-9.9,-99,-999,新北市,06,三峽區,057
24.9408,121.3615,三峽,C0AC60,2017-05-13T20:00:00+08:00,55.0,88.0,0.8,24.7,0.90,1005.0,-99.0,3.0,-9.9,-99,-999,新北市,06,三峽區,057
24.9408,121.3615,三峽,C0AC60,2017-05-13T21:00:00+08:00,55.0,86.0,0.7,24.2,0.91,1005.4,-99.0,3.0,-9.9,-99,-999,新北市,06,三峽區,057
24.9408,121.3615,三峽,C0AC60,2017-05-13T22:00:00+08:00,55.0,0.0,0.1,24.3,0.88,1005.6,-99.0,3.0,-9.9,-99,-999,新北市,06,三峽區,057
24.9408,121.3615,三峽,C0AC60,2017-05-13T23:00:00+08:00,55.0,198.0,0.6,24.1,0.91,1005.9,-99.0,3.0,-9.9,-99,-999,新北市,06,三峽區,057
24.9408,121.3615,三峽,C0AC60,2017-05-14T00:00:00+08:00,55.0,99.0,0.5,23.6,0.94,1004.9,-99.0,3.0,-9.9,-99,-999,新北市,06,三峽區,057
24.9408,121.3615,三峽,C0AC60,2017-05-14T01:00:00+08:00,55.0,0.0,0.0,23.4,0.95,1004.5,-99.0,0.0,-9.9,-99,-999,新北市,06,三峽區,057
24.9408,121.3615,三峽,C0AC60,2017-05-14T02:00:00+08:00,55.0,0.0,0.0,23.5,0.94,1004.6,-99.0,0.0,-9.9,-99,-999,新北市,06,三峽區,057
24.9408,121.3615,三峽,C0AC60,2017-05-14T03:00:00+08:00,55.0,164.0,1.6,23.2,0.94,1005.0,-99.0,0.0,-9.9,-99,-999,新北市,06,三峽區,057
24.9408,121.3615,三峽,C0AC60,2017-05-14T04:00:00+08:00,55.0,190.0,0.8,23.2,0.92,1005.3,-99.0,0.0,-9.9,-99,-999,新北市,06,三峽區,057
24.9408,121.3615,三峽,C0AC60,2017-05-14T05:00:00+08:00,55.0,0.0,0.0,22.7,0.94,1004.9,-99.0,0.0,-9.9,-99,-999,新北市,06,三峽區,057
24.9408,121.3615,三峽,C0AC60,2017-05-14T06:00:00+08:00,55.0,156.0,0.8,23.0,0.91,1005.1,-99.0,0.0,-9.9,-99,-999,新北市,06,三峽區,057
24.9408,121.3615,三峽,C0AC60,2017-05-14T07:00:00+08:00,55.0,190.0,0.3,24.0,0.85,1005.6,-99.0,0.0,-9.9,-99,-999,新北市,06,三峽區,057
24.9408,121.3615,三峽,C0AC60,2017-05-14T08:00:00+08:00,55.0,83.0,0.6,26.2,0.77,1006.1,-99.0,0.0,-9.9,-99,-999,新北市,06,三峽區,057
24.9408,121.3615,三峽,C0AC60,2017-05-14T10:00:00+08:00,55.0,0.0,0.1,26.6,0.77,1006.6,-99.0,0.0,-9.9,-99,-999,新北市,06,三峽區,057
24.9408,121.3615,三峽,C0AC60,2017-05-14T11:00:00+08:00,55.0,96.0,0.4,28.7,0.68,1005.6,-99.0,0.0,-9.9,-99,-999,新北市,06,三峽區,057
24.9408,121.3615,三峽,C0AC60,2017-05-14T12:00:00+08:00,55.0,31.0,1.3,29.5,0.64,1004.7,-99.0,0.0,-9.9,-99,-999,新北市,06,三峽區,057
24.9408,121.3615,三峽,C0AC60,2017-05-14T13:00:00+08:00,55.0,0.0,0.1,30.5,0.59,1003.7,-99.0,0.0,-9.9,-99,-999,新北市,06,三峽區,057
24.9408,121.3615,三峽,C0AC60,2017-05-14T14:00:00+08:00,55.0,353.0,1.8,30.1,0.65,1003.2,-99.0,0.0,-9.9,-99,-999,新北市,06,三峽區,057
24.9408,121.3615,三峽,C0AC60,2017-05-14T15:00:00+08:00,55.0,340.0,1.5,29.8,0.63,1003.1,-99.0,0.0,-9.9,-99,-999,新北市,06,三峽區,057
24.9408,121.3615,三峽,C0AC60,2017-05-14T16:00:00+08:00,55.0,20.0,0.8,28.6,0.64,1003.2,-99.0,0.0,-9.9,-99,-999,新北市,06,三峽區,057
24.9408,121.3615,三峽,C0AC60,2017-05-14T17:00:00+08:00,55.0,96.0,1.4,27.9,0.73,1003.3,-99.0,0.0,-9.9,-99,-999,新北市,06,三峽區,057
24.9408,121.3615,三峽,C0AC60,2017-05-14T18:00:00+08:00,55.0,85.0,1.5,27.4,0.74,1003.8,-99.0,0.0,-9.9,-99,-999,新北市,06,三峽區,057
24.9408,121.3615,三峽,C0AC60,2017-05-14T19:00:00+08:00,55.0,85.0,1.0,26.7,0.77,1004.2,-99.0,0.0,-9.9,-99,-999,新北市,06,三峽區,057
24.9408,121.3615,三峽,C0AC60,2017-05-14T20:00:00+08:00,55.0,84.0,1.8,25.9,0.81,1004.7,-99.0,0.0,-9.9,-99,-999,新北市,06,三峽區,057
24.9408,121.3615,三峽,C0AC60,2017-05-14T21:00:00+08:00,55.0,98.0,0.8,25.7,0.80,1005.2,-99.0,0.0,-9.9,-99,-999,新北市,06,三峽區,057
24.9408,121.3615,三峽,C0AC60,2017-05-14T22:00:00+08:00,55.0,0.0,0.2,25.3,0.82,1005.4,-99.0,0.0,-9.9,-99,-999,新北市,06,三峽區,057
24.9408,121.3615,三峽,C0AC60,2017-05-14T23:00:00+08:00,55.0,157.0,1.7,24.7,0.87,1005.5,-99.0,0.0,-9.9,-99,-999,新北市,06,三峽區,057
24.9408,121.3615,三峽,C0AC60,2017-05-15T00:00:00+08:00,55.0,0.0,0.1,24.2,0.90,1005.1,-99.0,0.0,-9.9,-99,-999,新北市,06,三峽區,057
24.9408,121.3615,三峽,C0AC60,2017-05-15T01:00:00+08:00,55.0,176.0,0.5,24.1,0.88,1004.7,-99.0,0.0,-9.9,-99,-999,新北市,06,三峽區,057
24.9408,121.3615,三峽,C0AC60,2017-05-15T02:00:00+08:00,55.0,174.0,0.5,24.0,0.87,1004.5,-99.0,0.0,-9.9,-99,-999,新北市,06,三峽區,057
24.9408,121.3615,三峽,C0AC60,2017-05-15T03:00:00+08:00,55.0,0.0,0.0,23.8,0.87,1004.4,-99.0,0.0,-9.9,-99,-999,新北市,06,三峽區,057
24.9408,121.3615,三峽,C0AC60,2017-05-15T04:00:00+08:00,55.0,155.0,1.2,23.6,0.87,1004.4,-99.0,0.0,-9.9,-99,-999,新北市,06,三峽區,057
24.9408,121.3615,三峽,C0AC60,2017-05-15T05:00:00+08:00,55.0,217.0,0.6,23.0,0.91,1005.0,-99.0,0.0,-9.9,-99,-999,新北市,06,三峽區,057
24.9408,121.3615,三峽,C0AC60,2017-05-15T06:00:00+08:00,55.0,0.0,0.0,23.7,0.90,1005.2,-99.0,0.0,-9.9,-99,-999,新北市,06,三峽區,057
24.9408,121.3615,三峽,C0AC60,2017-05-15T07:00:00+08:00,55.0,200.0,0.6,24.4,0.82,1005.4,-99.0,0.0,-9.9,-99,-999,新北市,06,三峽區,057
24.9408,121.3615,三峽,C0AC60,2017-05-15T08:00:00+08:00,55.0,84.0,0.6,27.4,0.71,1005.2,-99.0,0.0,-9.9,-99,-999,新北市,06,三峽區,057
24.9408,121.3615,三峽,C0AC60,2017-05-15T10:00:00+08:00,55.0,307.0,0.4,29.4,0.62,1004.8,-99.0,0.0,-9.9,-99,-999,新北市,06,三峽區,057
24.9408,121.3615,三峽,C0AC60,2017-05-15T11:00:00+08:00,55.0,330.0,0.4,30.9,0.57,1004.3,-99.0,0.0,-9.9,-99,-999,新北市,06,三峽區,057
24.9408,121.3615,三峽,C0AC60,2017-05-15T12:00:00+08:00,55.0,69.0,0.4,33.1,0.48,1003.4,-99.0,0.0,-9.9,-99,-999,新北市,06,三峽區,057
24.9408,121.3615,三峽,C0AC60,2017-05-15T13:00:00+08:00,55.0,73.0,2.0,30.7,0.64,1002.1,-99.0,0.0,-9.9,-99,-999,新北市,06,三峽區,057
24.9408,121.3615,三峽,C0AC60,2017-05-15T14:00:00+08:00,55.0,64.0,2.5,26.4,0.91,1002.1,-99.0,4.0,-9.9,-99,-999,新北市,06,三峽區,057
24.9408,121.3615,三峽,C0AC60,2017-05-15T15:00:00+08:00,55.0,213.0,2.6,26.2,0.85,1002.0,-99.0,4.0,-9.9,-99,-999,新北市,06,三峽區,057
24.9408,121.3615,三峽,C0AC60,2017-05-15T16:00:00+08:00,55.0,89.0,2.0,22.8,0.99,1002.9,-99.0,37.5,-9.9,-99,-999,新北市,06,三峽區,057
24.9408,121.3615,三峽,C0AC60,2017-05-15T17:00:00+08:00,55.0,191.0,1.7,23.4,0.98,1002.8,-99.0,38.0,-9.9,-99,-999,新北市,06,三峽區,057
24.9408,121.3615,三峽,C0AC60,2017-05-15T18:00:00+08:00,55.0,84.0,0.6,24.0,0.96,1002.6,-99.0,38.0,-9.9,-99,-999,新北市,06,三峽區,057
24.9408,121.3615,三峽,C0AC60,2017-05-15T19:00:00+08:00,55.0,181.0,0.4,23.5,0.94,1003.2,-99.0,38.0,-9.9,-99,-999,新北市,06,三峽區,057
24.9408,121.3615,三峽,C0AC60,2017-05-15T20:00:00+08:00,55.0,325.0,1.0,23.0,0.93,1004.4,-99.0,38.5,-9.9,-99,-999,新北市,06,三峽區,057
24.9408,121.3615,三峽,C0AC60,2017-05-15T21:00:00+08:00,55.0,97.0,1.4,23.0,0.94,1004.7,-99.0,41.5,-9.9,-99,-999,新北市,06,三峽區,057
24.9408,121.3615,三峽,C0AC60,2017-05-15T22:00:00+08:00,55.0,213.0,0.8,22.4,0.95,1005.2,-99.0,43.5,-9.9,-99,-999,新北市,06,三峽區,057
24.9408,121.3615,三峽,C0AC60,2017-05-15T23:00:00+08:00,55.0,0.0,0.0,21.3,0.96,1005.1,-99.0,51.0,-9.9,-99,-999,新北市,06,三峽區,057
24.9408,121.3615,三峽,C0AC60,2017-05-16T00:00:00+08:00,55.0,86.0,0.3,21.6,0.96,1004.5,-99.0,52.0,-9.9,-99,-999,新北市,06,三峽區,057
24.9408,121.3615,三峽,C0AC60,2017-05-16T01:00:00+08:00,55.0,87.0,0.5,21.5,0.97,1003.9,-99.0,1.5,-9.9,-99,-999,新北市,06,三峽區,057
24.9408,121.3615,三峽,C0AC60,2017-05-16T02:00:00+08:00,55.0,78.0,1.5,21.5,0.92,1003.2,-99.0,1.5,-9.9,-99,-999,新北市,06,三峽區,057
24.9408,121.3615,三峽,C0AC60,2017-05-16T03:00:00+08:00,55.0,99.0,0.7,21.4,0.89,1002.7,-99.0,1.5,-9.9,-99,-999,新北市,06,三峽區,057
24.9408,121.3615,三峽,C0AC60,2017-05-16T04:00:00+08:00,55.0,89.0,0.9,21.4,0.89,1002.5,-99.0,1.5,-9.9,-99,-999,新北市,06,三峽區,057
24.9408,121.3615,三峽,C0AC60,2017-05-16T05:00:00+08:00,55.0,325.0,1.0,20.4,0.96,1003.0,-99.0,2.0,-9.9,-99,-999,新北市,06,三峽區,057
24.9408,121.3615,三峽,C0AC60,2017-05-16T06:00:00+08:00,55.0,90.0,1.0,20.3,0.98,1003.4,-99.0,5.0,-9.9,-99,-999,新北市,06,三峽區,057
24.9408,121.3615,三峽,C0AC60,2017-05-16T07:00:00+08:00,55.0,88.0,1.1,20.4,0.99,1003.4,-99.0,10.5,-9.9,-99,-999,新北市,06,三峽區,057
24.9408,121.3615,三峽,C0AC60,2017-05-16T08:00:00+08:00,55.0,90.0,0.6,20.9,0.98,1003.5,-99.0,11.5,-9.9,-99,-999,新北市,06,三峽區,057
24.9408,121.3615,三峽,C0AC60,2017-05-16T10:00:00+08:00,55.0,73.0,1.4,21.6,0.96,1003.5,-99.0,20.0,-9.9,-99,-999,新北市,06,三峽區,057
24.9408,121.3615,三峽,C0AC60,2017-05-16T11:00:00+08:00,55.0,80.0,1.5,21.6,0.97,1003.5,-99.0,24.0,-9.9,-99,-999,新北市,06,三峽區,057
24.9408,121.3615,三峽,C0AC60,2017-05-16T12:00:00+08:00,55.0,84.0,0.6,21.6,0.94,1003.4,-99.0,26.0,-9.9,-99,-999,新北市,06,三峽區,057
24.9408,121.3615,三峽,C0AC60,2017-05-16T13:00:00+08:00,55.0,88.0,1.8,21.3,0.95,1002.8,-99.0,29.5,-9.9,-99,-999,新北市,06,三峽區,057
24.9408,121.3615,三峽,C0AC60,2017-05-16T14:00:00+08:00,55.0,0.0,0.0,21.0,0.97,1002.8,-99.0,32.5,-9.9,-99,-999,新北市,06,三峽區,057
24.9408,121.3615,三峽,C0AC60,2017-05-16T15:00:00+08:00,55.0,0.0,0.0,21.0,0.97,1002.4,-99.0,38.5,-9.9,-99,-999,新北市,06,三峽區,057
24.9408,121.3615,三峽,C0AC60,2017-05-16T16:00:00+08:00,55.0,82.0,1.4,20.7,0.95,1002.4,-99.0,39.5,-9.9,-99,-999,新北市,06,三峽區,057
24.9408,121.3615,三峽,C0AC60,2017-05-16T17:00:00+08:00,55.0,93.0,0.8,20.5,0.95,1002.4,-99.0,40.0,-9.9,-99,-999,新北市,06,三峽區,057
24.9408,121.3615,三峽,C0AC60,2017-05-16T18:00:00+08:00,55.0,87.0,0.7,20.5,0.96,1002.8,-99.0,41.0,-9.9,-99,-999,新北市,06,三峽區,057
24.9408,121.3615,三峽,C0AC60,2017-05-16T19:00:00+08:00,55.0,87.0,1.1,20.1,0.96,1003.2,-99.0,42.5,-9.9,-99,-999,新北市,06,三峽區,057
24.9408,121.3615,三峽,C0AC60,2017-05-16T20:00:00+08:00,55.0,185.0,0.3,20.1,0.98,1003.8,-99.0,44.5,-9.9,-99,-999,新北市,06,三峽區,057
24.9408,121.3615,三峽,C0AC60,2017-05-16T21:00:00+08:00,55.0,0.0,0.2,20.1,0.97,1003.4,-99.0,44.5,-9.9,-99,-999,新北市,06,三峽區,057
24.9408,121.3615,三峽,C0AC60,2017-05-16T22:00:00+08:00,55.0,89.0,1.1,20.1,0.97,1003.5,-99.0,44.5,-9.9,-99,-999,新北市,06,三峽區,057
24.9408,121.3615,三峽,C0AC60,2017-05-16T23:00:00+08:00,55.0,70.0,0.8,20.3,0.96,1003.4,-99.0,44.5,-9.9,-99,-999,新北市,06,三峽區,057
24.9408,121.3615,三峽,C0AC60,2017-05-17T00:00:00+08:00,55.0,88.0,1.0,20.1,0.96,1002.9,-99.0,44.5,-9.9,-99,-999,新北市,06,三峽區,057
24.9408,121.3615,三峽,C0AC60,2017-05-17T01:00:00+08:00,55.0,91.0,1.3,20.1,0.97,1002.4,-99.0,0.5,-9.9,-99,-999,新北市,06,三峽區,057
24.9408,121.3615,三峽,C0AC60,2017-05-17T02:00:00+08:00,55.0,72.0,1.6,20.7,0.93,1002.1,-99.0,0.5,-9.9,-99,-999,新北市,06,三峽區,057
24.9408,121.3615,三峽,C0AC60,2017-05-17T03:00:00+08:00,55.0,53.0,1.1,20.8,0.94,1001.9,-99.0,0.5,-9.9,-99,-999,新北市,06,三峽區,057
24.9408,121.3615,三峽,C0AC60,2017-05-17T04:00:00+08:00,55.0,82.0,0.9,20.7,0.94,1002.2,-99.0,0.5,-9.9,-99,-999,新北市,06,三峽區,057
24.9408,121.3615,三峽,C0AC60,2017-05-17T05:00:00+08:00,55.0,94.0,1.3,20.3,0.96,1002.5,-99.0,4.0,-9.9,-99,-999,新北市,06,三峽區,057
24.9408,121.3615,三峽,C0AC60,2017-05-17T06:00:00+08:00,55.0,96.0,0.8,20.6,0.93,1002.9,-99.0,4.5,-9.9,-99,-999,新北市,06,三峽區,057
24.9408,121.3615,三峽,C0AC60,2017-05-17T07:00:00+08:00,55.0,84.0,0.4,20.9,0.91,1003.4,-99.0,4.5,-9.9,-99,-999,新北市,06,三峽區,057
24.9408,121.3615,三峽,C0AC60,2017-05-17T08:00:00+08:00,55.0,40.0,0.7,21.9,0.84,1004.3,-99.0,4.5,-9.9,-99,-999,新北市,06,三峽區,057
24.9408,121.3615,三峽,C0AC60,2017-05-17T09:00:00+08:00,55.0,88.0,1.5,23.3,0.78,1004.6,-99.0,4.5,-9.9,-99,-999,新北市,06,三峽區,057
24.9408,121.3615,三峽,C0AC60,2017-05-17T10:00:00+08:00,55.0,95.0,1.7,24.4,0.73,1004.6,-99.0,4.5,-9.9,-99,-999,新北市,06,三峽區,057
24.9408,121.3615,三峽,C0AC60,2017-05-17T11:00:00+08:00,55.0,97.0,1.6,25.5,0.68,1004.5,-99.0,4.5,-9.9,-99,-999,新北市,06,三峽區,057
24.9408,121.3615,三峽,C0AC60,2017-05-17T12:00:00+08:00,55.0,93.0,2.7,26.2,0.67,1004.0,-99.0,4.5,-9.9,-99,-999,新北市,06,三峽區,057
24.9408,121.3615,三峽,C0AC60,2017-05-17T13:00:00+08:00,55.0,89.0,2.7,27.1,0.67,1003.8,-99.0,4.5,-9.9,-99,-999,新北市,06,三峽區,057
24.9408,121.3615,三峽,C0AC60,2017-05-17T14:00:00+08:00,55.0,95.0,2.5,26.1,0.68,1003.6,-99.0,4.5,-9.9,-99,-999,新北市,06,三峽區,057
24.9408,121.3615,三峽,C0AC60,2017-05-17T15:00:00+08:00,55.0,103.0,1.5,25.1,0.70,1004.0,-99.0,4.5,-9.9,-99,-999,新北市,06,三峽區,057
24.9408,121.3615,三峽,C0AC60,2017-05-17T16:00:00+08:00,55.0,98.0,2.5,24.7,0.70,1004.2,-99.0,4.5,-9.9,-99,-999,新北市,06,三峽區,057
24.9408,121.3615,三峽,C0AC60,2017-05-17T17:00:00+08:00,55.0,92.0,2.5,24.9,0.70,1004.3,-99.0,4.5,-9.9,-99,-999,新北市,06,三峽區,057
24.9408,121.3615,三峽,C0AC60,2017-05-31T15:00:00+08:00,55.0,266.0,2.1,32.7,0.57,997.1,-99.0,0.0,-9.9,-99,-999,新北市,06,三峽區,057
24.9408,121.3615,三峽,C0AC60,2017-05-31T16:00:00+08:00,55.0,265.0,2.3,32.5,0.61,996.9,-99.0,0.0,-9.9,-99,-999,新北市,06,三峽區,057
24.9408,121.3615,三峽,C0AC60,2017-05-31T17:00:00+08:00,55.0,318.0,1.9,30.9,0.67,997.0,-99.0,0.0,-9.9,-99,-999,新北市,06,三峽區,057
24.9408,121.3615,三峽,C0AC60,2017-05-31T18:00:00+08:00,55.0,307.0,2.1,29.3,0.75,997.4,-99.0,0.0,-9.9,-99,-999,新北市,06,三峽區,057
24.9408,121.3615,三峽,C0AC60,2017-05-31T19:00:00+08:00,55.0,312.0,1.3,28.9,0.76,997.8,-99.0,0.0,-9.9,-99,-999,新北市,06,三峽區,057
24.9408,121.3615,三峽,C0AC60,2017-05-31T20:00:00+08:00,55.0,305.0,0.5,28.6,0.76,998.4,-99.0,0.0,-9.9,-99,-999,新北市,06,三峽區,057
24.9408,121.3615,三峽,C0AC60,2017-05-31T21:00:00+08:00,55.0,0.0,0.0,28.1,0.80,998.2,-99.0,0.0,-9.9,-99,-999,新北市,06,三峽區,057
24.9408,121.3615,三峽,C0AC60,2017-05-31T22:00:00+08:00,55.0,189.0,0.3,27.5,0.85,998.7,-99.0,0.0,-9.9,-99,-999,新北市,06,三峽區,057
24.9408,121.3615,三峽,C0AC60,2017-05-31T23:00:00+08:00,55.0,0.0,0.0,27.1,0.89,998.5,-99.0,0.0,-9.9,-99,-999,新北市,06,三峽區,057
