24.940806,121.361500,三峽,C0AC60,2018-10-01T00:00:00+08:00,55.0,96,2.0,23.3,0.58,1007.4,-99,0.0,-99,-99,-99,新北市,06,三峽區,057
24.940806,121.361500,三峽,C0AC60,2018-10-01T01:00:00+08:00,55.0,80,2.8,23.5,0.54,1006.9,-99,0.0,-99,-99,-99,新北市,06,三峽區,057
24.940806,121.361500,三峽,C0AC60,2018-10-01T02:00:00+08:00,55.0,92,2.1,22.5,0.61,1006.8,-99,0.0,7.7,126,2018-10-01T01:33:00+08:00,新北市,06,三峽區,057
24.940806,121.361500,三峽,C0AC60,2018-10-01T03:00:00+08:00,55.0,87,2.1,22.0,0.66,1006.6,-99,0.0,7.7,70,2018-10-01T02:32:00+08:00,新北市,06,三峽區,057
24.940806,121.361500,三峽,C0AC60,2018-10-01T04:00:00+08:00,55.0,84,2.4,21.9,0.65,1006.8,-99,0.0,-99,-99,-99,新北市,06,三峽區,057
24.940806,121.361500,三峽,C0AC60,2018-10-01T05:00:00+08:00,55.0,98,0.9,21.0,0.72,1007.4,-99,0.0,-99,-99,-99,新北市,06,三峽區,057
24.940806,121.361500,三峽,C0AC60,2018-10-01T06:00:00+08:00,55.0,104,0.9,21.0,0.71,1007.9,-99,0.0,-99,-99,-99,新北市,06,三峽區,057
24.940806,121.361500,三峽,C0AC60,2018-10-01T07:00:00+08:00,55.0,96,0.9,21.4,0.7,1008.5,-99,0.0,-99,-99,-99,新北市,06,三峽區,057
24.940806,121.361500,三峽,C0AC60,2018-10-01T08:00:00+08:00,55.0,79,1.8,25.3,0.5,1009.1,-99,0.0,-99,-99,-99,新北市,06,三峽區,057
24.940806,121.361500,三峽,C0AC60,2018-10-01T09:00:00+08:00,55.0,95,2.2,28.1,0.32,1009.1,-99,0.0,-99,-99,-99,新北市,06,三峽區,057
24.940806,121.361500,三峽,C0AC60,2018-10-01T10:00:00+08:00,55.0,100,2.2,29.2,0.27,1008.9,-99,0.0,-99,-99,-99,新北市,06,三峽區,057
24.940806,121.361500,三峽,C0AC60,2018-10-01T11:00:00+08:00,55.0,95,2.4,30.2,0.26,1008.3,-99,0.0,-99,-99,-99,新北市,06,三峽區,057
24.940806,121.361500,三峽,C0AC60,2018-10-01T12:00:00+08:00,55.0,87,3.0,30.6,0.26,1007.6,-99,0.0,8.2,73,2018-10-01T11:40:00+08:00,新北市,06,三峽區,057
24.940806,121.361500,三峽,C0AC60,2018-10-01T13:00:00+08:00,55.0,60,3.0,30.3,0.26,1007.0,-99,0.0,9.9,77,2018-10-01T12:19:00+08:00,新北市,06,三峽區,057
24.940806,121.361500,三峽,C0AC60,2018-10-01T14:00:00+08:00,55.0,88,2.6,30.7,0.28,1006.7,-99,0.0,9.9,89,2018-10-01T13:09:00+08:00,新北市,06,三峽區,057
24.940806,121.361500,三峽,C0AC60,2018-10-01T15:00:00+08:00,55.0,84,2.2,30.5,0.31,1006.7,-99,0.0,9.3,80,2018-10-01T14:08:00+08:00,新北市,06,三峽區,057
24.940806,121.361500,三峽,C0AC60,2018-10-01T16:00:00+08:00,55.0,80,2.7,29.1,0.41,1007.1,-99,0.0,9.9,58,2018-10-01T15:27:00+08:00,新北市,06,三峽區,057
24.940806,121.361500,三峽,C0AC60,2018-10-01T17:00:00+08:00,55.0,94,2.3,27.9,0.45,1007.4,-99,0.0,11.0,87,2018-10-01T16:02:00+08:00,新北市,06,三峽區,057
24.940806,121.361500,三峽,C0AC60,2018-10-01T18:00:00+08:00,55.0,96,2.6,26.0,0.52,1007.8,-99,0.0,-99,-99,-99,新北市,06,三峽區,057
24.940806,121.361500,三峽,C0AC60,2018-10-01T19:00:00+08:00,55.0,87,2.6,25.1,0.6,1008.5,-99,0.0,-99,-99,-99,新北市,06,三峽區,057
24.940806,121.361500,三峽,C0AC60,2018-10-01T20:00:00+08:00,55.0,94,2.4,24.8,0.61,1009.3,-99,0.0,-99,-99,-99,新北市,06,三峽區,057
24.940806,121.361500,三峽,C0AC60,2018-10-01T21:00:00+08:00,55.0,91,1.2,24.6,0.61,1010.0,-99,0.0,7.1,61,2018-10-01T20:52:00+08:00,新北市,06,三峽區,057
24.940806,121.361500,三峽,C0AC60,2018-10-01T22:00:00+08:00,55.0,95,1.9,24.3,0.7,1010.2,-99,0.0,7.7,69,2018-10-01T21:34:00+08:00,新北市,06,三峽區,057
24.940806,121.361500,三峽,C0AC60,2018-10-01T23:00:00+08:00,55.0,96,1.5,23.9,0.73,1010.4,-99,0.0,-99,-99,-99,新北市,06,三峽區,057
24.940806,121.361500,三峽,C0AC60,2018-10-02T00:00:00+08:00,55.0,97,1.5,23.7,0.72,1010.2,-99,0.0,-99,-99,-99,新北市,06,三峽區,057
24.940806,121.361500,三峽,C0AC60,2018-10-02T01:00:00+08:00,55.0,91,1.7,23.3,0.72,1009.8,-99,0.0,-99,-99,-99,新北市,06,三峽區,057
24.940806,121.361500,三峽,C0AC60,2018-10-02T02:00:00+08:00,55.0,93,2.0,23.0,0.71,1009.4,-99,0.0,-99,-99,-99,新北市,06,三峽區,057
24.940806,121.361500,三峽,C0AC60,2018-10-02T03:00:00+08:00,55.0,91,1.6,22.7,0.71,1009.3,-99,0.0,-99,-99,-99,新北市,06,三峽區,057
24.940806,121.361500,三峽,C0AC60,2018-10-02T04:00:00+08:00,55.0,94,1.3,22.6,0.67,1009.4,-99,0.0,-99,-99,-99,新北市,06,三峽區,057
24.940806,121.361500,三峽,C0AC60,2018-10-02T05:00:00+08:00,55.0,90,1.0,22.4,0.66,1009.8,-99,0.0,-99,-99,-99,新北市,06,三峽區,057
24.940806,121.361500,三峽,C0AC60,2018-10-02T06:00:00+08:00,55.0,99,0.9,22.3,0.63,1010.2,-99,0.0,-99,-99,-99,新北市,06,三峽區,057
24.940806,121.361500,三峽,C0AC60,2018-10-02T07:00:00+08:00,55.0,98,1.9,23.0,0.59,1010.5,-99,0.0,-99,-99,-99,新北市,06,三峽區,057
24.940806,121.361500,三峽,C0AC60,2018-10-02T08:00:00+08:00,55.0,91,2.2,24.8,0.53,1011.3,-99,0.0,-99,-99,-99,新北市,06,三峽區,057
24.940806,121.361500,三峽,C0AC60,2018-10-02T09:00:00+08:00,55.0,92,1.8,25.8,0.5,1011.4,-99,0.0,7.1,88,2018-10-02T08:28:00+08:00,新北市,06,三峽區,057
24.940806,121.361500,三峽,C0AC60,2018-10-02T10:00:00+08:00,55.0,94,2.0,25.0,0.51,1011.6,-99,0.0,8.2,95,2018-10-02T09:50:00+08:00,新北市,06,三峽區,057
24.940806,121.361500,三峽,C0AC60,2018-10-02T11:00:00+08:00,55.0,96,1.7,27.2,0.44,1010.8,-99,0.0,8.2,96,2018-10-02T10:44:00+08:00,新北市,06,三峽區,057
24.940806,121.361500,三峽,C0AC60,2018-10-02T12:00:00+08:00,55.0,82,3.2,28.1,0.41,1009.9,-99,0.0,8.8,82,2018-10-02T11:14:00+08:00,新北市,06,三峽區,057
24.940806,121.361500,三峽,C0AC60,2018-10-02T13:00:00+08:00,55.0,94,2.9,28.3,0.38,1008.9,-99,0.0,9.9,88,2018-10-02T12:35:00+08:00,新北市,06,三峽區,057
24.940806,121.361500,三峽,C0AC60,2018-10-02T14:00:00+08:00,55.0,75,2.5,28.4,0.42,1008.1,-99,0.0,9.9,55,2018-10-02T13:29:00+08:00,新北市,06,三峽區,057
24.940806,121.361500,三峽,C0AC60,2018-10-02T15:00:00+08:00,55.0,73,2.5,27.7,0.42,1008.4,-99,0.0,9.9,80,2018-10-02T14:30:00+08:00,新北市,06,三峽區,057
24.940806,121.361500,三峽,C0AC60,2018-10-02T16:00:00+08:00,55.0,87,2.4,27.1,0.43,1009.0,-99,0.0,9.9,83,2018-10-02T15:01:00+08:00,新北市,06,三峽區,057
24.940806,121.361500,三峽,C0AC60,2018-10-02T17:00:00+08:00,55.0,89,1.9,26.2,0.46,1009.4,-99,0.0,-99,-99,-99,新北市,06,三峽區,057
24.940806,121.361500,三峽,C0AC60,2018-10-02T18:00:00+08:00,55.0,93,1.3,24.2,0.52,1009.8,-99,0.0,-99,-99,-99,新北市,06,三峽區,057
24.940806,121.361500,三峽,C0AC60,2018-10-02T19:00:00+08:00,55.0,90,1.6,23.6,0.56,1010.2,-99,0.0,-99,-99,-99,新北市,06,三峽區,057
24.940806,121.361500,三峽,C0AC60,2018-10-02T20:00:00+08:00,55.0,98,2.0,23.4,0.58,1010.5,-99,0.0,-99,-99,-99,新北市,06,三峽區,057
24.940806,121.361500,三峽,C0AC60,2018-10-02T21:00:00+08:00,55.0,91,1.7,23.6,0.56,1010.8,-99,0.0,-99,-99,-99,新北市,06,三峽區,057
24.940806,121.361500,三峽,C0AC60,2018-10-02T22:00:00+08:00,55.0,94,1.4,23.4,0.57,1011.0,-99,0.0,-99,-99,-99,新北市,06,三峽區,057
24.940806,121.361500,三峽,C0AC60,2018-10-02T23:00:00+08:00,55.0,90,1.0,23.0,0.6,1010.8,-99,0.0,-99,-99,-99,新北市,06,三峽區,057
24.940806,121.361500,三峽,C0AC60,2018-10-03T00:00:00+08:00,55.0,75,1.9,22.9,0.62,1010.5,-99,0.0,-99,-99,-99,新北市,06,三峽區,057
24.940806,121.361500,三峽,C0AC60,2018-10-03T01:00:00+08:00,55.0,94,0.3,22.7,0.62,1010.0,-99,0.0,-99,-99,-99,新北市,06,三峽區,057
24.940806,121.361500,三峽,C0AC60,2018-10-03T02:00:00+08:00,55.0,97,0.3,22.1,0.65,1009.5,-99,0.0,-99,-99,-99,新北市,06,三峽區,057
24.940806,121.361500,三峽,C0AC60,2018-10-03T03:00:00+08:00,55.0,81,1.2,21.9,0.66,1009.2,-99,0.0,-99,-99,-99,新北市,06,三峽區,057
24.940806,121.361500,三峽,C0AC60,2018-10-03T04:00:00+08:00,55.0,0,0.0,21.6,0.67,1009.0,-99,0.0,-99,-99,-99,新北市,06,三峽區,057
24.940806,121.361500,三峽,C0AC60,2018-10-03T05:00:00+08:00,55.0,90,0.5,21.7,0.69,1009.4,-99,0.0,-99,-99,-99,新北市,06,三峽區,057
24.940806,121.361500,三峽,C0AC60,2018-10-03T06:00:00+08:00,55.0,0,0.0,21.5,0.72,1009.8,-99,0.0,-99,-99,-99,新北市,06,三峽區,057
24.940806,121.361500,三峽,C0AC60,2018-10-03T07:00:00+08:00,55.0,0,0.1,22.6,0.68,1010.4,-99,0.0,-99,-99,-99,新北市,06,三峽區,057
24.940806,121.361500,三峽,C0AC60,2018-10-03T08:00:00+08:00,55.0,100,1.0,25.4,0.57,1010.8,-99,0.0,-99,-99,-99,新北市,06,三峽區,057
24.940806,121.361500,三峽,C0AC60,2018-10-03T09:00:00+08:00,55.0,92,1.8,26.2,0.53,1010.6,-99,0.0,-99,-99,-99,新北市,06,三峽區,057
24.940806,121.361500,三峽,C0AC60,2018-10-03T10:00:00+08:00,55.0,91,1.2,25.7,0.58,1010.7,-99,0.0,-99,-99,-99,新北市,06,三峽區,057
24.940806,121.361500,三峽,C0AC60,2018-10-03T11:00:00+08:00,55.0,92,1.7,26.0,0.6,1010.3,-99,0.0,-99,-99,-99,新北市,06,三峽區,057
24.940806,121.361500,三峽,C0AC60,2018-10-03T12:00:00+08:00,55.0,87,1.6,26.2,0.62,1009.4,-99,0.0,-99,-99,-99,新北市,06,三峽區,057
24.940806,121.361500,三峽,C0AC60,2018-10-03T13:00:00+08:00,55.0,89,2.2,26.5,0.54,1008.4,-99,0.0,11.0,56,2018-10-03T12:33:00+08:00,新北市,06,三峽區,057
24.940806,121.361500,三峽,C0AC60,2018-10-03T14:00:00+08:00,55.0,88,3.0,27.9,0.51,1007.8,-99,0.0,-99,-99,-99,新北市,06,三峽區,057
24.940806,121.361500,三峽,C0AC60,2018-10-03T15:00:00+08:00,55.0,91,2.3,27.0,0.54,1007.7,-99,0.0,9.3,78,2018-10-03T14:20:00+08:00,新北市,06,三峽區,057
24.940806,121.361500,三峽,C0AC60,2018-10-03T16:00:00+08:00,55.0,92,2.1,26.1,0.58,1008.0,-99,0.0,-99,-99,-99,新北市,06,三峽區,057
24.940806,121.361500,三峽,C0AC60,2018-10-03T17:00:00+08:00,55.0,91,2.6,25.4,0.61,1008.5,-99,0.0,7.7,67,2018-10-03T16:50:00+08:00,新北市,06,三峽區,057
24.940806,121.361500,三峽,C0AC60,2018-10-03T18:00:00+08:00,55.0,99,2.0,24.5,0.62,1009.1,-99,0.0,7.1,74,2018-10-03T17:19:00+08:00,新北市,06,三峽區,057
24.940806,121.361500,三峽,C0AC60,2018-10-03T19:00:00+08:00,55.0,97,1.6,24.2,0.65,1009.4,-99,0.0,-99,-99,-99,新北市,06,三峽區,057
24.940806,121.361500,三峽,C0AC60,2018-10-03T20:00:00+08:00,55.0,88,1.1,23.8,0.67,1009.9,-99,0.0,-99,-99,-99,新北市,06,三峽區,057
24.940806,121.361500,三峽,C0AC60,2018-10-03T21:00:00+08:00,55.0,80,0.3,23.9,0.68,1010.0,-99,0.0,-99,-99,-99,新北市,06,三峽區,057
24.940806,121.361500,三峽,C0AC60,2018-10-03T22:00:00+08:00,55.0,85,0.7,22.1,0.91,1009.9,-99,0.0,-99,-99,-99,新北市,06,三峽區,057
24.940806,121.361500,三峽,C0AC60,2018-10-03T23:00:00+08:00,55.0,85,1.0,22.1,0.89,1009.5,-99,0.0,-99,-99,-99,新北市,06,三峽區,057
24.940806,121.361500,三峽,C0AC60,2018-10-04T00:00:00+08:00,55.0,87,0.5,22.0,0.86,1009.2,-99,0.0,-99,-99,-99,新北市,06,三峽區,057
24.940806,121.361500,三峽,C0AC60,2018-10-04T01:00:00+08:00,55.0,93,0.4,22.3,0.83,1008.5,-99,0.0,-99,-99,-99,新北市,06,三峽區,057
24.940806,121.361500,三峽,C0AC60,2018-10-04T02:00:00+08:00,55.0,0,0.0,21.4,0.91,1008.3,-99,0.0,-99,-99,-99,新北市,06,三峽區,057
24.940806,121.361500,三峽,C0AC60,2018-10-04T03:00:00+08:00,55.0,171,1.0,21.5,0.91,1007.6,-99,0.0,-99,-99,-99,新北市,06,三峽區,057
24.940806,121.361500,三峽,C0AC60,2018-10-04T04:00:00+08:00,55.0,153,0.7,21.3,0.9,1007.1,-99,0.0,-99,-99,-99,新北市,06,三峽區,057
24.940806,121.361500,三峽,C0AC60,2018-10-04T05:00:00+08:00,55.0,0,0.0,21.5,0.87,1007.2,-99,0.0,-99,-99,-99,新北市,06,三峽區,057
24.940806,121.361500,三峽,C0AC60,2018-10-04T06:00:00+08:00,55.0,0,0.0,21.3,0.9,1007.9,-99,0.0,-99,-99,-99,新北市,06,三峽區,057
24.940806,121.361500,三峽,C0AC60,2018-10-04T07:00:00+08:00,55.0,216,1.3,20.6,0.93,1008.5,-99,0.0,-99,-99,-99,新北市,06,三峽區,057
24.940806,121.361500,三峽,C0AC60,2018-10-04T08:00:00+08:00,55.0,201,1.6,21.0,0.9,1008.7,-99,0.0,-99,-99,-99,新北市,06,三峽區,057
24.940806,121.361500,三峽,C0AC60,2018-10-04T09:00:00+08:00,55.0,211,0.5,21.3,0.89,1008.7,-99,0.0,-99,-99,-99,新北市,06,三峽區,057
24.940806,121.361500,三峽,C0AC60,2018-10-04T10:00:00+08:00,55.0,75,0.4,21.3,0.94,1008.5,-99,0.0,-99,-99,-99,新北市,06,三峽區,057
24.940806,121.361500,三峽,C0AC60,2018-10-04T11:00:00+08:00,55.0,230,1.3,20.7,0.98,1007.8,-99,0.5,-99,-99,-99,新北市,06,三峽區,057
24.940806,121.361500,三峽,C0AC60,2018-10-04T12:00:00+08:00,55.0,222,1.1,20.5,0.99,1006.6,-99,2.0,-99,-99,-99,新北市,06,三峽區,057
24.940806,121.361500,三峽,C0AC60,2018-10-04T13:00:00+08:00,55.0,209,1.1,20.5,0.99,1005.7,-99,7.0,-99,-99,-99,新北市,06,三峽區,057
24.940806,121.361500,三峽,C0AC60,2018-10-04T14:00:00+08:00,55.0,206,0.8,20.8,0.99,1004.8,-99,10.0,-99,-99,-99,新北市,06,三峽區,057
24.940806,121.361500,三峽,C0AC60,2018-10-04T15:00:00+08:00,55.0,215,1.2,20.8,0.99,1004.6,-99,13.0,-99,-99,-99,新北市,06,三峽區,057
24.940806,121.361500,三峽,C0AC60,2018-10-04T16:00:00+08:00,55.0,210,1.5,20.9,0.99,1004.5,-99,15.0,-99,-99,-99,新北市,06,三峽區,057
24.940806,121.361500,三峽,C0AC60,2018-10-04T17:00:00+08:00,55.0,217,0.9,21.2,0.99,1004.6,-99,15.0,-99,-99,-99,新北市,06,三峽區,057
24.940806,121.361500,三峽,C0AC60,2018-10-04T18:00:00+08:00,55.0,1,0.7,21.6,0.99,1004.7,-99,16.0,-99,-99,-99,新北市,06,三峽區,057
24.940806,121.361500,三峽,C0AC60,2018-10-04T19:00:00+08:00,55.0,209,0.4,21.8,0.96,1005.1,-99,16.5,-99,-99,-99,新北市,06,三峽區,057
24.940806,121.361500,三峽,C0AC60,2018-10-04T20:00:00+08:00,55.0,224,1.6,20.8,0.99,1005.8,-99,18.0,-99,-99,-99,新北市,06,三峽區,057
24.940806,121.361500,三峽,C0AC60,2018-10-04T21:00:00+08:00,55.0,248,1.4,20.5,0.99,1006.0,-99,18.5,-99,-99,-99,新北市,06,三峽區,057
24.940806,121.361500,三峽,C0AC60,2018-10-04T22:00:00+08:00,55.0,217,2.3,19.6,0.99,1005.7,-99,22.0,-99,-99,-99,新北市,06,三峽區,057
24.940806,121.361500,三峽,C0AC60,2018-10-04T23:00:00+08:00,55.0,228,2.6,19.6,0.99,1004.9,-99,22.5,-99,-99,-99,新北市,06,三峽區,057
24.940806,121.361500,三峽,C0AC60,2018-10-05T00:00:00+08:00,55.0,227,2.0,19.8,0.99,1004.3,-99,23.0,-99,-99,-99,新北市,06,三峽區,057
24.940806,121.361500,三峽,C0AC60,2018-10-05T01:00:00+08:00,55.0,0,0.2,19.9,0.99,1003.8,-99,0.0,-99,-99,-99,新北市,06,三峽區,057
24.940806,121.361500,三峽,C0AC60,2018-10-05T02:00:00+08:00,55.0,208,1.7,19.7,0.99,1003.1,-99,0.5,-99,-99,-99,新北市,06,三峽區,057
24.940806,121.361500,三峽,C0AC60,2018-10-05T03:00:00+08:00,55.0,229,0.9,20.3,0.98,1003.0,-99,0.5,-99,-99,-99,新北市,06,三峽區,057
24.940806,121.361500,三峽,C0AC60,2018-10-05T04:00:00+08:00,55.0,0,0.0,20.4,0.98,1003.2,-99,0.5,-99,-99,-99,新北市,06,三峽區,057
24.940806,121.361500,三峽,C0AC60,2018-10-05T05:00:00+08:00,55.0,197,0.4,20.2,0.96,1003.3,-99,0.5,-99,-99,-99,新北市,06,三峽區,057
24.940806,121.361500,三峽,C0AC60,2018-10-05T06:00:00+08:00,55.0,0,0.2,20.4,0.95,1003.7,-99,0.5,-99,-99,-99,新北市,06,三峽區,057
24.940806,121.361500,三峽,C0AC60,2018-10-05T07:00:00+08:00,55.0,0,0.2,20.7,0.96,1004.2,-99,0.5,-99,-99,-99,新北市,06,三峽區,057
24.940806,121.361500,三峽,C0AC60,2018-10-05T08:00:00+08:00,55.0,195,0.3,22.1,0.92,1004.6,-99,0.5,-99,-99,-99,新北市,06,三峽區,057
24.940806,121.361500,三峽,C0AC60,2018-10-05T09:00:00+08:00,55.0,309,1.5,24.3,0.71,1004.8,-99,0.5,-99,-99,-99,新北市,06,三峽區,057
24.940806,121.361500,三峽,C0AC60,2018-10-05T10:00:00+08:00,55.0,276,1.3,25.5,0.65,1004.6,-99,0.5,-99,-99,-99,新北市,06,三峽區,057
24.940806,121.361500,三峽,C0AC60,2018-10-05T11:00:00+08:00,55.0,302,0.6,27.0,0.56,1003.9,-99,0.5,-99,-99,-99,新北市,06,三峽區,057
24.940806,121.361500,三峽,C0AC60,2018-10-05T12:00:00+08:00,55.0,244,0.4,27.9,0.54,1002.9,-99,0.5,-99,-99,-99,新北市,06,三峽區,057
24.940806,121.361500,三峽,C0AC60,2018-10-05T13:00:00+08:00,55.0,27,1.3,28.7,0.52,1002.3,-99,0.5,-99,-99,-99,新北市,06,三峽區,057
24.940806,121.361500,三峽,C0AC60,2018-10-05T14:00:00+08:00,55.0,353,1.7,29.0,0.48,1002.1,-99,0.5,-99,-99,-99,新北市,06,三峽區,057
24.940806,121.361500,三峽,C0AC60,2018-10-05T15:00:00+08:00,55.0,335,1.8,28.6,0.52,1002.3,-99,0.5,-99,-99,-99,新北市,06,三峽區,057
24.940806,121.361500,三峽,C0AC60,2018-10-05T16:00:00+08:00,55.0,348,0.6,28.9,0.52,1002.7,-99,0.5,-99,-99,-99,新北市,06,三峽區,057
24.940806,121.361500,三峽,C0AC60,2018-10-05T17:00:00+08:00,55.0,61,0.5,28.5,0.49,1003.2,-99,0.5,-99,-99,-99,新北市,06,三峽區,057
24.940806,121.361500,三峽,C0AC60,2018-10-05T18:00:00+08:00,55.0,92,1.3,26.8,0.59,1003.7,-99,0.5,-99,-99,-99,新北市,06,三峽區,057
24.940806,121.361500,三峽,C0AC60,2018-10-05T19:00:00+08:00,55.0,88,0.4,26.0,0.66,1004.4,-99,0.5,-99,-99,-99,新北市,06,三峽區,057
24.940806,121.361500,三峽,C0AC60,2018-10-05T20:00:00+08:00,55.0,0,0.0,25.3,0.71,1005.1,-99,0.5,-99,-99,-99,新北市,06,三峽區,057
24.940806,121.361500,三峽,C0AC60,2018-10-05T21:00:00+08:00,55.0,92,1.1,25.4,0.61,1005.7,-99,0.5,-99,-99,-99,新北市,06,三峽區,057
24.940806,121.361500,三峽,C0AC60,2018-10-05T22:00:00+08:00,55.0,96,1.4,25.7,0.55,1005.8,-99,0.5,-99,-99,-99,新北市,06,三峽區,057
24.940806,121.361500,三峽,C0AC60,2018-10-05T23:00:00+08:00,55.0,98,0.8,25.0,0.59,1005.6,-99,0.5,-99,-99,-99,新北市,06,三峽區,057
24.940806,121.361500,三峽,C0AC60,2018-10-06T00:00:00+08:00,55.0,98,0.8,24.4,0.61,1005.5,-99,0.5,-99,-99,-99,新北市,06,三峽區,057
24.940806,121.361500,三峽,C0AC60,2018-10-06T01:00:00+08:00,55.0,108,1.2,24.3,0.62,1005.0,-99,0.0,-99,-99,-99,新北市,06,三峽區,057
24.940806,121.361500,三峽,C0AC60,2018-10-06T02:00:00+08:00,55.0,98,1.8,24.1,0.63,1005.2,-99,0.0,-99,-99,-99,新北市,06,三峽區,057
24.940806,121.361500,三峽,C0AC60,2018-10-06T03:00:00+08:00,55.0,157,0.6,22.9,0.81,1005.4,-99,0.0,-99,-99,-99,新北市,06,三峽區,057
24.940806,121.361500,三峽,C0AC60,2018-10-06T04:00:00+08:00,55.0,105,0.7,23.4,0.76,1005.6,-99,0.0,-99,-99,-99,新北市,06,三峽區,057
24.940806,121.361500,三峽,C0AC60,2018-10-06T05:00:00+08:00,55.0,99,0.8,23.5,0.78,1006.3,-99,0.0,-99,-99,-99,新北市,06,三峽區,057
24.940806,121.361500,三峽,C0AC60,2018-10-06T06:00:00+08:00,55.0,95,0.5,24.0,0.74,1006.9,-99,0.0,-99,-99,-99,新北市,06,三峽區,057
24.940806,121.361500,三峽,C0AC60,2018-10-06T07:00:00+08:00,55.0,90,1.6,24.9,0.67,1007.3,-99,0.0,-99,-99,-99,新北市,06,三峽區,057
24.940806,121.361500,三峽,C0AC60,2018-10-06T08:00:00+08:00,55.0,76,2.8,26.0,0.66,1007.7,-99,0.0,-99,-99,-99,新北市,06,三峽區,057
24.940806,121.361500,三峽,C0AC60,2018-10-06T09:00:00+08:00,55.0,75,2.9,27.2,0.6,1008.0,-99,0.0,8.2,86,2018-10-06T08:04:00+08:00,新北市,06,三峽區,057
24.940806,121.361500,三峽,C0AC60,2018-10-06T10:00:00+08:00,55.0,81,2.6,27.8,0.52,1008.4,-99,0.0,9.3,72,2018-10-06T09:27:00+08:00,新北市,06,三峽區,057
24.940806,121.361500,三峽,C0AC60,2018-10-06T11:00:00+08:00,55.0,82,2.7,28.2,0.53,1008.1,-99,0.0,8.8,88,2018-10-06T10:45:00+08:00,新北市,06,三峽區,057
24.940806,121.361500,三峽,C0AC60,2018-10-06T12:00:00+08:00,55.0,95,3.4,29.0,0.53,1007.5,-99,0.0,10.4,84,2018-10-06T11:39:00+08:00,新北市,06,三峽區,057
24.940806,121.361500,三峽,C0AC60,2018-10-06T13:00:00+08:00,55.0,87,3.1,28.9,0.51,1007.1,-99,0.0,8.8,96,2018-10-06T12:46:00+08:00,新北市,06,三峽區,057
24.940806,121.361500,三峽,C0AC60,2018-10-06T14:00:00+08:00,55.0,80,2.5,28.8,0.52,1006.7,-99,0.0,10.4,90,2018-10-06T13:51:00+08:00,新北市,06,三峽區,057
24.940806,121.361500,三峽,C0AC60,2018-10-06T15:00:00+08:00,55.0,86,3.9,28.6,0.53,1006.7,-99,0.0,9.3,97,2018-10-06T14:47:00+08:00,新北市,06,三峽區,057
24.940806,121.361500,三峽,C0AC60,2018-10-06T16:00:00+08:00,55.0,74,4.2,27.1,0.63,1006.8,-99,0.0,11.5,45,2018-10-06T15:37:00+08:00,新北市,06,三峽區,057
24.940806,121.361500,三峽,C0AC60,2018-10-06T17:00:00+08:00,55.0,78,2.8,26.1,0.66,1007.1,-99,0.0,11.0,75,2018-10-06T16:05:00+08:00,新北市,06,三峽區,057
24.940806,121.361500,三峽,C0AC60,2018-10-06T18:00:00+08:00,55.0,79,4.0,25.0,0.7,1007.5,-99,0.0,10.4,77,2018-10-06T17:36:00+08:00,新北市,06,三峽區,057
24.940806,121.361500,三峽,C0AC60,2018-10-06T19:00:00+08:00,55.0,75,3.7,24.8,0.71,1007.7,-99,0.0,9.9,74,2018-10-06T18:30:00+08:00,新北市,06,三峽區,057
24.940806,121.361500,三峽,C0AC60,2018-10-06T20:00:00+08:00,55.0,78,4.4,24.6,0.72,1008.4,-99,0.0,9.9,46,2018-10-06T19:45:00+08:00,新北市,06,三峽區,057
24.940806,121.361500,三峽,C0AC60,2018-10-06T21:00:00+08:00,55.0,80,3.8,24.4,0.73,1008.7,-99,0.0,10.4,96,2018-10-06T20:14:00+08:00,新北市,06,三峽區,057
24.940806,121.361500,三峽,C0AC60,2018-10-06T22:00:00+08:00,55.0,85,2.8,24.6,0.72,1009.0,-99,0.0,11.0,72,2018-10-06T21:09:00+08:00,新北市,06,三峽區,057
24.940806,121.361500,三峽,C0AC60,2018-10-06T23:00:00+08:00,55.0,84,1.9,24.7,0.72,1009.2,-99,0.0,9.9,89,2018-10-06T22:22:00+08:00,新北市,06,三峽區,057
24.940806,121.361500,三峽,C0AC60,2018-10-07T00:00:00+08:00,55.0,71,2.3,23.0,0.92,1009.1,-99,0.0,-99,-99,-99,新北市,06,三峽區,057
24.940806,121.361500,三峽,C0AC60,2018-10-07T01:00:00+08:00,55.0,61,1.1,23.1,0.94,1008.9,-99,0.0,8.2,83,2018-10-07T00:05:00+08:00,新北市,06,三峽區,057
24.940806,121.361500,三峽,C0AC60,2018-10-07T02:00:00+08:00,55.0,94,1.6,22.9,0.92,1008.9,-99,0.0,-99,-99,-99,新北市,06,三峽區,057
24.940806,121.361500,三峽,C0AC60,2018-10-07T03:00:00+08:00,55.0,82,1.3,22.1,0.92,1008.8,-99,0.0,-99,-99,-99,新北市,06,三峽區,057
24.940806,121.361500,三峽,C0AC60,2018-10-07T04:00:00+08:00,55.0,96,1.8,22.4,0.88,1008.8,-99,0.0,-99,-99,-99,新北市,06,三峽區,057
24.940806,121.361500,三峽,C0AC60,2018-10-07T05:00:00+08:00,55.0,100,1.4,22.5,0.87,1009.4,-99,0.0,-99,-99,-99,新北市,06,三峽區,057
24.940806,121.361500,三峽,C0AC60,2018-10-07T06:00:00+08:00,55.0,92,2.0,22.4,0.87,1009.8,-99,0.0,-99,-99,-99,新北市,06,三峽區,057
24.940806,121.361500,三峽,C0AC60,2018-10-07T07:00:00+08:00,55.0,96,1.1,21.9,0.91,1010.5,-99,0.0,-99,-99,-99,新北市,06,三峽區,057
24.940806,121.361500,三峽,C0AC60,2018-10-07T08:00:00+08:00,55.0,90,0.7,22.8,0.86,1011.0,-99,0.0,-99,-99,-99,新北市,06,三峽區,057
24.940806,121.361500,三峽,C0AC60,2018-10-07T09:00:00+08:00,55.0,97,1.4,23.9,0.78,1011.2,-99,0.0,-99,-99,-99,新北市,06,三峽區,057
24.940806,121.361500,三峽,C0AC60,2018-10-07T10:00:00+08:00,55.0,93,2.1,25.2,0.73,1010.9,-99,0.0,-99,-99,-99,新北市,06,三峽區,057
24.940806,121.361500,三峽,C0AC60,2018-10-07T11:00:00+08:00,55.0,94,3.0,24.2,0.77,1010.4,-99,0.0,-99,-99,-99,新北市,06,三峽區,057
24.940806,121.361500,三峽,C0AC60,2018-10-07T12:00:00+08:00,55.0,94,2.3,24.7,0.76,1009.5,-99,0.0,-99,-99,-99,新北市,06,三峽區,057
24.940806,121.361500,三峽,C0AC60,2018-10-07T13:00:00+08:00,55.0,94,3.1,24.9,0.74,1008.8,-99,0.0,-99,-99,-99,新北市,06,三峽區,057
24.940806,121.361500,三峽,C0AC60,2018-10-07T14:00:00+08:00,55.0,87,3.1,26.0,0.68,1008.3,-99,0.0,9.9,87,2018-10-07T13:46:00+08:00,新北市,06,三峽區,057
24.940806,121.361500,三峽,C0AC60,2018-10-07T15:00:00+08:00,55.0,92,2.4,24.8,0.72,1007.9,-99,0.0,9.3,67,2018-10-07T14:25:00+08:00,新北市,06,三峽區,057
24.940806,121.361500,三峽,C0AC60,2018-10-07T16:00:00+08:00,55.0,95,2.4,24.1,0.77,1007.9,-99,0.0,7.7,76,2018-10-07T15:06:00+08:00,新北市,06,三峽區,057
24.940806,121.361500,三峽,C0AC60,2018-10-07T17:00:00+08:00,55.0,92,2.6,24.1,0.78,1008.0,-99,0.0,-99,-99,-99,新北市,06,三峽區,057
24.940806,121.361500,三峽,C0AC60,2018-10-07T18:00:00+08:00,55.0,96,2.1,23.7,0.78,1008.1,-99,0.0,-99,-99,-99,新北市,06,三峽區,057
24.940806,121.361500,三峽,C0AC60,2018-10-07T19:00:00+08:00,55.0,91,1.9,23.7,0.8,1008.5,-99,0.0,-99,-99,-99,新北市,06,三峽區,057
24.940806,121.361500,三峽,C0AC60,2018-10-07T20:00:00+08:00,55.0,94,2.4,23.6,0.81,1009.1,-99,0.0,-99,-99,-99,新北市,06,三峽區,057
24.940806,121.361500,三峽,C0AC60,2018-10-07T21:00:00+08:00,55.0,96,2.4,23.6,0.83,1009.0,-99,0.0,-99,-99,-99,新北市,06,三峽區,057
24.940806,121.361500,三峽,C0AC60,2018-10-07T22:00:00+08:00,55.0,86,1.7,23.6,0.85,1009.1,-99,0.0,-99,-99,-99,新北市,06,三峽區,057
24.940806,121.361500,三峽,C0AC60,2018-10-07T23:00:00+08:00,55.0,90,1.3,23.8,0.86,1009.3,-99,0.0,-99,-99,-99,新北市,06,三峽區,057
24.940806,121.361500,三峽,C0AC60,2018-10-08T00:00:00+08:00,55.0,100,0.6,23.9,0.88,1009.2,-99,0.0,-99,-99,-99,新北市,06,三峽區,057
24.940806,121.361500,三峽,C0AC60,2018-10-08T01:00:00+08:00,55.0,86,0.7,24.0,0.89,1008.7,-99,0.0,-99,-99,-99,新北市,06,三峽區,057
24.940806,121.361500,三峽,C0AC60,2018-10-08T02:00:00+08:00,55.0,98,0.6,24.1,0.89,1008.4,-99,0.0,-99,-99,-99,新北市,06,三峽區,057
24.940806,121.361500,三峽,C0AC60,2018-10-08T03:00:00+08:00,55.0,92,0.3,23.9,0.91,1008.2,-99,0.0,-99,-99,-99,新北市,06,三峽區,057
24.940806,121.361500,三峽,C0AC60,2018-10-08T04:00:00+08:00,55.0,0,0.2,24.0,0.91,1008.0,-99,0.0,-99,-99,-99,新北市,06,三峽區,057
24.940806,121.361500,三峽,C0AC60,2018-10-08T05:00:00+08:00,55.0,95,0.4,24.1,0.9,1008.2,-99,0.0,-99,-99,-99,新北市,06,三峽區,057
24.940806,121.361500,三峽,C0AC60,2018-10-08T06:00:00+08:00,55.0,40,0.8,23.7,0.93,1008.6,-99,0.0,-99,-99,-99,新北市,06,三峽區,057
24.940806,121.361500,三峽,C0AC60,2018-10-08T07:00:00+08:00,55.0,0,0.1,23.2,0.99,1009.2,-99,0.0,-99,-99,-99,新北市,06,三峽區,057
24.940806,121.361500,三峽,C0AC60,2018-10-08T08:00:00+08:00,55.0,91,0.9,23.6,0.99,1009.5,-99,0.0,-99,-99,-99,新北市,06,三峽區,057
24.940806,121.361500,三峽,C0AC60,2018-10-08T09:00:00+08:00,55.0,91,0.5,24.3,0.97,1009.7,-99,0.0,-99,-99,-99,新北市,06,三峽區,057
24.940806,121.361500,三峽,C0AC60,2018-10-08T10:00:00+08:00,55.0,68,1.8,25.7,0.89,1009.7,-99,0.0,-99,-99,-99,新北市,06,三峽區,057
24.940806,121.361500,三峽,C0AC60,2018-10-08T11:00:00+08:00,55.0,74,1.2,25.6,0.9,1009.3,-99,0.0,-99,-99,-99,新北市,06,三峽區,057
24.940806,121.361500,三峽,C0AC60,2018-10-08T12:00:00+08:00,55.0,99,0.5,24.9,0.95,1008.7,-99,0.5,-99,-99,-99,新北市,06,三峽區,057
24.940806,121.361500,三峽,C0AC60,2018-10-08T13:00:00+08:00,55.0,75,1.4,24.9,0.92,1007.9,-99,0.5,-99,-99,-99,新北市,06,三峽區,057
24.940806,121.361500,三峽,C0AC60,2018-10-08T14:00:00+08:00,55.0,94,1.5,25.0,0.9,1007.3,-99,0.5,-99,-99,-99,新北市,06,三峽區,057
24.940806,121.361500,三峽,C0AC60,2018-10-08T15:00:00+08:00,55.0,94,1.4,25.2,0.89,1006.9,-99,0.5,-99,-99,-99,新北市,06,三峽區,057
24.940806,121.361500,三峽,C0AC60,2018-10-08T16:00:00+08:00,55.0,92,1.0,24.4,0.94,1007.1,-99,0.5,-99,-99,-99,新北市,06,三峽區,057
24.940806,121.361500,三峽,C0AC60,2018-10-08T17:00:00+08:00,55.0,93,1.2,23.9,0.95,1007.5,-99,0.5,-99,-99,-99,新北市,06,三峽區,057
24.940806,121.361500,三峽,C0AC60,2018-10-08T18:00:00+08:00,55.0,94,1.7,23.9,0.94,1007.5,-99,0.5,-99,-99,-99,新北市,06,三峽區,057
24.940806,121.361500,三峽,C0AC60,2018-10-08T19:00:00+08:00,55.0,95,1.1,23.6,0.94,1007.6,-99,0.5,-99,-99,-99,新北市,06,三峽區,057
24.940806,121.361500,三峽,C0AC60,2018-10-08T20:00:00+08:00,55.0,93,1.7,23.7,0.95,1008.2,-99,0.5,-99,-99,-99,新北市,06,三峽區,057
24.940806,121.361500,三峽,C0AC60,2018-10-08T21:00:00+08:00,55.0,61,1.6,24.0,0.94,1008.4,-99,0.5,-99,-99,-99,新北市,06,三峽區,057
24.940806,121.361500,三峽,C0AC60,2018-10-08T22:00:00+08:00,55.0,78,2.1,23.9,0.94,1008.6,-99,0.5,-99,-99,-99,新北市,06,三峽區,057
24.940806,121.361500,三峽,C0AC60,2018-10-08T23:00:00+08:00,55.0,82,1.2,23.3,0.99,1008.5,-99,0.5,9.3,75,2018-10-08T22:34:00+08:00,新北市,06,三峽區,057
24.940806,121.361500,三峽,C0AC60,2018-10-09T00:00:00+08:00,55.0,80,1.1,23.8,0.95,1008.2,-99,0.5,-99,-99,-99,新北市,06,三峽區,057
24.940806,121.361500,三峽,C0AC60,2018-10-09T01:00:00+08:00,55.0,71,1.0,23.3,0.98,1008.1,-99,0.0,-99,-99,-99,新北市,06,三峽區,057
24.940806,121.361500,三峽,C0AC60,2018-10-09T02:00:00+08:00,55.0,87,0.5,22.8,0.99,1007.7,-99,1.0,-99,-99,-99,新北市,06,三峽區,057
24.940806,121.361500,三峽,C0AC60,2018-10-09T03:00:00+08:00,55.0,106,0.3,22.7,0.99,1007.3,-99,2.5,-99,-99,-99,新北市,06,三峽區,057
24.940806,121.361500,三峽,C0AC60,2018-10-09T04:00:00+08:00,55.0,0,0.0,22.8,0.99,1007.1,-99,3.0,-99,-99,-99,新北市,06,三峽區,057
24.940806,121.361500,三峽,C0AC60,2018-10-09T05:00:00+08:00,55.0,0,0.0,22.7,0.99,1007.4,-99,3.0,-99,-99,-99,新北市,06,三峽區,057
24.940806,121.361500,三峽,C0AC60,2018-10-09T06:00:00+08:00,55.0,0,0.2,22.6,0.99,1007.7,-99,4.0,-99,-99,-99,新北市,06,三峽區,057
24.940806,121.361500,三峽,C0AC60,2018-10-09T07:00:00+08:00,55.0,93,0.8,22.5,0.99,1008.1,-99,5.0,-99,-99,-99,新北市,06,三峽區,057
24.940806,121.361500,三峽,C0AC60,2018-10-09T08:00:00+08:00,55.0,94,1.0,22.8,0.99,1008.6,-99,6.0,-99,-99,-99,新北市,06,三峽區,057
24.940806,121.361500,三峽,C0AC60,2018-10-09T09:00:00+08:00,55.0,74,1.8,23.4,0.99,1008.6,-99,6.5,-99,-99,-99,新北市,06,三峽區,057
24.940806,121.361500,三峽,C0AC60,2018-10-09T10:00:00+08:00,55.0,78,1.9,25.1,0.93,1008.4,-99,6.5,-99,-99,-99,新北市,06,三峽區,057
24.940806,121.361500,三峽,C0AC60,2018-10-09T11:00:00+08:00,55.0,82,2.4,26.1,0.87,1008.0,-99,6.5,-99,-99,-99,新北市,06,三峽區,057
24.940806,121.361500,三峽,C0AC60,2018-10-09T12:00:00+08:00,55.0,73,2.2,26.2,0.84,1007.2,-99,6.5,-99,-99,-99,新北市,06,三峽區,057
24.940806,121.361500,三峽,C0AC60,2018-10-09T13:00:00+08:00,55.0,93,1.7,26.4,0.83,1006.5,-99,6.5,7.1,98,2018-10-09T12:14:00+08:00,新北市,06,三峽區,057
24.940806,121.361500,三峽,C0AC60,2018-10-09T14:00:00+08:00,55.0,78,2.4,26.5,0.84,1006.0,-99,6.5,-99,-99,-99,新北市,06,三峽區,057
24.940806,121.361500,三峽,C0AC60,2018-10-09T15:00:00+08:00,55.0,86,2.6,27.1,0.83,1005.4,-99,6.5,-99,-99,-99,新北市,06,三峽區,057
24.940806,121.361500,三峽,C0AC60,2018-10-09T16:00:00+08:00,55.0,67,2.5,26.1,0.86,1005.3,-99,6.5,-99,-99,-99,新北市,06,三峽區,057
24.940806,121.361500,三峽,C0AC60,2018-10-09T17:00:00+08:00,55.0,79,1.9,25.8,0.86,1005.8,-99,6.5,-99,-99,-99,新北市,06,三峽區,057
24.940806,121.361500,三峽,C0AC60,2018-10-09T18:00:00+08:00,55.0,79,2.6,25.3,0.89,1006.2,-99,6.5,8.2,78,2018-10-09T17:42:00+08:00,新北市,06,三峽區,057
24.940806,121.361500,三峽,C0AC60,2018-10-09T19:00:00+08:00,55.0,79,2.3,25.0,0.91,1006.8,-99,6.5,-99,-99,-99,新北市,06,三峽區,057
24.940806,121.361500,三峽,C0AC60,2018-10-09T20:00:00+08:00,55.0,81,2.6,24.7,0.92,1007.4,-99,6.5,-99,-99,-99,新北市,06,三峽區,057
24.940806,121.361500,三峽,C0AC60,2018-10-09T21:00:00+08:00,55.0,77,2.2,24.7,0.93,1007.6,-99,6.5,-99,-99,-99,新北市,06,三峽區,057
24.940806,121.361500,三峽,C0AC60,2018-10-09T22:00:00+08:00,55.0,99,1.5,24.4,0.95,1008.0,-99,6.5,-99,-99,-99,新北市,06,三峽區,057
24.940806,121.361500,三峽,C0AC60,2018-10-09T23:00:00+08:00,55.0,81,2.3,24.0,0.97,1007.4,-99,6.5,-99,-99,-99,新北市,06,三峽區,057
24.940806,121.361500,三峽,C0AC60,2018-10-10T00:00:00+08:00,55.0,74,1.5,24.2,0.96,1007.6,-99,6.5,-99,-99,-99,新北市,06,三峽區,057
24.940806,121.361500,三峽,C0AC60,2018-10-10T01:00:00+08:00,55.0,0,0.2,24.0,0.97,1007.6,-99,0.0,-99,-99,-99,新北市,06,三峽區,057
24.940806,121.361500,三峽,C0AC60,2018-10-10T02:00:00+08:00,55.0,80,0.6,24.0,0.97,1007.5,-99,0.0,-99,-99,-99,新北市,06,三峽區,057
24.940806,121.361500,三峽,C0AC60,2018-10-10T03:00:00+08:00,55.0,91,0.5,23.5,0.99,1007.3,-99,0.0,-99,-99,-99,新北市,06,三峽區,057
24.940806,121.361500,三峽,C0AC60,2018-10-10T04:00:00+08:00,55.0,92,1.2,23.1,0.97,1007.7,-99,0.0,-99,-99,-99,新北市,06,三峽區,057
24.940806,121.361500,三峽,C0AC60,2018-10-10T05:00:00+08:00,55.0,97,0.5,22.5,0.98,1008.2,-99,0.0,-99,-99,-99,新北市,06,三峽區,057
24.940806,121.361500,三峽,C0AC60,2018-10-10T06:00:00+08:00,55.0,89,0.5,21.9,0.99,1009.1,-99,0.5,-99,-99,-99,新北市,06,三峽區,057
24.940806,121.361500,三峽,C0AC60,2018-10-10T07:00:00+08:00,55.0,93,1.1,21.8,0.99,1009.5,-99,0.5,-99,-99,-99,新北市,06,三峽區,057
24.940806,121.361500,三峽,C0AC60,2018-10-10T08:00:00+08:00,55.0,91,1.5,23.1,0.83,1009.8,-99,0.5,-99,-99,-99,新北市,06,三峽區,057
24.940806,121.361500,三峽,C0AC60,2018-10-10T09:00:00+08:00,55.0,96,1.4,24.7,0.77,1010.4,-99,0.5,-99,-99,-99,新北市,06,三峽區,057
24.940806,121.361500,三峽,C0AC60,2018-10-10T10:00:00+08:00,55.0,98,0.8,24.0,0.84,1010.5,-99,0.5,6.6,97,2018-10-10T09:55:00+08:00,新北市,06,三峽區,057
24.940806,121.361500,三峽,C0AC60,2018-10-10T11:00:00+08:00,55.0,89,2.4,23.1,0.91,1010.1,-99,0.5,-99,-99,-99,新北市,06,三峽區,057
24.940806,121.361500,三峽,C0AC60,2018-10-10T12:00:00+08:00,55.0,95,1.5,25.2,0.76,1008.8,-99,0.5,-99,-99,-99,新北市,06,三峽區,057
24.940806,121.361500,三峽,C0AC60,2018-10-10T13:00:00+08:00,55.0,90,1.3,25.0,0.75,1008.5,-99,0.5,-99,-99,-99,新北市,06,三峽區,057
24.940806,121.361500,三峽,C0AC60,2018-10-10T14:00:00+08:00,55.0,92,1.6,24.7,0.78,1007.8,-99,0.5,-99,-99,-99,新北市,06,三峽區,057
24.940806,121.361500,三峽,C0AC60,2018-10-10T15:00:00+08:00,55.0,92,2.3,25.4,0.73,1007.3,-99,0.5,-99,-99,-99,新北市,06,三峽區,057
24.940806,121.361500,三峽,C0AC60,2018-10-10T16:00:00+08:00,55.0,81,2.4,24.5,0.82,1007.8,-99,0.5,-99,-99,-99,新北市,06,三峽區,057
24.940806,121.361500,三峽,C0AC60,2018-10-10T17:00:00+08:00,55.0,95,1.3,24.2,0.83,1008.5,-99,0.5,-99,-99,-99,新北市,06,三峽區,057
24.940806,121.361500,三峽,C0AC60,2018-10-10T18:00:00+08:00,55.0,96,1.3,23.8,0.87,1009.6,-99,0.5,-99,-99,-99,新北市,06,三峽區,057
24.940806,121.361500,三峽,C0AC60,2018-10-10T19:00:00+08:00,55.0,91,0.7,22.8,0.96,1009.5,-99,0.5,-99,-99,-99,新北市,06,三峽區,057
24.940806,121.361500,三峽,C0AC60,2018-10-10T20:00:00+08:00,55.0,92,2.1,22.5,0.98,1010.3,-99,0.5,-99,-99,-99,新北市,06,三峽區,057
24.940806,121.361500,三峽,C0AC60,2018-10-10T22:00:00+08:00,55.0,0,0.2,22.3,0.99,1011.0,-99,1.0,-99,-99,-99,新北市,06,三峽區,057
24.940806,121.361500,三峽,C0AC60,2018-10-10T23:00:00+08:00,55.0,0,0.2,21.8,0.99,1011.1,-99,1.0,-99,-99,-99,新北市,06,三峽區,057
24.940806,121.361500,三峽,C0AC60,2018-10-11T00:00:00+08:00,55.0,0,0.1,21.8,0.99,1011.1,-99,1.5,-99,-99,-99,新北市,06,三峽區,057
24.940806,121.361500,三峽,C0AC60,2018-10-11T01:00:00+08:00,55.0,0,0.2,21.6,0.99,1011.0,-99,1.5,-99,-99,-99,新北市,06,三峽區,057
24.940806,121.361500,三峽,C0AC60,2018-10-11T02:00:00+08:00,55.0,0,0.0,21.4,0.99,1010.7,-99,4.5,-99,-99,-99,新北市,06,三峽區,057
24.940806,121.361500,三峽,C0AC60,2018-10-11T03:00:00+08:00,55.0,0,0.0,21.3,0.99,1010.4,-99,5.5,-99,-99,-99,新北市,06,三峽區,057
24.940806,121.361500,三峽,C0AC60,2018-10-11T04:00:00+08:00,55.0,91,0.3,21.1,0.99,1010.6,-99,11.0,-99,-99,-99,新北市,06,三峽區,057
24.940806,121.361500,三峽,C0AC60,2018-10-11T05:00:00+08:00,55.0,38,0.9,20.6,0.99,1011.1,-99,17.0,-99,-99,-99,新北市,06,三峽區,057
24.940806,121.361500,三峽,C0AC60,2018-10-11T06:00:00+08:00,55.0,88,1.6,20.4,0.99,1011.9,-99,18.0,-99,-99,-99,新北市,06,三峽區,057
24.940806,121.361500,三峽,C0AC60,2018-10-11T07:00:00+08:00,55.0,98,0.5,20.3,0.99,1012.6,-99,21.5,-99,-99,-99,新北市,06,三峽區,057
24.940806,121.361500,三峽,C0AC60,2018-10-11T08:00:00+08:00,55.0,0,0.2,20.5,0.99,1013.2,-99,22.0,-99,-99,-99,新北市,06,三峽區,057
24.940806,121.361500,三峽,C0AC60,2018-10-11T09:00:00+08:00,55.0,91,1.9,20.5,0.99,1014.0,-99,22.5,-99,-99,-99,新北市,06,三峽區,057
24.940806,121.361500,三峽,C0AC60,2018-10-11T10:00:00+08:00,55.0,88,0.9,20.8,0.99,1014.5,-99,23.0,-99,-99,-99,新北市,06,三峽區,057
24.940806,121.361500,三峽,C0AC60,2018-10-11T11:00:00+08:00,55.0,90,1.4,21.1,0.99,1014.2,-99,23.0,-99,-99,-99,新北市,06,三峽區,057
24.940806,121.361500,三峽,C0AC60,2018-10-11T12:00:00+08:00,55.0,98,1.6,21.1,0.98,1013.6,-99,23.0,-99,-99,-99,新北市,06,三峽區,057
24.940806,121.361500,三峽,C0AC60,2018-10-11T13:00:00+08:00,55.0,77,1.2,20.9,0.99,1013.2,-99,23.5,-99,-99,-99,新北市,06,三峽區,057
24.940806,121.361500,三峽,C0AC60,2018-10-11T14:00:00+08:00,55.0,92,1.5,20.6,0.99,1012.7,-99,24.0,-99,-99,-99,新北市,06,三峽區,057
24.940806,121.361500,三峽,C0AC60,2018-10-11T15:00:00+08:00,55.0,87,1.2,20.7,0.97,1012.6,-99,24.5,-99,-99,-99,新北市,06,三峽區,057
24.940806,121.361500,三峽,C0AC60,2018-10-11T16:00:00+08:00,55.0,100,1.2,20.5,0.96,1012.6,-99,24.5,-99,-99,-99,新北市,06,三峽區,057
24.940806,121.361500,三峽,C0AC60,2018-10-11T17:00:00+08:00,55.0,91,1.0,20.3,0.99,1013.4,-99,25.0,-99,-99,-99,新北市,06,三峽區,057
24.940806,121.361500,三峽,C0AC60,2018-10-11T18:00:00+08:00,55.0,92,1.0,20.2,0.99,1013.7,-99,25.5,-99,-99,-99,新北市,06,三峽區,057
24.940806,121.361500,三峽,C0AC60,2018-10-11T19:00:00+08:00,55.0,93,1.8,19.9,0.99,1014.1,-99,25.5,-99,-99,-99,新北市,06,三峽區,057
24.940806,121.361500,三峽,C0AC60,2018-10-11T20:00:00+08:00,55.0,89,1.5,20.1,0.95,1014.7,-99,26.0,-99,-99,-99,新北市,06,三峽區,057
24.940806,121.361500,三峽,C0AC60,2018-10-11T21:00:00+08:00,55.0,99,1.6,20.3,0.95,1014.7,-99,26.0,-99,-99,-99,新北市,06,三峽區,057
24.940806,121.361500,三峽,C0AC60,2018-10-11T22:00:00+08:00,55.0,95,1.7,20.2,0.96,1015.0,-99,26.0,-99,-99,-99,新北市,06,三峽區,057
24.940806,121.361500,三峽,C0AC60,2018-10-11T23:00:00+08:00,55.0,96,0.5,20.2,0.96,1014.7,-99,26.0,-99,-99,-99,新北市,06,三峽區,057
24.940806,121.361500,三峽,C0AC60,2018-10-12T00:00:00+08:00,55.0,91,1.8,19.8,0.98,1014.6,-99,26.0,-99,-99,-99,新北市,06,三峽區,057
24.940806,121.361500,三峽,C0AC60,2018-10-12T01:00:00+08:00,55.0,95,1.1,19.8,0.98,1014.1,-99,0.0,-99,-99,-99,新北市,06,三峽區,057
24.940806,121.361500,三峽,C0AC60,2018-10-12T02:00:00+08:00,55.0,0,0.2,20.2,0.93,1014.6,-99,1.0,-99,-99,-99,新北市,06,三峽區,057
24.940806,121.361500,三峽,C0AC60,2018-10-12T03:00:00+08:00,55.0,93,0.7,19.3,0.97,1014.1,-99,2.0,-99,-99,-99,新北市,06,三峽區,057
24.940806,121.361500,三峽,C0AC60,2018-10-12T04:00:00+08:00,55.0,0,0.1,19.2,0.99,1014.5,-99,2.5,-99,-99,-99,新北市,06,三峽區,057
24.940806,121.361500,三峽,C0AC60,2018-10-12T05:00:00+08:00,55.0,55,0.4,19.0,0.99,1014.3,-99,6.5,-99,-99,-99,新北市,06,三峽區,057
24.940806,121.361500,三峽,C0AC60,2018-10-12T06:00:00+08:00,55.0,92,1.3,18.9,0.99,1014.6,-99,11.0,-99,-99,-99,新北市,06,三峽區,057
24.940806,121.361500,三峽,C0AC60,2018-10-12T07:00:00+08:00,55.0,94,1.0,19.1,0.99,1015.1,-99,13.0,-99,-99,-99,新北市,06,三峽區,057
24.940806,121.361500,三峽,C0AC60,2018-10-12T08:00:00+08:00,55.0,100,1.4,19.1,0.99,1015.7,-99,14.0,-99,-99,-99,新北市,06,三峽區,057
24.940806,121.361500,三峽,C0AC60,2018-10-12T09:00:00+08:00,55.0,94,2.4,19.1,0.99,1015.7,-99,14.5,-99,-99,-99,新北市,06,三峽區,057
24.940806,121.361500,三峽,C0AC60,2018-10-12T10:00:00+08:00,55.0,81,2.6,19.4,0.99,1015.6,-99,14.5,-99,-99,-99,新北市,06,三峽區,057
24.940806,121.361500,三峽,C0AC60,2018-10-12T11:00:00+08:00,55.0,86,1.9,19.7,0.99,1015.2,-99,14.5,8.8,90,2018-10-12T10:46:00+08:00,新北市,06,三峽區,057
24.940806,121.361500,三峽,C0AC60,2018-10-12T12:00:00+08:00,55.0,84,2.0,20.6,0.97,1014.5,-99,14.5,-99,-99,-99,新北市,06,三峽區,057
24.940806,121.361500,三峽,C0AC60,2018-10-12T13:00:00+08:00,55.0,88,2.3,20.2,0.94,1014.0,-99,14.5,8.8,88,2018-10-12T12:12:00+08:00,新北市,06,三峽區,057
24.940806,121.361500,三峽,C0AC60,2018-10-12T14:00:00+08:00,55.0,78,2.0,20.5,0.92,1013.3,-99,14.5,-99,-99,-99,新北市,06,三峽區,057
24.940806,121.361500,三峽,C0AC60,2018-10-12T15:00:00+08:00,55.0,82,2.1,20.4,0.93,1013.0,-99,14.5,-99,-99,-99,新北市,06,三峽區,057
24.940806,121.361500,三峽,C0AC60,2018-10-12T16:00:00+08:00,55.0,92,1.1,20.2,0.95,1012.9,-99,15.0,8.8,82,2018-10-12T15:05:00+08:00,新北市,06,三峽區,057
24.940806,121.361500,三峽,C0AC60,2018-10-12T17:00:00+08:00,55.0,90,1.9,19.7,0.98,1013.0,-99,15.0,-99,-99,-99,新北市,06,三峽區,057
24.940806,121.361500,三峽,C0AC60,2018-10-12T18:00:00+08:00,55.0,85,1.9,19.1,0.99,1013.5,-99,16.5,7.7,50,2018-10-12T17:52:00+08:00,新北市,06,三峽區,057
24.940806,121.361500,三峽,C0AC60,2018-10-12T19:00:00+08:00,55.0,89,2.4,18.9,0.99,1013.7,-99,17.0,-99,-99,-99,新北市,06,三峽區,057
24.940806,121.361500,三峽,C0AC60,2018-10-12T20:00:00+08:00,55.0,84,1.3,19.7,0.93,1014.1,-99,17.0,7.7,91,2018-10-12T19:38:00+08:00,新北市,06,三峽區,057
24.940806,121.361500,三峽,C0AC60,2018-10-12T21:00:00+08:00,55.0,84,1.6,19.0,0.99,1014.3,-99,18.0,-99,-99,-99,新北市,06,三峽區,057
24.940806,121.361500,三峽,C0AC60,2018-10-12T22:00:00+08:00,55.0,80,2.8,18.6,0.99,1014.2,-99,18.5,8.8,66,2018-10-12T21:31:00+08:00,新北市,06,三峽區,057
24.940806,121.361500,三峽,C0AC60,2018-10-12T23:00:00+08:00,55.0,88,2.5,18.8,0.95,1013.6,-99,18.5,9.3,68,2018-10-12T22:15:00+08:00,新北市,06,三峽區,057
24.940806,121.361500,三峽,C0AC60,2018-10-13T00:00:00+08:00,55.0,85,2.6,19.8,0.87,1013.3,-99,19.0,-99,-99,-99,新北市,06,三峽區,057
24.940806,121.361500,三峽,C0AC60,2018-10-13T01:00:00+08:00,55.0,92,1.7,20.0,0.85,1012.9,-99,0.0,8.8,96,2018-10-13T00:12:00+08:00,新北市,06,三峽區,057
24.940806,121.361500,三峽,C0AC60,2018-10-13T02:00:00+08:00,55.0,92,2.7,20.7,0.75,1012.9,-99,0.0,8.2,83,2018-10-13T01:04:00+08:00,新北市,06,三峽區,057
24.940806,121.361500,三峽,C0AC60,2018-10-13T03:00:00+08:00,55.0,88,1.6,21.0,0.77,1012.5,-99,0.0,-99,-99,-99,新北市,06,三峽區,057
24.940806,121.361500,三峽,C0AC60,2018-10-13T04:00:00+08:00,55.0,93,2.2,20.9,0.79,1012.2,-99,0.0,-99,-99,-99,新北市,06,三峽區,057
24.940806,121.361500,三峽,C0AC60,2018-10-13T05:00:00+08:00,55.0,87,1.9,21.0,0.82,1012.5,-99,0.0,-99,-99,-99,新北市,06,三峽區,057
24.940806,121.361500,三峽,C0AC60,2018-10-13T06:00:00+08:00,55.0,83,3.1,20.4,0.95,1013.2,-99,0.0,8.8,85,2018-10-13T05:46:00+08:00,新北市,06,三峽區,057
24.940806,121.361500,三峽,C0AC60,2018-10-13T07:00:00+08:00,55.0,95,1.4,20.4,0.96,1013.7,-99,0.0,8.2,68,2018-10-13T06:27:00+08:00,新北市,06,三峽區,057
24.940806,121.361500,三峽,C0AC60,2018-10-13T08:00:00+08:00,55.0,74,2.7,20.6,0.96,1014.1,-99,0.0,-99,-99,-99,新北市,06,三峽區,057
24.940806,121.361500,三峽,C0AC60,2018-10-13T09:00:00+08:00,55.0,81,2.1,20.9,0.96,1014.7,-99,0.0,-99,-99,-99,新北市,06,三峽區,057
24.940806,121.361500,三峽,C0AC60,2018-10-13T10:00:00+08:00,55.0,75,2.4,20.6,0.99,1014.6,-99,0.0,-99,-99,-99,新北市,06,三峽區,057
24.940806,121.361500,三峽,C0AC60,2018-10-13T11:00:00+08:00,55.0,96,1.9,21.3,0.99,1014.1,-99,0.0,-99,-99,-99,新北市,06,三峽區,057
24.940806,121.361500,三峽,C0AC60,2018-10-13T12:00:00+08:00,55.0,76,2.3,22.9,0.91,1012.5,-99,0.0,-99,-99,-99,新北市,06,三峽區,057
24.940806,121.361500,三峽,C0AC60,2018-10-13T13:00:00+08:00,55.0,74,3.3,23.5,0.88,1011.2,-99,0.0,9.9,108,2018-10-13T12:34:00+08:00,新北市,06,三峽區,057
24.940806,121.361500,三峽,C0AC60,2018-10-13T14:00:00+08:00,55.0,74,5.1,23.7,0.86,1010.1,-99,0.0,13.2,82,2018-10-13T13:56:00+08:00,新北市,06,三峽區,057
24.940806,121.361500,三峽,C0AC60,2018-10-13T15:00:00+08:00,55.0,76,5.0,23.2,0.87,1010.1,-99,0.0,13.2,76,2018-10-13T14:39:00+08:00,新北市,06,三峽區,057
24.940806,121.361500,三峽,C0AC60,2018-10-13T16:00:00+08:00,55.0,79,3.5,22.7,0.87,1010.8,-99,0.0,11.5,56,2018-10-13T15:05:00+08:00,新北市,06,三峽區,057
24.940806,121.361500,三峽,C0AC60,2018-10-13T17:00:00+08:00,55.0,88,2.4,22.4,0.89,1011.1,-99,0.0,10.4,69,2018-10-13T16:21:00+08:00,新北市,06,三峽區,057
24.940806,121.361500,三峽,C0AC60,2018-10-13T18:00:00+08:00,55.0,90,2.7,22.3,0.88,1011.2,-99,0.0,-99,-99,-99,新北市,06,三峽區,057
24.940806,121.361500,三峽,C0AC60,2018-10-13T19:00:00+08:00,55.0,80,2.7,21.6,0.95,1011.8,-99,0.0,-99,-99,-99,新北市,06,三峽區,057
24.940806,121.361500,三峽,C0AC60,2018-10-13T20:00:00+08:00,55.0,82,2.7,21.2,0.99,1012.0,-99,0.0,-99,-99,-99,新北市,06,三峽區,057
24.940806,121.361500,三峽,C0AC60,2018-10-13T21:00:00+08:00,55.0,71,3.3,22.0,0.9,1011.8,-99,0.0,9.3,82,2018-10-13T20:54:00+08:00,新北市,06,三峽區,057
24.940806,121.361500,三峽,C0AC60,2018-10-13T22:00:00+08:00,55.0,79,3.5,22.0,0.89,1011.9,-99,0.0,9.9,100,2018-10-13T21:09:00+08:00,新北市,06,三峽區,057
24.940806,121.361500,三峽,C0AC60,2018-10-13T23:00:00+08:00,55.0,88,2.1,22.1,0.89,1011.8,-99,0.0,9.3,87,2018-10-13T22:01:00+08:00,新北市,06,三峽區,057
24.940806,121.361500,三峽,C0AC60,2018-10-14T00:00:00+08:00,55.0,84,2.4,22.2,0.89,1011.4,-99,0.0,-99,-99,-99,新北市,06,三峽區,057
24.940806,121.361500,三峽,C0AC60,2018-10-14T01:00:00+08:00,55.0,78,3.2,22.0,0.9,1010.6,-99,0.0,-99,-99,-99,新北市,06,三峽區,057
24.940806,121.361500,三峽,C0AC60,2018-10-14T02:00:00+08:00,55.0,80,3.1,21.8,0.93,1010.4,-99,0.0,9.9,51,2018-10-14T01:24:00+08:00,新北市,06,三峽區,057
24.940806,121.361500,三峽,C0AC60,2018-10-14T03:00:00+08:00,55.0,94,1.2,21.8,0.93,1010.2,-99,0.0,-99,-99,-99,新北市,06,三峽區,057
24.940806,121.361500,三峽,C0AC60,2018-10-14T04:00:00+08:00,55.0,77,2.5,21.7,0.95,1009.8,-99,0.0,-99,-99,-99,新北市,06,三峽區,057
24.940806,121.361500,三峽,C0AC60,2018-10-14T05:00:00+08:00,55.0,89,2.9,21.5,0.97,1010.0,-99,0.0,-99,-99,-99,新北市,06,三峽區,057
24.940806,121.361500,三峽,C0AC60,2018-10-14T06:00:00+08:00,55.0,81,1.9,21.4,0.98,1009.8,-99,0.0,7.1,55,2018-10-14T05:56:00+08:00,新北市,06,三峽區,057
24.940806,121.361500,三峽,C0AC60,2018-10-14T07:00:00+08:00,55.0,82,2.9,22.0,0.98,1010.2,-99,0.0,8.2,85,2018-10-14T06:54:00+08:00,新北市,06,三峽區,057
24.940806,121.361500,三峽,C0AC60,2018-10-14T08:00:00+08:00,55.0,82,2.9,22.9,0.96,1010.5,-99,0.0,8.2,93,2018-10-14T07:51:00+08:00,新北市,06,三峽區,057
24.940806,121.361500,三峽,C0AC60,2018-10-14T09:00:00+08:00,55.0,75,2.9,24.2,0.9,1010.4,-99,0.0,8.2,81,2018-10-14T08:51:00+08:00,新北市,06,三峽區,057
24.940806,121.361500,三峽,C0AC60,2018-10-14T10:00:00+08:00,55.0,77,3.6,25.4,0.86,1010.1,-99,0.0,8.8,97,2018-10-14T09:28:00+08:00,新北市,06,三峽區,057
24.940806,121.361500,三峽,C0AC60,2018-10-14T11:00:00+08:00,55.0,80,3.3,26.8,0.77,1009.5,-99,0.0,9.9,86,2018-10-14T10:24:00+08:00,新北市,06,三峽區,057
24.940806,121.361500,三峽,C0AC60,2018-10-14T12:00:00+08:00,55.0,77,2.9,28.0,0.71,1008.6,-99,0.0,9.9,95,2018-10-14T11:37:00+08:00,新北市,06,三峽區,057
24.940806,121.361500,三峽,C0AC60,2018-10-14T13:00:00+08:00,55.0,69,3.0,28.7,0.69,1007.9,-99,0.0,-99,-99,-99,新北市,06,三峽區,057
24.940806,121.361500,三峽,C0AC60,2018-10-14T14:00:00+08:00,55.0,80,3.2,28.9,0.69,1007.6,-99,0.0,8.8,82,2018-10-14T13:04:00+08:00,新北市,06,三峽區,057
24.940806,121.361500,三峽,C0AC60,2018-10-14T15:00:00+08:00,55.0,82,3.4,26.9,0.77,1007.8,-99,0.0,8.8,94,2018-10-14T14:02:00+08:00,新北市,06,三峽區,057
24.940806,121.361500,三峽,C0AC60,2018-10-14T16:00:00+08:00,55.0,81,2.4,25.4,0.86,1008.1,-99,0.0,8.2,73,2018-10-14T15:27:00+08:00,新北市,06,三峽區,057
24.940806,121.361500,三峽,C0AC60,2018-10-14T17:00:00+08:00,55.0,79,2.8,24.5,0.92,1008.4,-99,0.0,8.8,65,2018-10-14T16:55:00+08:00,新北市,06,三峽區,057
24.940806,121.361500,三峽,C0AC60,2018-10-14T18:00:00+08:00,55.0,80,2.9,24.0,0.95,1008.8,-99,0.0,-99,-99,-99,新北市,06,三峽區,057
24.940806,121.361500,三峽,C0AC60,2018-10-14T19:00:00+08:00,55.0,86,1.9,23.8,0.95,1009.4,-99,0.0,-99,-99,-99,新北市,06,三峽區,057
24.940806,121.361500,三峽,C0AC60,2018-10-14T20:00:00+08:00,55.0,93,1.7,23.7,0.95,1009.9,-99,0.0,-99,-99,-99,新北市,06,三峽區,057
24.940806,121.361500,三峽,C0AC60,2018-10-14T21:00:00+08:00,55.0,90,1.2,23.5,0.96,1010.2,-99,0.0,-99,-99,-99,新北市,06,三峽區,057
24.940806,121.361500,三峽,C0AC60,2018-10-14T22:00:00+08:00,55.0,85,0.9,23.4,0.97,1010.2,-99,0.0,-99,-99,-99,新北市,06,三峽區,057
24.940806,121.361500,三峽,C0AC60,2018-10-14T23:00:00+08:00,55.0,0,0.2,23.3,0.98,1010.2,-99,0.0,-99,-99,-99,新北市,06,三峽區,057
24.940806,121.361500,三峽,C0AC60,2018-10-15T00:00:00+08:00,55.0,95,1.3,23.6,0.95,1010.3,-99,0.0,-99,-99,-99,新北市,06,三峽區,057
24.940806,121.361500,三峽,C0AC60,2018-10-15T01:00:00+08:00,55.0,81,0.4,23.4,0.97,1009.7,-99,0.0,-99,-99,-99,新北市,06,三峽區,057
24.940806,121.361500,三峽,C0AC60,2018-10-15T02:00:00+08:00,55.0,0,0.1,23.5,0.98,1009.5,-99,0.0,-99,-99,-99,新北市,06,三峽區,057
24.940806,121.361500,三峽,C0AC60,2018-10-15T03:00:00+08:00,55.0,0,0.1,23.4,0.98,1009.4,-99,0.0,-99,-99,-99,新北市,06,三峽區,057
24.940806,121.361500,三峽,C0AC60,2018-10-15T04:00:00+08:00,55.0,87,0.5,23.2,0.99,1008.6,-99,0.0,-99,-99,-99,新北市,06,三峽區,057
24.940806,121.361500,三峽,C0AC60,2018-10-15T05:00:00+08:00,55.0,70,0.5,23.2,0.99,1009.2,-99,0.0,-99,-99,-99,新北市,06,三峽區,057
24.940806,121.361500,三峽,C0AC60,2018-10-15T06:00:00+08:00,55.0,95,0.3,23.4,0.98,1009.6,-99,0.0,-99,-99,-99,新北市,06,三峽區,057
24.940806,121.361500,三峽,C0AC60,2018-10-15T07:00:00+08:00,55.0,87,1.4,23.5,0.98,1009.8,-99,0.0,-99,-99,-99,新北市,06,三峽區,057
24.940806,121.361500,三峽,C0AC60,2018-10-15T08:00:00+08:00,55.0,62,1.5,24.3,0.93,1010.1,-99,0.0,-99,-99,-99,新北市,06,三峽區,057
24.940806,121.361500,三峽,C0AC60,2018-10-15T09:00:00+08:00,55.0,77,1.1,24.8,0.9,1010.2,-99,0.0,-99,-99,-99,新北市,06,三峽區,057
24.940806,121.361500,三峽,C0AC60,2018-10-15T10:00:00+08:00,55.0,91,1.8,27.0,0.74,1009.7,-99,0.0,-99,-99,-99,新北市,06,三峽區,057
24.940806,121.361500,三峽,C0AC60,2018-10-15T11:00:00+08:00,55.0,93,1.5,28.2,0.69,1008.6,-99,0.0,-99,-99,-99,新北市,06,三峽區,057
24.940806,121.361500,三峽,C0AC60,2018-10-15T12:00:00+08:00,55.0,62,1.9,28.3,0.69,1007.6,-99,0.0,7.1,72,2018-10-15T11:51:00+08:00,新北市,06,三峽區,057
24.940806,121.361500,三峽,C0AC60,2018-10-15T13:00:00+08:00,55.0,77,2.7,28.4,0.66,1007.0,-99,0.0,-99,-99,-99,新北市,06,三峽區,057
24.940806,121.361500,三峽,C0AC60,2018-10-15T14:00:00+08:00,55.0,77,1.4,28.9,0.66,1006.5,-99,0.0,-99,-99,-99,新北市,06,三峽區,057
24.940806,121.361500,三峽,C0AC60,2018-10-15T15:00:00+08:00,55.0,89,1.4,28.3,0.67,1006.3,-99,0.0,-99,-99,-99,新北市,06,三峽區,057
24.940806,121.361500,三峽,C0AC60,2018-10-15T16:00:00+08:00,55.0,96,2.0,26.8,0.75,1006.8,-99,0.0,-99,-99,-99,新北市,06,三峽區,057
24.940806,121.361500,三峽,C0AC60,2018-10-15T17:00:00+08:00,55.0,98,1.9,25.5,0.8,1007.3,-99,0.0,-99,-99,-99,新北市,06,三峽區,057
24.940806,121.361500,三峽,C0AC60,2018-10-15T18:00:00+08:00,55.0,91,1.9,24.9,0.85,1007.3,-99,0.0,-99,-99,-99,新北市,06,三峽區,057
24.940806,121.361500,三峽,C0AC60,2018-10-15T19:00:00+08:00,55.0,97,1.7,24.3,0.91,1007.1,-99,0.0,-99,-99,-99,新北市,06,三峽區,057
24.940806,121.361500,三峽,C0AC60,2018-10-15T20:00:00+08:00,55.0,84,2.7,24.2,0.91,1007.2,-99,0.0,8.2,49,2018-10-15T19:54:00+08:00,新北市,06,三峽區,057
24.940806,121.361500,三峽,C0AC60,2018-10-15T21:00:00+08:00,55.0,83,3.5,24.3,0.89,1007.5,-99,0.0,9.3,89,2018-10-15T20:47:00+08:00,新北市,06,三峽區,057
24.940806,121.361500,三峽,C0AC60,2018-10-15T22:00:00+08:00,55.0,85,2.4,24.3,0.91,1007.7,-99,0.0,8.2,82,2018-10-15T21:01:00+08:00,新北市,06,三峽區,057
24.940806,121.361500,三峽,C0AC60,2018-10-15T23:00:00+08:00,55.0,88,1.9,24.2,0.91,1007.6,-99,0.0,-99,-99,-99,新北市,06,三峽區,057
24.940806,121.361500,三峽,C0AC60,2018-10-16T00:00:00+08:00,55.0,99,0.8,24.2,0.92,1007.6,-99,0.0,-99,-99,-99,新北市,06,三峽區,057
24.940806,121.361500,三峽,C0AC60,2018-10-16T01:00:00+08:00,55.0,110,0.4,23.9,0.94,1007.3,-99,0.0,-99,-99,-99,新北市,06,三峽區,057
24.940806,121.361500,三峽,C0AC60,2018-10-16T02:00:00+08:00,55.0,0,0.2,23.2,0.97,1007.1,-99,0.0,-99,-99,-99,新北市,06,三峽區,057
24.940806,121.361500,三峽,C0AC60,2018-10-16T03:00:00+08:00,55.0,173,1.1,23.1,0.98,1006.9,-99,0.0,-99,-99,-99,新北市,06,三峽區,057
24.940806,121.361500,三峽,C0AC60,2018-10-16T04:00:00+08:00,55.0,0,0.0,23.0,0.99,1006.8,-99,0.0,-99,-99,-99,新北市,06,三峽區,057
24.940806,121.361500,三峽,C0AC60,2018-10-16T05:00:00+08:00,55.0,0,0.0,22.8,0.99,1006.8,-99,0.0,-99,-99,-99,新北市,06,三峽區,057
24.940806,121.361500,三峽,C0AC60,2018-10-16T06:00:00+08:00,55.0,0,0.0,23.1,0.99,1007.2,-99,0.0,-99,-99,-99,新北市,06,三峽區,057
24.940806,121.361500,三峽,C0AC60,2018-10-16T07:00:00+08:00,55.0,0,0.2,23.2,0.99,1007.9,-99,0.0,-99,-99,-99,新北市,06,三峽區,057
24.940806,121.361500,三峽,C0AC60,2018-10-16T08:00:00+08:00,55.0,0,0.0,23.8,0.98,1007.6,-99,0.0,-99,-99,-99,新北市,06,三峽區,057
24.940806,121.361500,三峽,C0AC60,2018-10-16T09:00:00+08:00,55.0,350,0.5,25.0,0.92,1008.0,-99,0.0,-99,-99,-99,新北市,06,三峽區,057
24.940806,121.361500,三峽,C0AC60,2018-10-16T10:00:00+08:00,55.0,238,1.3,25.4,0.9,1008.0,-99,0.0,-99,-99,-99,新北市,06,三峽區,057
24.940806,121.361500,三峽,C0AC60,2018-10-16T11:00:00+08:00,55.0,318,0.4,26.0,0.87,1007.2,-99,0.0,-99,-99,-99,新北市,06,三峽區,057
24.940806,121.361500,三峽,C0AC60,2018-10-16T12:00:00+08:00,55.0,313,0.8,26.7,0.82,1006.5,-99,0.0,6.6,270,2018-10-16T11:54:00+08:00,新北市,06,三峽區,057
24.940806,121.361500,三峽,C0AC60,2018-10-16T13:00:00+08:00,55.0,339,0.9,25.6,0.85,1006.0,-99,0.0,-99,-99,-99,新北市,06,三峽區,057
24.940806,121.361500,三峽,C0AC60,2018-10-16T14:00:00+08:00,55.0,342,0.6,25.5,0.85,1005.4,-99,0.0,-99,-99,-99,新北市,06,三峽區,057
24.940806,121.361500,三峽,C0AC60,2018-10-16T15:00:00+08:00,55.0,338,0.5,24.1,0.93,1005.6,-99,0.0,-99,-99,-99,新北市,06,三峽區,057
24.940806,121.361500,三峽,C0AC60,2018-10-16T16:00:00+08:00,55.0,0,0.1,24.4,0.9,1006.0,-99,0.0,-99,-99,-99,新北市,06,三峽區,057
24.940806,121.361500,三峽,C0AC60,2018-10-16T17:00:00+08:00,55.0,0,0.2,23.7,0.93,1006.2,-99,0.0,-99,-99,-99,新北市,06,三峽區,057
24.940806,121.361500,三峽,C0AC60,2018-10-16T18:00:00+08:00,55.0,87,0.4,23.1,0.99,1006.5,-99,0.0,-99,-99,-99,新北市,06,三峽區,057
24.940806,121.361500,三峽,C0AC60,2018-10-16T19:00:00+08:00,55.0,93,0.3,22.7,0.99,1007.0,-99,0.5,-99,-99,-99,新北市,06,三峽區,057
24.940806,121.361500,三峽,C0AC60,2018-10-16T20:00:00+08:00,55.0,90,0.6,22.2,0.99,1007.7,-99,1.0,-99,-99,-99,新北市,06,三峽區,057
24.940806,121.361500,三峽,C0AC60,2018-10-16T21:00:00+08:00,55.0,90,0.9,21.9,0.99,1008.0,-99,1.5,-99,-99,-99,新北市,06,三峽區,057
24.940806,121.361500,三峽,C0AC60,2018-10-16T22:00:00+08:00,55.0,92,1.3,21.6,0.99,1008.2,-99,2.0,-99,-99,-99,新北市,06,三峽區,057
24.940806,121.361500,三峽,C0AC60,2018-10-16T23:00:00+08:00,55.0,89,0.8,21.5,0.99,1007.9,-99,2.0,-99,-99,-99,新北市,06,三峽區,057
24.940806,121.361500,三峽,C0AC60,2018-10-17T00:00:00+08:00,55.0,0,0.1,21.5,0.99,1007.9,-99,2.0,-99,-99,-99,新北市,06,三峽區,057
24.940806,121.361500,三峽,C0AC60,2018-10-17T01:00:00+08:00,55.0,78,0.6,21.5,0.99,1007.6,-99,0.0,-99,-99,-99,新北市,06,三峽區,057
24.940806,121.361500,三峽,C0AC60,2018-10-17T02:00:00+08:00,55.0,36,0.8,20.8,0.99,1007.3,-99,1.0,-99,-99,-99,新北市,06,三峽區,057
24.940806,121.361500,三峽,C0AC60,2018-10-17T03:00:00+08:00,55.0,72,0.3,20.6,0.99,1006.9,-99,2.0,-99,-99,-99,新北市,06,三峽區,057
24.940806,121.361500,三峽,C0AC60,2018-10-17T04:00:00+08:00,55.0,0,0.0,20.6,0.99,1006.6,-99,2.0,-99,-99,-99,新北市,06,三峽區,057
24.940806,121.361500,三峽,C0AC60,2018-10-17T05:00:00+08:00,55.0,92,0.6,20.5,0.99,1007.0,-99,6.5,-99,-99,-99,新北市,06,三峽區,057
24.940806,121.361500,三峽,C0AC60,2018-10-17T06:00:00+08:00,55.0,90,0.9,20.4,0.99,1007.2,-99,12.0,-99,-99,-99,新北市,06,三峽區,057
24.940806,121.361500,三峽,C0AC60,2018-10-17T07:00:00+08:00,55.0,93,1.8,20.4,0.99,1008.2,-99,18.5,-99,-99,-99,新北市,06,三峽區,057
24.940806,121.361500,三峽,C0AC60,2018-10-17T08:00:00+08:00,55.0,92,0.3,20.6,0.99,1008.4,-99,20.5,-99,-99,-99,新北市,06,三峽區,057
24.940806,121.361500,三峽,C0AC60,2018-10-17T09:00:00+08:00,55.0,91,1.4,20.6,0.99,1008.7,-99,21.0,-99,-99,-99,新北市,06,三峽區,057
24.940806,121.361500,三峽,C0AC60,2018-10-17T10:00:00+08:00,55.0,86,1.3,21.5,0.99,1008.5,-99,21.0,-99,-99,-99,新北市,06,三峽區,057
24.940806,121.361500,三峽,C0AC60,2018-10-17T11:00:00+08:00,55.0,32,1.2,21.2,0.99,1008.2,-99,21.0,-99,-99,-99,新北市,06,三峽區,057
24.940806,121.361500,三峽,C0AC60,2018-10-17T12:00:00+08:00,55.0,37,0.9,21.3,0.99,1007.6,-99,21.5,-99,-99,-99,新北市,06,三峽區,057
24.940806,121.361500,三峽,C0AC60,2018-10-17T13:00:00+08:00,55.0,6,0.3,21.1,0.99,1006.8,-99,21.5,-99,-99,-99,新北市,06,三峽區,057
24.940806,121.361500,三峽,C0AC60,2018-10-17T14:00:00+08:00,55.0,0,0.1,20.6,0.99,1006.8,-99,23.0,-99,-99,-99,新北市,06,三峽區,057
24.940806,121.361500,三峽,C0AC60,2018-10-17T15:00:00+08:00,55.0,92,0.8,20.8,0.99,1006.8,-99,23.5,-99,-99,-99,新北市,06,三峽區,057
24.940806,121.361500,三峽,C0AC60,2018-10-17T16:00:00+08:00,55.0,95,0.5,20.7,0.99,1007.2,-99,24.5,-99,-99,-99,新北市,06,三峽區,057
24.940806,121.361500,三峽,C0AC60,2018-10-17T17:00:00+08:00,55.0,85,0.3,20.6,0.99,1007.9,-99,26.5,-99,-99,-99,新北市,06,三峽區,057
24.940806,121.361500,三峽,C0AC60,2018-10-17T18:00:00+08:00,55.0,0,0.1,20.5,0.99,1007.7,-99,26.5,-99,-99,-99,新北市,06,三峽區,057
24.940806,121.361500,三峽,C0AC60,2018-10-17T19:00:00+08:00,55.0,0,0.2,20.6,0.99,1008.2,-99,26.5,-99,-99,-99,新北市,06,三峽區,057
24.940806,121.361500,三峽,C0AC60,2018-10-17T20:00:00+08:00,55.0,127,0.5,20.7,0.99,1008.9,-99,26.5,-99,-99,-99,新北市,06,三峽區,057
24.940806,121.361500,三峽,C0AC60,2018-10-17T21:00:00+08:00,55.0,89,0.5,20.6,0.99,1009.6,-99,26.5,-99,-99,-99,新北市,06,三峽區,057
24.940806,121.361500,三峽,C0AC60,2018-10-17T22:00:00+08:00,55.0,94,0.8,20.7,0.99,1009.1,-99,26.5,-99,-99,-99,新北市,06,三峽區,057
24.940806,121.361500,三峽,C0AC60,2018-10-17T23:00:00+08:00,55.0,94,0.3,20.7,0.99,1009.2,-99,26.5,-99,-99,-99,新北市,06,三峽區,057
24.940806,121.361500,三峽,C0AC60,2018-10-18T00:00:00+08:00,55.0,86,0.6,20.4,0.99,1008.9,-99,27.0,-99,-99,-99,新北市,06,三峽區,057
24.940806,121.361500,三峽,C0AC60,2018-10-18T01:00:00+08:00,55.0,98,1.1,20.6,0.99,1008.6,-99,0.0,-99,-99,-99,新北市,06,三峽區,057
24.940806,121.361500,三峽,C0AC60,2018-10-18T02:00:00+08:00,55.0,86,0.8,20.7,0.99,1008.7,-99,0.0,-99,-99,-99,新北市,06,三峽區,057
24.940806,121.361500,三峽,C0AC60,2018-10-18T03:00:00+08:00,55.0,80,0.4,20.9,0.99,1008.6,-99,0.0,-99,-99,-99,新北市,06,三峽區,057
24.940806,121.361500,三峽,C0AC60,2018-10-18T04:00:00+08:00,55.0,78,0.3,21.0,0.99,1008.9,-99,0.0,-99,-99,-99,新北市,06,三峽區,057
24.940806,121.361500,三峽,C0AC60,2018-10-18T05:00:00+08:00,55.0,0,0.1,20.9,0.99,1009.5,-99,0.0,-99,-99,-99,新北市,06,三峽區,057
24.940806,121.361500,三峽,C0AC60,2018-10-18T06:00:00+08:00,55.0,90,1.0,20.6,0.99,1010.2,-99,0.0,-99,-99,-99,新北市,06,三峽區,057
24.940806,121.361500,三峽,C0AC60,2018-10-18T07:00:00+08:00,55.0,92,1.0,21.0,0.98,1010.5,-99,0.0,-99,-99,-99,新北市,06,三峽區,057
24.940806,121.361500,三峽,C0AC60,2018-10-18T08:00:00+08:00,55.0,92,0.8,22.0,0.92,1010.8,-99,0.0,-99,-99,-99,新北市,06,三峽區,057
24.940806,121.361500,三峽,C0AC60,2018-10-18T09:00:00+08:00,55.0,96,1.7,23.2,0.84,1010.9,-99,0.0,-99,-99,-99,新北市,06,三峽區,057
24.940806,121.361500,三峽,C0AC60,2018-10-18T10:00:00+08:00,55.0,97,2.1,23.7,0.78,1010.9,-99,0.0,-99,-99,-99,新北市,06,三峽區,057
24.940806,121.361500,三峽,C0AC60,2018-10-18T11:00:00+08:00,55.0,96,2.1,24.5,0.69,1010.5,-99,0.0,-99,-99,-99,新北市,06,三峽區,057
24.940806,121.361500,三峽,C0AC60,2018-10-18T12:00:00+08:00,55.0,92,2.2,25.7,0.63,1010.0,-99,0.0,8.2,96,2018-10-18T11:54:00+08:00,新北市,06,三峽區,057
24.940806,121.361500,三峽,C0AC60,2018-10-18T13:00:00+08:00,55.0,89,2.9,25.8,0.61,1009.3,-99,0.0,8.2,99,2018-10-18T12:53:00+08:00,新北市,06,三峽區,057
24.940806,121.361500,三峽,C0AC60,2018-10-18T14:00:00+08:00,55.0,93,2.3,25.2,0.63,1009.4,-99,0.0,9.3,80,2018-10-18T13:02:00+08:00,新北市,06,三峽區,057
24.940806,121.361500,三峽,C0AC60,2018-10-18T15:00:00+08:00,55.0,95,1.9,24.3,0.67,1009.5,-99,0.0,-99,-99,-99,新北市,06,三峽區,057
24.940806,121.361500,三峽,C0AC60,2018-10-18T16:00:00+08:00,55.0,102,2.0,24.3,0.67,1009.9,-99,0.0,-99,-99,-99,新北市,06,三峽區,057
24.940806,121.361500,三峽,C0AC60,2018-10-18T17:00:00+08:00,55.0,94,2.3,23.6,0.67,1010.2,-99,0.0,-99,-99,-99,新北市,06,三峽區,057
24.940806,121.361500,三峽,C0AC60,2018-10-18T18:00:00+08:00,55.0,96,1.4,23.1,0.69,1010.6,-99,0.0,-99,-99,-99,新北市,06,三峽區,057
24.940806,121.361500,三峽,C0AC60,2018-10-18T19:00:00+08:00,55.0,95,2.1,22.7,0.7,1011.4,-99,0.0,8.2,78,2018-10-18T18:16:00+08:00,新北市,06,三峽區,057
24.940806,121.361500,三峽,C0AC60,2018-10-18T20:00:00+08:00,55.0,96,2.5,22.5,0.7,1011.9,-99,0.0,-99,-99,-99,新北市,06,三峽區,057
24.940806,121.361500,三峽,C0AC60,2018-10-18T21:00:00+08:00,55.0,98,2.5,22.7,0.7,1012.2,-99,0.0,-99,-99,-99,新北市,06,三峽區,057
24.940806,121.361500,三峽,C0AC60,2018-10-18T22:00:00+08:00,55.0,94,2.2,22.5,0.69,1012.2,-99,0.0,7.7,70,2018-10-18T21:29:00+08:00,新北市,06,三峽區,057
24.940806,121.361500,三峽,C0AC60,2018-10-18T23:00:00+08:00,55.0,93,2.7,22.6,0.64,1012.1,-99,0.0,-99,-99,-99,新北市,06,三峽區,057
24.940806,121.361500,三峽,C0AC60,2018-10-19T00:00:00+08:00,55.0,91,2.8,22.6,0.65,1012.3,-99,0.0,8.8,80,2018-10-18T23:56:00+08:00,新北市,06,三峽區,057
24.940806,121.361500,三峽,C0AC60,2018-10-19T01:00:00+08:00,55.0,89,2.1,22.5,0.67,1011.8,-99,0.0,-99,-99,-99,新北市,06,三峽區,057
24.940806,121.361500,三峽,C0AC60,2018-10-19T02:00:00+08:00,55.0,96,2.2,22.1,0.71,1011.7,-99,0.0,-99,-99,-99,新北市,06,三峽區,057
24.940806,121.361500,三峽,C0AC60,2018-10-19T03:00:00+08:00,55.0,93,2.3,21.0,0.87,1011.4,-99,0.0,-99,-99,-99,新北市,06,三峽區,057
24.940806,121.361500,三峽,C0AC60,2018-10-19T04:00:00+08:00,55.0,95,2.8,21.4,0.81,1011.2,-99,0.0,-99,-99,-99,新北市,06,三峽區,057
24.940806,121.361500,三峽,C0AC60,2018-10-19T05:00:00+08:00,55.0,92,2.4,21.3,0.82,1011.6,-99,1.0,-99,-99,-99,新北市,06,三峽區,057
24.940806,121.361500,三峽,C0AC60,2018-10-19T06:00:00+08:00,55.0,91,2.2,20.9,0.89,1012.5,-99,1.0,-99,-99,-99,新北市,06,三峽區,057
24.940806,121.361500,三峽,C0AC60,2018-10-19T07:00:00+08:00,55.0,87,2.2,20.9,0.9,1012.9,-99,1.0,-99,-99,-99,新北市,06,三峽區,057
24.940806,121.361500,三峽,C0AC60,2018-10-19T08:00:00+08:00,55.0,82,2.4,19.9,0.99,1013.9,-99,7.0,8.8,92,2018-10-19T07:47:00+08:00,新北市,06,三峽區,057
24.940806,121.361500,三峽,C0AC60,2018-10-19T09:00:00+08:00,55.0,75,2.2,20.4,0.99,1014.6,-99,7.0,-99,-99,-99,新北市,06,三峽區,057
24.940806,121.361500,三峽,C0AC60,2018-10-19T10:00:00+08:00,55.0,75,2.1,20.3,0.99,1015.0,-99,9.0,-99,-99,-99,新北市,06,三峽區,057
24.940806,121.361500,三峽,C0AC60,2018-10-19T11:00:00+08:00,55.0,90,2.0,20.8,0.99,1014.4,-99,9.0,7.7,67,2018-10-19T10:27:00+08:00,新北市,06,三峽區,057
24.940806,121.361500,三峽,C0AC60,2018-10-19T12:00:00+08:00,55.0,68,2.3,21.3,0.93,1014.0,-99,9.0,9.3,97,2018-10-19T11:42:00+08:00,新北市,06,三峽區,057
24.940806,121.361500,三峽,C0AC60,2018-10-19T13:00:00+08:00,55.0,100,1.2,20.2,0.99,1014.2,-99,9.0,-99,-99,-99,新北市,06,三峽區,057
24.940806,121.361500,三峽,C0AC60,2018-10-19T14:00:00+08:00,55.0,94,2.3,20.4,0.98,1013.7,-99,9.0,-99,-99,-99,新北市,06,三峽區,057
24.940806,121.361500,三峽,C0AC60,2018-10-19T15:00:00+08:00,55.0,92,1.5,20.6,0.92,1013.6,-99,9.0,-99,-99,-99,新北市,06,三峽區,057
24.940806,121.361500,三峽,C0AC60,2018-10-19T16:00:00+08:00,55.0,94,1.0,20.7,0.89,1013.7,-99,9.0,-99,-99,-99,新北市,06,三峽區,057
24.940806,121.361500,三峽,C0AC60,2018-10-19T17:00:00+08:00,55.0,96,1.9,20.7,0.87,1013.7,-99,9.0,-99,-99,-99,新北市,06,三峽區,057
24.940806,121.361500,三峽,C0AC60,2018-10-19T18:00:00+08:00,55.0,95,1.9,20.5,0.85,1014.0,-99,9.0,-99,-99,-99,新北市,06,三峽區,057
24.940806,121.361500,三峽,C0AC60,2018-10-19T19:00:00+08:00,55.0,96,2.9,20.5,0.86,1014.1,-99,9.0,-99,-99,-99,新北市,06,三峽區,057
24.940806,121.361500,三峽,C0AC60,2018-10-19T20:00:00+08:00,55.0,94,2.6,20.4,0.86,1014.3,-99,9.0,7.7,99,2018-10-19T19:55:00+08:00,新北市,06,三峽區,057
24.940806,121.361500,三峽,C0AC60,2018-10-19T21:00:00+08:00,55.0,95,3.5,20.9,0.84,1014.9,-99,9.0,9.3,86,2018-10-19T21:00:00+08:00,新北市,06,三峽區,057
24.940806,121.361500,三峽,C0AC60,2018-10-19T22:00:00+08:00,55.0,91,2.2,21.0,0.81,1015.1,-99,9.0,-99,-99,-99,新北市,06,三峽區,057
24.940806,121.361500,三峽,C0AC60,2018-10-19T23:00:00+08:00,55.0,92,1.9,20.9,0.8,1014.4,-99,9.0,9.3,87,2018-10-19T22:55:00+08:00,新北市,06,三峽區,057
24.940806,121.361500,三峽,C0AC60,2018-10-20T00:00:00+08:00,55.0,88,3.0,20.9,0.79,1014.2,-99,9.0,-99,-99,-99,新北市,06,三峽區,057
24.940806,121.361500,三峽,C0AC60,2018-10-20T01:00:00+08:00,55.0,97,2.1,21.0,0.77,1013.8,-99,0.0,7.7,78,2018-10-20T00:13:00+08:00,新北市,06,三峽區,057
24.940806,121.361500,三峽,C0AC60,2018-10-20T02:00:00+08:00,55.0,98,2.8,21.0,0.77,1013.3,-99,0.0,8.2,80,2018-10-20T01:05:00+08:00,新北市,06,三峽區,057
24.940806,121.361500,三峽,C0AC60,2018-10-20T03:00:00+08:00,55.0,95,2.7,20.9,0.79,1013.0,-99,0.0,-99,-99,-99,新北市,06,三峽區,057
24.940806,121.361500,三峽,C0AC60,2018-10-20T04:00:00+08:00,55.0,90,3.3,20.9,0.82,1013.0,-99,0.0,8.8,84,2018-10-20T03:41:00+08:00,新北市,06,三峽區,057
24.940806,121.361500,三峽,C0AC60,2018-10-20T05:00:00+08:00,55.0,92,2.8,21.1,0.78,1013.2,-99,0.0,8.2,58,2018-10-20T04:45:00+08:00,新北市,06,三峽區,057
24.940806,121.361500,三峽,C0AC60,2018-10-20T07:00:00+08:00,55.0,99,2.7,22.0,0.74,1014.4,-99,0.0,-99,-99,-99,新北市,06,三峽區,057
24.940806,121.361500,三峽,C0AC60,2018-10-20T08:00:00+08:00,55.0,93,2.6,22.7,0.72,1015.1,-99,0.0,-99,-99,-99,新北市,06,三峽區,057
24.940806,121.361500,三峽,C0AC60,2018-10-20T09:00:00+08:00,55.0,86,2.6,23.2,0.75,1015.8,-99,0.0,8.2,65,2018-10-20T08:54:00+08:00,新北市,06,三峽區,057
24.940806,121.361500,三峽,C0AC60,2018-10-20T10:00:00+08:00,55.0,84,3.8,22.8,0.74,1015.6,-99,0.0,9.3,77,2018-10-20T09:20:00+08:00,新北市,06,三峽區,057
24.940806,121.361500,三峽,C0AC60,2018-10-20T11:00:00+08:00,55.0,79,2.5,23.7,0.71,1014.8,-99,0.0,10.4,49,2018-10-20T10:21:00+08:00,新北市,06,三峽區,057
24.940806,121.361500,三峽,C0AC60,2018-10-20T12:00:00+08:00,55.0,83,3.6,23.9,0.68,1014.0,-99,0.0,9.9,70,2018-10-20T11:17:00+08:00,新北市,06,三峽區,057
24.940806,121.361500,三峽,C0AC60,2018-10-20T13:00:00+08:00,55.0,88,3.6,24.0,0.65,1012.9,-99,0.0,11.0,74,2018-10-20T12:05:00+08:00,新北市,06,三峽區,057
24.940806,121.361500,三峽,C0AC60,2018-10-20T14:00:00+08:00,55.0,88,2.4,25.0,0.6,1012.2,-99,0.0,9.9,70,2018-10-20T13:34:00+08:00,新北市,06,三峽區,057
24.940806,121.361500,三峽,C0AC60,2018-10-20T15:00:00+08:00,55.0,88,3.5,24.5,0.62,1011.8,-99,0.0,9.3,80,2018-10-20T14:02:00+08:00,新北市,06,三峽區,057
24.940806,121.361500,三峽,C0AC60,2018-10-20T16:00:00+08:00,55.0,86,3.1,23.9,0.64,1012.1,-99,0.0,9.3,111,2018-10-20T15:33:00+08:00,新北市,06,三峽區,057
24.940806,121.361500,三峽,C0AC60,2018-10-20T17:00:00+08:00,55.0,90,2.7,22.8,0.69,1012.5,-99,0.0,9.3,55,2018-10-20T16:24:00+08:00,新北市,06,三峽區,057
24.940806,121.361500,三峽,C0AC60,2018-10-20T18:00:00+08:00,55.0,91,2.9,21.8,0.72,1013.0,-99,0.0,-99,-99,-99,新北市,06,三峽區,057
24.940806,121.361500,三峽,C0AC60,2018-10-20T19:00:00+08:00,55.0,94,2.6,21.8,0.7,1013.6,-99,0.0,-99,-99,-99,新北市,06,三峽區,057
24.940806,121.361500,三峽,C0AC60,2018-10-20T20:00:00+08:00,55.0,94,2.0,21.5,0.72,1014.3,-99,0.0,-99,-99,-99,新北市,06,三峽區,057
24.940806,121.361500,三峽,C0AC60,2018-10-20T21:00:00+08:00,55.0,93,1.8,21.5,0.71,1014.3,-99,0.0,-99,-99,-99,新北市,06,三峽區,057
24.940806,121.361500,三峽,C0AC60,2018-10-20T22:00:00+08:00,55.0,95,1.4,21.5,0.69,1014.1,-99,0.0,-99,-99,-99,新北市,06,三峽區,057
24.940806,121.361500,三峽,C0AC60,2018-10-20T23:00:00+08:00,55.0,83,1.9,21.4,0.7,1013.6,-99,0.0,-99,-99,-99,新北市,06,三峽區,057
24.940806,121.361500,三峽,C0AC60,2018-10-21T00:00:00+08:00,55.0,82,1.9,21.2,0.74,1013.0,-99,0.0,-99,-99,-99,新北市,06,三峽區,057
24.940806,121.361500,三峽,C0AC60,2018-10-21T01:00:00+08:00,55.0,81,2.1,20.8,0.77,1012.2,-99,0.0,-99,-99,-99,新北市,06,三峽區,057
24.940806,121.361500,三峽,C0AC60,2018-10-21T02:00:00+08:00,55.0,83,1.8,20.8,0.78,1011.9,-99,0.0,-99,-99,-99,新北市,06,三峽區,057
24.940806,121.361500,三峽,C0AC60,2018-10-21T03:00:00+08:00,55.0,83,2.1,20.7,0.8,1011.5,-99,0.0,7.7,73,2018-10-21T02:27:00+08:00,新北市,06,三峽區,057
24.940806,121.361500,三峽,C0AC60,2018-10-21T04:00:00+08:00,55.0,77,1.9,20.4,0.83,1011.7,-99,0.0,-99,-99,-99,新北市,06,三峽區,057
24.940806,121.361500,三峽,C0AC60,2018-10-21T05:00:00+08:00,55.0,80,1.8,20.6,0.84,1012.1,-99,0.0,-99,-99,-99,新北市,06,三峽區,057
24.940806,121.361500,三峽,C0AC60,2018-10-21T06:00:00+08:00,55.0,75,1.9,20.9,0.85,1012.2,-99,0.0,-99,-99,-99,新北市,06,三峽區,057
24.940806,121.361500,三峽,C0AC60,2018-10-21T07:00:00+08:00,55.0,83,1.8,21.4,0.83,1012.7,-99,0.0,-99,-99,-99,新北市,06,三峽區,057
24.940806,121.361500,三峽,C0AC60,2018-10-21T08:00:00+08:00,55.0,79,2.0,23.0,0.73,1012.9,-99,0.0,7.7,66,2018-10-21T07:54:00+08:00,新北市,06,三峽區,057
24.940806,121.361500,三峽,C0AC60,2018-10-21T09:00:00+08:00,55.0,85,2.4,24.1,0.64,1013.0,-99,0.0,8.8,74,2018-10-21T08:48:00+08:00,新北市,06,三峽區,057
24.940806,121.361500,三峽,C0AC60,2018-10-21T10:00:00+08:00,55.0,71,2.4,25.5,0.57,1012.7,-99,0.0,8.8,73,2018-10-21T09:12:00+08:00,新北市,06,三峽區,057
24.940806,121.361500,三峽,C0AC60,2018-10-21T11:00:00+08:00,55.0,59,2.4,26.8,0.53,1012.2,-99,0.0,-99,-99,-99,新北市,06,三峽區,057
24.940806,121.361500,三峽,C0AC60,2018-10-21T12:00:00+08:00,55.0,47,1.2,27.2,0.54,1011.3,-99,0.0,7.1,88,2018-10-21T11:14:00+08:00,新北市,06,三峽區,057
24.940806,121.361500,三峽,C0AC60,2018-10-21T13:00:00+08:00,55.0,41,0.8,27.9,0.52,1010.2,-99,0.0,-99,-99,-99,新北市,06,三峽區,057
24.940806,121.361500,三峽,C0AC60,2018-10-21T14:00:00+08:00,55.0,78,2.8,29.2,0.49,1009.4,-99,0.0,-99,-99,-99,新北市,06,三峽區,057
24.940806,121.361500,三峽,C0AC60,2018-10-21T15:00:00+08:00,55.0,77,1.9,27.4,0.56,1009.4,-99,0.0,7.1,87,2018-10-21T14:12:00+08:00,新北市,06,三峽區,057
24.940806,121.361500,三峽,C0AC60,2018-10-21T16:00:00+08:00,55.0,95,1.0,26.6,0.61,1009.7,-99,0.0,-99,-99,-99,新北市,06,三峽區,057
24.940806,121.361500,三峽,C0AC60,2018-10-21T17:00:00+08:00,55.0,76,2.6,24.8,0.68,1010.0,-99,0.0,-99,-99,-99,新北市,06,三峽區,057
24.940806,121.361500,三峽,C0AC60,2018-10-21T18:00:00+08:00,55.0,81,2.2,24.0,0.74,1009.8,-99,0.0,-99,-99,-99,新北市,06,三峽區,057
24.940806,121.361500,三峽,C0AC60,2018-10-21T19:00:00+08:00,55.0,81,2.3,23.6,0.74,1010.4,-99,0.0,7.7,75,2018-10-21T18:55:00+08:00,新北市,06,三峽區,057
24.940806,121.361500,三峽,C0AC60,2018-10-21T20:00:00+08:00,55.0,98,1.6,22.9,0.78,1011.4,-99,0.0,-99,-99,-99,新北市,06,三峽區,057
24.940806,121.361500,三峽,C0AC60,2018-10-21T21:00:00+08:00,55.0,144,0.8,22.5,0.83,1011.4,-99,0.0,-99,-99,-99,新北市,06,三峽區,057
24.940806,121.361500,三峽,C0AC60,2018-10-21T22:00:00+08:00,55.0,154,1.3,21.5,0.92,1011.2,-99,0.0,-99,-99,-99,新北市,06,三峽區,057
24.940806,121.361500,三峽,C0AC60,2018-10-21T23:00:00+08:00,55.0,160,2.0,20.8,0.96,1010.8,-99,0.0,-99,-99,-99,新北市,06,三峽區,057
24.940806,121.361500,三峽,C0AC60,2018-10-22T00:00:00+08:00,55.0,163,2.4,20.3,0.97,1010.1,-99,0.0,-99,-99,-99,新北市,06,三峽區,057
24.940806,121.361500,三峽,C0AC60,2018-10-22T01:00:00+08:00,55.0,168,0.6,20.0,0.98,1009.6,-99,0.0,-99,-99,-99,新北市,06,三峽區,057
24.940806,121.361500,三峽,C0AC60,2018-10-22T02:00:00+08:00,55.0,197,0.3,19.9,0.98,1009.3,-99,0.0,-99,-99,-99,新北市,06,三峽區,057
24.940806,121.361500,三峽,C0AC60,2018-10-22T03:00:00+08:00,55.0,174,0.5,19.7,0.98,1009.0,-99,0.0,-99,-99,-99,新北市,06,三峽區,057
24.940806,121.361500,三峽,C0AC60,2018-10-22T04:00:00+08:00,55.0,0,0.1,19.7,0.98,1009.2,-99,0.0,-99,-99,-99,新北市,06,三峽區,057
24.940806,121.361500,三峽,C0AC60,2018-10-22T05:00:00+08:00,55.0,173,0.6,19.9,0.98,1009.6,-99,0.0,-99,-99,-99,新北市,06,三峽區,057
24.940806,121.361500,三峽,C0AC60,2018-10-22T06:00:00+08:00,55.0,173,0.3,20.0,0.98,1010.0,-99,0.0,-99,-99,-99,新北市,06,三峽區,057
24.940806,121.361500,三峽,C0AC60,2018-10-22T07:00:00+08:00,55.0,183,0.3,20.5,0.97,1010.7,-99,0.0,-99,-99,-99,新北市,06,三峽區,057
24.940806,121.361500,三峽,C0AC60,2018-10-22T08:00:00+08:00,55.0,0,0.0,23.0,0.87,1011.0,-99,0.0,-99,-99,-99,新北市,06,三峽區,057
24.940806,121.361500,三峽,C0AC60,2018-10-22T09:00:00+08:00,55.0,168,0.3,25.2,0.69,1010.9,-99,0.0,-99,-99,-99,新北市,06,三峽區,057
24.940806,121.361500,三峽,C0AC60,2018-10-22T10:00:00+08:00,55.0,252,1.2,26.6,0.62,1010.9,-99,0.0,-99,-99,-99,新北市,06,三峽區,057
24.940806,121.361500,三峽,C0AC60,2018-10-22T11:00:00+08:00,55.0,204,0.6,26.5,0.64,1010.2,-99,0.0,-99,-99,-99,新北市,06,三峽區,057
24.940806,121.361500,三峽,C0AC60,2018-10-22T12:00:00+08:00,55.0,250,0.6,26.4,0.7,1009.7,-99,0.0,-99,-99,-99,新北市,06,三峽區,057
24.940806,121.361500,三峽,C0AC60,2018-10-22T13:00:00+08:00,55.0,231,0.7,27.7,0.62,1008.4,-99,0.0,-99,-99,-99,新北市,06,三峽區,057
24.940806,121.361500,三峽,C0AC60,2018-10-22T14:00:00+08:00,55.0,239,1.3,29.1,0.57,1007.5,-99,0.0,-99,-99,-99,新北市,06,三峽區,057
24.940806,121.361500,三峽,C0AC60,2018-10-22T15:00:00+08:00,55.0,315,1.4,28.8,0.56,1007.0,-99,0.0,-99,-99,-99,新北市,06,三峽區,057
24.940806,121.361500,三峽,C0AC60,2018-10-22T16:00:00+08:00,55.0,342,1.8,25.4,0.8,1007.6,-99,0.0,7.1,348,2018-10-22T15:53:00+08:00,新北市,06,三峽區,057
24.940806,121.361500,三峽,C0AC60,2018-10-22T17:00:00+08:00,55.0,7,1.2,24.8,0.83,1008.5,-99,0.0,-99,-99,-99,新北市,06,三峽區,057
24.940806,121.361500,三峽,C0AC60,2018-10-22T18:00:00+08:00,55.0,92,1.1,24.7,0.87,1009.1,-99,0.0,-99,-99,-99,新北市,06,三峽區,057
24.940806,121.361500,三峽,C0AC60,2018-10-22T19:00:00+08:00,55.0,213,0.6,23.2,0.99,1009.8,-99,0.0,-99,-99,-99,新北市,06,三峽區,057
24.940806,121.361500,三峽,C0AC60,2018-10-22T20:00:00+08:00,55.0,224,1.0,23.5,0.92,1010.2,-99,0.0,-99,-99,-99,新北市,06,三峽區,057
24.940806,121.361500,三峽,C0AC60,2018-10-22T21:00:00+08:00,55.0,218,1.3,22.8,0.91,1010.2,-99,0.0,-99,-99,-99,新北市,06,三峽區,057
24.940806,121.361500,三峽,C0AC60,2018-10-22T22:00:00+08:00,55.0,213,0.8,22.6,0.92,1010.3,-99,0.0,-99,-99,-99,新北市,06,三峽區,057
24.940806,121.361500,三峽,C0AC60,2018-10-22T23:00:00+08:00,55.0,166,0.7,22.3,0.97,1010.6,-99,0.0,-99,-99,-99,新北市,06,三峽區,057
24.940806,121.361500,三峽,C0AC60,2018-10-23T00:00:00+08:00,55.0,217,0.4,22.0,0.97,1010.1,-99,0.0,-99,-99,-99,新北市,06,三峽區,057
24.940806,121.361500,三峽,C0AC60,2018-10-23T01:00:00+08:00,55.0,170,1.3,21.8,0.97,1009.8,-99,0.0,-99,-99,-99,新北市,06,三峽區,057
24.940806,121.361500,三峽,C0AC60,2018-10-23T02:00:00+08:00,55.0,0,0.0,21.5,0.97,1009.7,-99,0.0,-99,-99,-99,新北市,06,三峽區,057
24.940806,121.361500,三峽,C0AC60,2018-10-23T03:00:00+08:00,55.0,172,0.3,21.6,0.96,1009.8,-99,0.0,-99,-99,-99,新北市,06,三峽區,057
24.940806,121.361500,三峽,C0AC60,2018-10-23T04:00:00+08:00,55.0,0,0.0,21.1,0.99,1009.9,-99,1.5,-99,-99,-99,新北市,06,三峽區,057
24.940806,121.361500,三峽,C0AC60,2018-10-23T05:00:00+08:00,55.0,157,0.8,21.2,0.99,1010.2,-99,1.5,-99,-99,-99,新北市,06,三峽區,057
24.940806,121.361500,三峽,C0AC60,2018-10-23T06:00:00+08:00,55.0,0,0.0,21.2,0.99,1010.6,-99,1.5,-99,-99,-99,新北市,06,三峽區,057
24.940806,121.361500,三峽,C0AC60,2018-10-23T07:00:00+08:00,55.0,178,1.4,21.3,0.99,1011.4,-99,1.5,-99,-99,-99,新北市,06,三峽區,057
24.940806,121.361500,三峽,C0AC60,2018-10-23T08:00:00+08:00,55.0,171,0.8,21.7,0.99,1012.1,-99,2.0,-99,-99,-99,新北市,06,三峽區,057
24.940806,121.361500,三峽,C0AC60,2018-10-23T09:00:00+08:00,55.0,214,0.5,22.0,0.99,1012.4,-99,2.0,-99,-99,-99,新北市,06,三峽區,057
24.940806,121.361500,三峽,C0AC60,2018-10-23T10:00:00+08:00,55.0,0,0.0,22.4,0.99,1012.7,-99,2.0,-99,-99,-99,新北市,06,三峽區,057
24.940806,121.361500,三峽,C0AC60,2018-10-23T11:00:00+08:00,55.0,91,0.6,23.5,0.99,1012.2,-99,2.0,-99,-99,-99,新北市,06,三峽區,057
24.940806,121.361500,三峽,C0AC60,2018-10-23T12:00:00+08:00,55.0,0,0.1,24.9,0.9,1011.3,-99,2.0,-99,-99,-99,新北市,06,三峽區,057
24.940806,121.361500,三峽,C0AC60,2018-10-23T13:00:00+08:00,55.0,92,0.7,24.6,0.91,1010.8,-99,2.0,-99,-99,-99,新北市,06,三峽區,057
24.940806,121.361500,三峽,C0AC60,2018-10-23T14:00:00+08:00,55.0,0,0.2,23.5,0.98,1010.1,-99,2.0,-99,-99,-99,新北市,06,三峽區,057
24.940806,121.361500,三峽,C0AC60,2018-10-23T15:00:00+08:00,55.0,0,0.2,23.4,0.97,1010.0,-99,2.0,-99,-99,-99,新北市,06,三峽區,057
24.940806,121.361500,三峽,C0AC60,2018-10-23T16:00:00+08:00,55.0,0,0.0,22.8,0.99,1010.4,-99,3.5,-99,-99,-99,新北市,06,三峽區,057
24.940806,121.361500,三峽,C0AC60,2018-10-23T17:00:00+08:00,55.0,89,0.9,22.6,0.99,1011.0,-99,3.5,-99,-99,-99,新北市,06,三峽區,057
24.940806,121.361500,三峽,C0AC60,2018-10-23T18:00:00+08:00,55.0,90,0.8,22.4,0.99,1011.3,-99,3.5,-99,-99,-99,新北市,06,三峽區,057
24.940806,121.361500,三峽,C0AC60,2018-10-23T19:00:00+08:00,55.0,88,0.7,22.2,0.99,1011.7,-99,4.0,-99,-99,-99,新北市,06,三峽區,057
24.940806,121.361500,三峽,C0AC60,2018-10-23T20:00:00+08:00,55.0,84,0.7,22.1,0.99,1012.4,-99,4.0,-99,-99,-99,新北市,06,三峽區,057
24.940806,121.361500,三峽,C0AC60,2018-10-23T21:00:00+08:00,55.0,0,0.0,22.3,0.99,1012.6,-99,4.0,-99,-99,-99,新北市,06,三峽區,057
24.940806,121.361500,三峽,C0AC60,2018-10-23T22:00:00+08:00,55.0,97,1.6,22.2,0.99,1012.6,-99,4.0,-99,-99,-99,新北市,06,三峽區,057
24.940806,121.361500,三峽,C0AC60,2018-10-23T23:00:00+08:00,55.0,88,1.6,22.1,0.97,1012.4,-99,4.0,-99,-99,-99,新北市,06,三峽區,057
24.940806,121.361500,三峽,C0AC60,2018-10-24T00:00:00+08:00,55.0,85,1.4,21.9,0.97,1011.9,-99,4.0,-99,-99,-99,新北市,06,三峽區,057
24.940806,121.361500,三峽,C0AC60,2018-10-24T01:00:00+08:00,55.0,93,1.5,22.0,0.95,1011.3,-99,0.0,-99,-99,-99,新北市,06,三峽區,057
24.940806,121.361500,三峽,C0AC60,2018-10-24T02:00:00+08:00,55.0,92,1.4,21.9,0.95,1011.0,-99,0.0,-99,-99,-99,新北市,06,三峽區,057
24.940806,121.361500,三峽,C0AC60,2018-10-24T03:00:00+08:00,55.0,91,1.3,22.0,0.93,1010.6,-99,0.0,-99,-99,-99,新北市,06,三峽區,057
24.940806,121.361500,三峽,C0AC60,2018-10-24T04:00:00+08:00,55.0,92,1.4,22.0,0.92,1010.1,-99,0.0,-99,-99,-99,新北市,06,三峽區,057
24.940806,121.361500,三峽,C0AC60,2018-10-24T05:00:00+08:00,55.0,99,0.9,22.1,0.92,1010.7,-99,0.0,7.1,87,2018-10-24T04:42:00+08:00,新北市,06,三峽區,057
24.940806,121.361500,三峽,C0AC60,2018-10-24T06:00:00+08:00,55.0,95,0.5,22.1,0.92,1010.9,-99,0.0,-99,-99,-99,新北市,06,三峽區,057
24.940806,121.361500,三峽,C0AC60,2018-10-24T07:00:00+08:00,55.0,92,1.2,22.6,0.89,1011.5,-99,0.0,-99,-99,-99,新北市,06,三峽區,057
24.940806,121.361500,三峽,C0AC60,2018-10-24T08:00:00+08:00,55.0,82,2.0,24.0,0.84,1012.0,-99,0.0,-99,-99,-99,新北市,06,三峽區,057
24.940806,121.361500,三峽,C0AC60,2018-10-24T09:00:00+08:00,55.0,86,1.6,25.1,0.74,1012.4,-99,0.0,-99,-99,-99,新北市,06,三峽區,057
24.940806,121.361500,三峽,C0AC60,2018-10-24T10:00:00+08:00,55.0,88,2.5,26.1,0.68,1011.9,-99,0.0,-99,-99,-99,新北市,06,三峽區,057
24.940806,121.361500,三峽,C0AC60,2018-10-24T11:00:00+08:00,55.0,84,2.5,26.7,0.65,1011.9,-99,0.0,9.3,81,2018-10-24T10:38:00+08:00,新北市,06,三峽區,057
24.940806,121.361500,三峽,C0AC60,2018-10-24T12:00:00+08:00,55.0,67,3.2,26.1,0.68,1011.1,-99,0.0,9.9,83,2018-10-24T11:51:00+08:00,新北市,06,三峽區,057
24.940806,121.361500,三峽,C0AC60,2018-10-24T13:00:00+08:00,55.0,74,2.7,26.0,0.69,1010.5,-99,0.0,-99,-99,-99,新北市,06,三峽區,057
24.940806,121.361500,三峽,C0AC60,2018-10-24T14:00:00+08:00,55.0,82,2.3,26.8,0.65,1009.8,-99,0.0,8.8,65,2018-10-24T13:41:00+08:00,新北市,06,三峽區,057
24.940806,121.361500,三峽,C0AC60,2018-10-24T15:00:00+08:00,55.0,89,2.1,26.7,0.65,1009.8,-99,0.0,8.2,31,2018-10-24T14:01:00+08:00,新北市,06,三峽區,057
24.940806,121.361500,三峽,C0AC60,2018-10-24T16:00:00+08:00,55.0,93,3.2,25.9,0.68,1009.9,-99,0.0,-99,-99,-99,新北市,06,三峽區,057
24.940806,121.361500,三峽,C0AC60,2018-10-24T17:00:00+08:00,55.0,84,2.3,24.7,0.74,1010.3,-99,0.0,-99,-99,-99,新北市,06,三峽區,057
24.940806,121.361500,三峽,C0AC60,2018-10-24T18:00:00+08:00,55.0,85,2.6,23.8,0.78,1010.5,-99,0.0,8.8,61,2018-10-24T17:12:00+08:00,新北市,06,三峽區,057
24.940806,121.361500,三峽,C0AC60,2018-10-24T19:00:00+08:00,55.0,90,2.0,23.6,0.78,1010.9,-99,0.0,-99,-99,-99,新北市,06,三峽區,057
24.940806,121.361500,三峽,C0AC60,2018-10-24T20:00:00+08:00,55.0,95,1.8,23.2,0.79,1011.4,-99,0.0,-99,-99,-99,新北市,06,三峽區,057
24.940806,121.361500,三峽,C0AC60,2018-10-24T21:00:00+08:00,55.0,90,1.6,23.2,0.8,1011.9,-99,0.0,-99,-99,-99,新北市,06,三峽區,057
24.940806,121.361500,三峽,C0AC60,2018-10-24T22:00:00+08:00,55.0,97,1.4,22.9,0.81,1011.9,-99,0.0,-99,-99,-99,新北市,06,三峽區,057
24.940806,121.361500,三峽,C0AC60,2018-10-24T23:00:00+08:00,55.0,88,1.8,22.8,0.81,1011.7,-99,0.0,-99,-99,-99,新北市,06,三峽區,057
24.940806,121.361500,三峽,C0AC60,2018-10-25T00:00:00+08:00,55.0,83,1.9,22.8,0.82,1011.5,-99,0.0,-99,-99,-99,新北市,06,三峽區,057
24.940806,121.361500,三峽,C0AC60,2018-10-25T01:00:00+08:00,55.0,85,1.8,22.7,0.84,1011.0,-99,0.0,-99,-99,-99,新北市,06,三峽區,057
24.940806,121.361500,三峽,C0AC60,2018-10-25T02:00:00+08:00,55.0,80,3.1,22.7,0.85,1010.5,-99,0.0,-99,-99,-99,新北市,06,三峽區,057
24.940806,121.361500,三峽,C0AC60,2018-10-25T03:00:00+08:00,55.0,86,1.8,22.3,0.92,1010.3,-99,0.0,-99,-99,-99,新北市,06,三峽區,057
24.940806,121.361500,三峽,C0AC60,2018-10-25T04:00:00+08:00,55.0,89,2.7,22.2,0.93,1010.3,-99,0.0,-99,-99,-99,新北市,06,三峽區,057
24.940806,121.361500,三峽,C0AC60,2018-10-25T05:00:00+08:00,55.0,85,3.0,22.2,0.92,1010.2,-99,0.0,-99,-99,-99,新北市,06,三峽區,057
24.940806,121.361500,三峽,C0AC60,2018-10-25T06:00:00+08:00,55.0,103,1.2,22.0,0.94,1010.9,-99,0.0,8.2,87,2018-10-25T05:07:00+08:00,新北市,06,三峽區,057
24.940806,121.361500,三峽,C0AC60,2018-10-25T07:00:00+08:00,55.0,135,0.4,21.8,0.93,1011.1,-99,0.0,-99,-99,-99,新北市,06,三峽區,057
24.940806,121.361500,三峽,C0AC60,2018-10-25T08:00:00+08:00,55.0,88,1.5,24.4,0.83,1011.4,-99,0.0,-99,-99,-99,新北市,06,三峽區,057
24.940806,121.361500,三峽,C0AC60,2018-10-25T09:00:00+08:00,55.0,77,1.5,26.1,0.69,1011.5,-99,0.0,7.1,98,2018-10-25T08:52:00+08:00,新北市,06,三峽區,057
24.940806,121.361500,三峽,C0AC60,2018-10-25T10:00:00+08:00,55.0,69,1.9,27.3,0.63,1011.5,-99,0.0,-99,-99,-99,新北市,06,三峽區,057
24.940806,121.361500,三峽,C0AC60,2018-10-25T11:00:00+08:00,55.0,50,1.0,28.9,0.58,1010.9,-99,0.0,-99,-99,-99,新北市,06,三峽區,057
24.940806,121.361500,三峽,C0AC60,2018-10-25T12:00:00+08:00,55.0,353,0.5,29.1,0.57,1010.0,-99,0.0,-99,-99,-99,新北市,06,三峽區,057
24.940806,121.361500,三峽,C0AC60,2018-10-25T13:00:00+08:00,55.0,60,1.4,29.2,0.58,1009.2,-99,0.0,-99,-99,-99,新北市,06,三峽區,057
24.940806,121.361500,三峽,C0AC60,2018-10-25T14:00:00+08:00,55.0,98,1.1,29.2,0.59,1008.6,-99,0.0,-99,-99,-99,新北市,06,三峽區,057
24.940806,121.361500,三峽,C0AC60,2018-10-25T15:00:00+08:00,55.0,63,0.6,28.4,0.63,1008.5,-99,0.0,-99,-99,-99,新北市,06,三峽區,057
24.940806,121.361500,三峽,C0AC60,2018-10-25T16:00:00+08:00,55.0,80,0.9,27.4,0.69,1008.8,-99,0.0,-99,-99,-99,新北市,06,三峽區,057
24.940806,121.361500,三峽,C0AC60,2018-10-25T17:00:00+08:00,55.0,79,1.5,26.2,0.76,1009.0,-99,0.0,-99,-99,-99,新北市,06,三峽區,057
24.940806,121.361500,三峽,C0AC60,2018-10-25T18:00:00+08:00,55.0,88,1.3,25.4,0.81,1009.4,-99,0.0,-99,-99,-99,新北市,06,三峽區,057
24.940806,121.361500,三峽,C0AC60,2018-10-25T19:00:00+08:00,55.0,106,0.8,24.7,0.88,1009.9,-99,0.0,-99,-99,-99,新北市,06,三峽區,057
24.940806,121.361500,三峽,C0AC60,2018-10-25T20:00:00+08:00,55.0,90,0.7,23.8,0.96,1010.2,-99,0.0,-99,-99,-99,新北市,06,三峽區,057
24.940806,121.361500,三峽,C0AC60,2018-10-25T21:00:00+08:00,55.0,157,2.0,23.3,0.98,1010.3,-99,0.0,-99,-99,-99,新北市,06,三峽區,057
24.940806,121.361500,三峽,C0AC60,2018-10-25T22:00:00+08:00,55.0,161,1.2,22.9,0.99,1010.4,-99,0.0,-99,-99,-99,新北市,06,三峽區,057
24.940806,121.361500,三峽,C0AC60,2018-10-25T23:00:00+08:00,55.0,164,1.8,22.5,0.99,1010.2,-99,0.0,-99,-99,-99,新北市,06,三峽區,057
24.940806,121.361500,三峽,C0AC60,2018-10-26T00:00:00+08:00,55.0,0,0.1,22.3,0.99,1009.7,-99,0.0,-99,-99,-99,新北市,06,三峽區,057
24.940806,121.361500,三峽,C0AC60,2018-10-26T01:00:00+08:00,55.0,173,0.7,21.9,0.99,1009.5,-99,0.0,-99,-99,-99,新北市,06,三峽區,057
24.940806,121.361500,三峽,C0AC60,2018-10-26T02:00:00+08:00,55.0,188,0.3,21.7,0.99,1009.1,-99,0.0,-99,-99,-99,新北市,06,三峽區,057
24.940806,121.361500,三峽,C0AC60,2018-10-26T03:00:00+08:00,55.0,149,0.9,21.6,0.99,1009.0,-99,0.0,-99,-99,-99,新北市,06,三峽區,057
24.940806,121.361500,三峽,C0AC60,2018-10-26T04:00:00+08:00,55.0,0,0.2,21.5,0.99,1009.2,-99,0.0,-99,-99,-99,新北市,06,三峽區,057
24.940806,121.361500,三峽,C0AC60,2018-10-26T05:00:00+08:00,55.0,159,1.2,21.2,0.99,1009.6,-99,0.0,-99,-99,-99,新北市,06,三峽區,057
24.940806,121.361500,三峽,C0AC60,2018-10-26T06:00:00+08:00,55.0,205,0.5,20.8,0.99,1009.6,-99,0.0,-99,-99,-99,新北市,06,三峽區,057
24.940806,121.361500,三峽,C0AC60,2018-10-26T07:00:00+08:00,55.0,206,0.9,21.3,0.98,1010.3,-99,0.0,-99,-99,-99,新北市,06,三峽區,057
24.940806,121.361500,三峽,C0AC60,2018-10-26T08:00:00+08:00,55.0,0,0.0,23.4,0.89,1010.7,-99,0.0,-99,-99,-99,新北市,06,三峽區,057
24.940806,121.361500,三峽,C0AC60,2018-10-26T09:00:00+08:00,55.0,235,0.5,25.8,0.77,1011.2,-99,0.0,-99,-99,-99,新北市,06,三峽區,057
24.940806,121.361500,三峽,C0AC60,2018-10-26T10:00:00+08:00,55.0,253,1.5,27.1,0.7,1011.0,-99,0.0,-99,-99,-99,新北市,06,三峽區,057
24.940806,121.361500,三峽,C0AC60,2018-10-26T11:00:00+08:00,55.0,250,1.4,28.6,0.61,1010.5,-99,0.0,-99,-99,-99,新北市,06,三峽區,057
24.940806,121.361500,三峽,C0AC60,2018-10-26T12:00:00+08:00,55.0,332,1.1,27.2,0.79,1009.9,-99,0.0,-99,-99,-99,新北市,06,三峽區,057
24.940806,121.361500,三峽,C0AC60,2018-10-26T13:00:00+08:00,55.0,328,1.7,27.8,0.75,1009.1,-99,0.0,-99,-99,-99,新北市,06,三峽區,057
24.940806,121.361500,三峽,C0AC60,2018-10-26T14:00:00+08:00,55.0,329,1.6,28.2,0.7,1008.6,-99,0.0,-99,-99,-99,新北市,06,三峽區,057
24.940806,121.361500,三峽,C0AC60,2018-10-26T15:00:00+08:00,55.0,343,1.9,28.4,0.65,1008.2,-99,0.0,-99,-99,-99,新北市,06,三峽區,057
24.940806,121.361500,三峽,C0AC60,2018-10-26T16:00:00+08:00,55.0,339,1.5,27.7,0.67,1008.4,-99,0.0,-99,-99,-99,新北市,06,三峽區,057
24.940806,121.361500,三峽,C0AC60,2018-10-26T17:00:00+08:00,55.0,352,2.0,25.3,0.79,1009.5,-99,0.0,-99,-99,-99,新北市,06,三峽區,057
24.940806,121.361500,三峽,C0AC60,2018-10-26T18:00:00+08:00,55.0,339,0.7,24.7,0.83,1010.2,-99,0.0,-99,-99,-99,新北市,06,三峽區,057
24.940806,121.361500,三峽,C0AC60,2018-10-26T19:00:00+08:00,55.0,0,0.1,24.6,0.84,1010.5,-99,0.0,-99,-99,-99,新北市,06,三峽區,057
24.940806,121.361500,三峽,C0AC60,2018-10-26T20:00:00+08:00,55.0,90,1.0,24.4,0.85,1011.3,-99,0.0,-99,-99,-99,新北市,06,三峽區,057
24.940806,121.361500,三峽,C0AC60,2018-10-26T21:00:00+08:00,55.0,92,1.1,24.1,0.89,1011.8,-99,0.0,-99,-99,-99,新北市,06,三峽區,057
24.940806,121.361500,三峽,C0AC60,2018-10-26T22:00:00+08:00,55.0,92,1.9,24.1,0.87,1012.0,-99,0.0,-99,-99,-99,新北市,06,三峽區,057
24.940806,121.361500,三峽,C0AC60,2018-10-26T23:00:00+08:00,55.0,96,2.5,23.9,0.89,1012.1,-99,0.0,-99,-99,-99,新北市,06,三峽區,057
24.940806,121.361500,三峽,C0AC60,2018-10-27T00:00:00+08:00,55.0,93,2.1,23.5,0.88,1012.1,-99,0.0,-99,-99,-99,新北市,06,三峽區,057
24.940806,121.361500,三峽,C0AC60,2018-10-27T01:00:00+08:00,55.0,90,1.1,23.4,0.87,1012.0,-99,0.0,-99,-99,-99,新北市,06,三峽區,057
24.940806,121.361500,三峽,C0AC60,2018-10-27T02:00:00+08:00,55.0,95,1.6,23.3,0.83,1012.1,-99,0.0,-99,-99,-99,新北市,06,三峽區,057
24.940806,121.361500,三峽,C0AC60,2018-10-27T03:00:00+08:00,55.0,95,2.5,23.2,0.77,1012.4,-99,0.0,-99,-99,-99,新北市,06,三峽區,057
24.940806,121.361500,三峽,C0AC60,2018-10-27T04:00:00+08:00,55.0,94,1.8,23.0,0.71,1012.6,-99,0.0,7.7,74,2018-10-27T03:11:00+08:00,新北市,06,三峽區,057
24.940806,121.361500,三峽,C0AC60,2018-10-27T05:00:00+08:00,55.0,86,0.9,22.8,0.67,1013.3,-99,0.0,-99,-99,-99,新北市,06,三峽區,057
24.940806,121.361500,三峽,C0AC60,2018-10-27T06:00:00+08:00,55.0,89,1.9,22.7,0.67,1013.8,-99,0.0,-99,-99,-99,新北市,06,三峽區,057
24.940806,121.361500,三峽,C0AC60,2018-10-27T07:00:00+08:00,55.0,91,1.8,22.7,0.63,1014.6,-99,0.0,-99,-99,-99,新北市,06,三峽區,057
24.940806,121.361500,三峽,C0AC60,2018-10-27T08:00:00+08:00,55.0,94,1.6,22.4,0.6,1015.2,-99,0.0,-99,-99,-99,新北市,06,三峽區,057
24.940806,121.361500,三峽,C0AC60,2018-10-27T09:00:00+08:00,55.0,96,1.5,23.2,0.54,1015.8,-99,0.0,6.6,78,2018-10-27T08:02:00+08:00,新北市,06,三峽區,057
24.940806,121.361500,三峽,C0AC60,2018-10-27T10:00:00+08:00,55.0,80,2.5,24.8,0.43,1015.6,-99,0.0,-99,-99,-99,新北市,06,三峽區,057
24.940806,121.361500,三峽,C0AC60,2018-10-27T11:00:00+08:00,55.0,94,1.6,25.0,0.41,1015.1,-99,0.0,-99,-99,-99,新北市,06,三峽區,057
24.940806,121.361500,三峽,C0AC60,2018-10-27T12:00:00+08:00,55.0,92,1.8,25.6,0.35,1014.4,-99,0.0,-99,-99,-99,新北市,06,三峽區,057
24.940806,121.361500,三峽,C0AC60,2018-10-27T13:00:00+08:00,55.0,84,2.3,25.1,0.41,1013.6,-99,0.0,-99,-99,-99,新北市,06,三峽區,057
24.940806,121.361500,三峽,C0AC60,2018-10-27T14:00:00+08:00,55.0,95,2.4,24.5,0.43,1013.1,-99,0.0,-99,-99,-99,新北市,06,三峽區,057
24.940806,121.361500,三峽,C0AC60,2018-10-27T15:00:00+08:00,55.0,93,2.8,24.5,0.43,1013.1,-99,0.0,-99,-99,-99,新北市,06,三峽區,057
24.940806,121.361500,三峽,C0AC60,2018-10-27T16:00:00+08:00,55.0,90,2.4,23.8,0.44,1013.3,-99,0.0,7.7,69,2018-10-27T15:28:00+08:00,新北市,06,三峽區,057
24.940806,121.361500,三峽,C0AC60,2018-10-27T17:00:00+08:00,55.0,92,2.2,21.7,0.48,1013.5,-99,0.0,7.7,90,2018-10-27T16:10:00+08:00,新北市,06,三峽區,057
24.940806,121.361500,三峽,C0AC60,2018-10-27T18:00:00+08:00,55.0,90,1.7,20.8,0.48,1014.2,-99,0.0,7.7,69,2018-10-27T17:14:00+08:00,新北市,06,三峽區,057
24.940806,121.361500,三峽,C0AC60,2018-10-27T19:00:00+08:00,55.0,98,1.3,20.2,0.5,1014.4,-99,0.0,-99,-99,-99,新北市,06,三峽區,057
24.940806,121.361500,三峽,C0AC60,2018-10-27T20:00:00+08:00,55.0,88,1.2,20.0,0.53,1015.0,-99,0.0,-99,-99,-99,新北市,06,三峽區,057
24.940806,121.361500,三峽,C0AC60,2018-10-27T21:00:00+08:00,55.0,91,1.2,19.8,0.54,1014.9,-99,0.0,-99,-99,-99,新北市,06,三峽區,057
24.940806,121.361500,三峽,C0AC60,2018-10-27T22:00:00+08:00,55.0,99,0.4,19.3,0.56,1014.7,-99,0.0,-99,-99,-99,新北市,06,三峽區,057
24.940806,121.361500,三峽,C0AC60,2018-10-27T23:00:00+08:00,55.0,90,0.8,18.8,0.6,1014.1,-99,0.0,-99,-99,-99,新北市,06,三峽區,057
24.940806,121.361500,三峽,C0AC60,2018-10-28T00:00:00+08:00,55.0,92,0.9,18.8,0.62,1013.6,-99,0.0,-99,-99,-99,新北市,06,三峽區,057
24.940806,121.361500,三峽,C0AC60,2018-10-28T01:00:00+08:00,55.0,90,1.0,19.1,0.6,1013.2,-99,0.0,-99,-99,-99,新北市,06,三峽區,057
24.940806,121.361500,三峽,C0AC60,2018-10-28T02:00:00+08:00,55.0,94,0.5,18.5,0.63,1013.0,-99,0.0,-99,-99,-99,新北市,06,三峽區,057
24.940806,121.361500,三峽,C0AC60,2018-10-28T03:00:00+08:00,55.0,94,0.5,18.6,0.6,1012.9,-99,0.0,-99,-99,-99,新北市,06,三峽區,057
24.940806,121.361500,三峽,C0AC60,2018-10-28T04:00:00+08:00,55.0,112,0.5,18.3,0.59,1012.9,-99,0.0,-99,-99,-99,新北市,06,三峽區,057
24.940806,121.361500,三峽,C0AC60,2018-10-28T05:00:00+08:00,55.0,117,0.3,18.1,0.58,1013.1,-99,0.0,-99,-99,-99,新北市,06,三峽區,057
24.940806,121.361500,三峽,C0AC60,2018-10-28T06:00:00+08:00,55.0,142,0.4,18.1,0.55,1013.4,-99,0.0,-99,-99,-99,新北市,06,三峽區,057
24.940806,121.361500,三峽,C0AC60,2018-10-28T07:00:00+08:00,55.0,108,0.4,18.6,0.54,1013.9,-99,0.0,-99,-99,-99,新北市,06,三峽區,057
24.940806,121.361500,三峽,C0AC60,2018-10-28T08:00:00+08:00,55.0,97,1.6,21.0,0.46,1014.1,-99,0.0,-99,-99,-99,新北市,06,三峽區,057
24.940806,121.361500,三峽,C0AC60,2018-10-28T09:00:00+08:00,55.0,91,2.1,21.8,0.43,1014.0,-99,0.0,-99,-99,-99,新北市,06,三峽區,057
24.940806,121.361500,三峽,C0AC60,2018-10-28T10:00:00+08:00,55.0,104,1.7,23.2,0.42,1013.5,-99,0.0,-99,-99,-99,新北市,06,三峽區,057
24.940806,121.361500,三峽,C0AC60,2018-10-28T11:00:00+08:00,55.0,87,1.5,23.7,0.38,1012.7,-99,0.0,8.8,79,2018-10-28T10:54:00+08:00,新北市,06,三峽區,057
24.940806,121.361500,三峽,C0AC60,2018-10-28T12:00:00+08:00,55.0,95,1.1,24.4,0.37,1011.4,-99,0.0,8.2,78,2018-10-28T11:32:00+08:00,新北市,06,三峽區,057
24.940806,121.361500,三峽,C0AC60,2018-10-28T13:00:00+08:00,55.0,66,3.1,24.7,0.33,1010.4,-99,0.0,8.2,74,2018-10-28T12:53:00+08:00,新北市,06,三峽區,057
24.940806,121.361500,三峽,C0AC60,2018-10-28T14:00:00+08:00,55.0,97,2.1,25.2,0.32,1009.7,-99,0.0,-99,-99,-99,新北市,06,三峽區,057
24.940806,121.361500,三峽,C0AC60,2018-10-28T15:00:00+08:00,55.0,90,2.2,25.1,0.33,1009.2,-99,0.0,8.2,88,2018-10-28T14:58:00+08:00,新北市,06,三峽區,057
24.940806,121.361500,三峽,C0AC60,2018-10-28T16:00:00+08:00,55.0,85,1.9,24.2,0.36,1009.2,-99,0.0,8.2,66,2018-10-28T15:46:00+08:00,新北市,06,三峽區,057
24.940806,121.361500,三峽,C0AC60,2018-10-28T17:00:00+08:00,55.0,88,1.9,22.4,0.43,1009.4,-99,0.0,-99,-99,-99,新北市,06,三峽區,057
24.940806,121.361500,三峽,C0AC60,2018-10-28T18:00:00+08:00,55.0,93,1.6,20.7,0.5,1009.5,-99,0.0,-99,-99,-99,新北市,06,三峽區,057
24.940806,121.361500,三峽,C0AC60,2018-10-28T19:00:00+08:00,55.0,91,1.3,20.1,0.52,1010.0,-99,0.0,-99,-99,-99,新北市,06,三峽區,057
24.940806,121.361500,三峽,C0AC60,2018-10-28T20:00:00+08:00,55.0,91,1.1,19.2,0.57,1010.1,-99,0.0,-99,-99,-99,新北市,06,三峽區,057
24.940806,121.361500,三峽,C0AC60,2018-10-28T21:00:00+08:00,55.0,88,1.8,18.8,0.6,1010.4,-99,0.0,-99,-99,-99,新北市,06,三峽區,057
24.940806,121.361500,三峽,C0AC60,2018-10-28T22:00:00+08:00,55.0,96,1.1,18.0,0.62,1010.5,-99,0.0,-99,-99,-99,新北市,06,三峽區,057
24.940806,121.361500,三峽,C0AC60,2018-10-28T23:00:00+08:00,55.0,91,1.6,17.3,0.61,1010.5,-99,0.0,-99,-99,-99,新北市,06,三峽區,057
24.940806,121.361500,三峽,C0AC60,2018-10-29T00:00:00+08:00,55.0,90,1.3,16.8,0.6,1010.1,-99,0.0,-99,-99,-99,新北市,06,三峽區,057
24.940806,121.361500,三峽,C0AC60,2018-10-29T01:00:00+08:00,55.0,146,0.4,16.1,0.61,1010.1,-99,0.0,-99,-99,-99,新北市,06,三峽區,057
24.940806,121.361500,三峽,C0AC60,2018-10-29T02:00:00+08:00,55.0,154,0.4,15.6,0.59,1009.9,-99,0.0,-99,-99,-99,新北市,06,三峽區,057
24.940806,121.361500,三峽,C0AC60,2018-10-29T03:00:00+08:00,55.0,122,0.6,15.9,0.55,1009.6,-99,0.0,-99,-99,-99,新北市,06,三峽區,057
24.940806,121.361500,三峽,C0AC60,2018-10-29T05:00:00+08:00,55.0,0,0.0,16.2,0.59,1009.6,-99,0.0,-99,-99,-99,新北市,06,三峽區,057
24.940806,121.361500,三峽,C0AC60,2018-10-29T06:00:00+08:00,55.0,0,0.0,16.5,0.61,1009.9,-99,0.0,-99,-99,-99,新北市,06,三峽區,057
24.940806,121.361500,三峽,C0AC60,2018-10-29T07:00:00+08:00,55.0,114,0.3,17.9,0.58,1010.3,-99,0.0,-99,-99,-99,新北市,06,三峽區,057
24.940806,121.361500,三峽,C0AC60,2018-10-29T08:00:00+08:00,55.0,89,1.9,21.4,0.45,1010.5,-99,0.0,-99,-99,-99,新北市,06,三峽區,057
24.940806,121.361500,三峽,C0AC60,2018-10-29T09:00:00+08:00,55.0,96,2.8,23.2,0.38,1010.5,-99,0.0,-99,-99,-99,新北市,06,三峽區,057
24.940806,121.361500,三峽,C0AC60,2018-10-29T10:00:00+08:00,55.0,94,2.7,24.3,0.38,1010.3,-99,0.0,-99,-99,-99,新北市,06,三峽區,057
24.940806,121.361500,三峽,C0AC60,2018-10-29T11:00:00+08:00,55.0,71,3.3,24.9,0.34,1009.4,-99,0.0,9.3,101,2018-10-29T10:55:00+08:00,新北市,06,三峽區,057
24.940806,121.361500,三峽,C0AC60,2018-10-29T12:00:00+08:00,55.0,80,2.6,25.8,0.33,1008.5,-99,0.0,10.4,89,2018-10-29T11:36:00+08:00,新北市,06,三峽區,057
24.940806,121.361500,三峽,C0AC60,2018-10-29T13:00:00+08:00,55.0,75,3.9,25.6,0.34,1007.2,-99,0.0,13.7,94,2018-10-29T12:52:00+08:00,新北市,06,三峽區,057
24.940806,121.361500,三峽,C0AC60,2018-10-29T14:00:00+08:00,55.0,69,3.6,26.0,0.34,1006.7,-99,0.0,12.6,81,2018-10-29T14:00:00+08:00,新北市,06,三峽區,057
24.940806,121.361500,三峽,C0AC60,2018-10-29T15:00:00+08:00,55.0,79,3.2,25.7,0.34,1006.9,-99,0.0,12.1,91,2018-10-29T14:11:00+08:00,新北市,06,三峽區,057
24.940806,121.361500,三峽,C0AC60,2018-10-29T16:00:00+08:00,55.0,80,2.9,25.2,0.34,1007.5,-99,0.0,11.0,79,2018-10-29T15:43:00+08:00,新北市,06,三峽區,057
24.940806,121.361500,三峽,C0AC60,2018-10-29T17:00:00+08:00,55.0,93,3.0,23.6,0.38,1008.2,-99,0.0,9.3,83,2018-10-29T16:21:00+08:00,新北市,06,三峽區,057
24.940806,121.361500,三峽,C0AC60,2018-10-29T18:00:00+08:00,55.0,90,2.5,22.5,0.42,1008.6,-99,0.0,8.2,68,2018-10-29T17:11:00+08:00,新北市,06,三峽區,057
24.940806,121.361500,三峽,C0AC60,2018-10-29T19:00:00+08:00,55.0,91,2.6,22.0,0.43,1009.4,-99,0.0,8.8,79,2018-10-29T18:02:00+08:00,新北市,06,三峽區,057
24.940806,121.361500,三峽,C0AC60,2018-10-29T20:00:00+08:00,55.0,95,1.9,21.4,0.47,1009.9,-99,0.0,8.8,65,2018-10-29T19:02:00+08:00,新北市,06,三峽區,057
24.940806,121.361500,三峽,C0AC60,2018-10-29T21:00:00+08:00,55.0,92,2.0,21.2,0.47,1009.6,-99,0.0,8.8,77,2018-10-29T20:37:00+08:00,新北市,06,三峽區,057
24.940806,121.361500,三峽,C0AC60,2018-10-29T22:00:00+08:00,55.0,84,2.4,20.7,0.52,1009.4,-99,0.0,9.3,77,2018-10-29T21:21:00+08:00,新北市,06,三峽區,057
24.940806,121.361500,三峽,C0AC60,2018-10-29T23:00:00+08:00,55.0,75,2.5,20.4,0.56,1009.5,-99,0.0,7.7,94,2018-10-29T22:54:00+08:00,新北市,06,三峽區,057
24.940806,121.361500,三峽,C0AC60,2018-10-30T00:00:00+08:00,55.0,81,2.9,20.2,0.58,1009.2,-99,0.0,-99,-99,-99,新北市,06,三峽區,057
24.940806,121.361500,三峽,C0AC60,2018-10-30T01:00:00+08:00,55.0,79,3.2,20.0,0.61,1009.0,-99,0.0,8.8,71,2018-10-30T00:43:00+08:00,新北市,06,三峽區,057
24.940806,121.361500,三峽,C0AC60,2018-10-30T02:00:00+08:00,55.0,84,2.3,20.1,0.64,1008.7,-99,0.0,10.4,75,2018-10-30T01:19:00+08:00,新北市,06,三峽區,057
24.940806,121.361500,三峽,C0AC60,2018-10-30T03:00:00+08:00,55.0,96,3.2,20.7,0.63,1008.4,-99,0.0,-99,-99,-99,新北市,06,三峽區,057
24.940806,121.361500,三峽,C0AC60,2018-10-30T04:00:00+08:00,55.0,92,2.6,20.9,0.62,1008.3,-99,0.0,8.8,63,2018-10-30T03:22:00+08:00,新北市,06,三峽區,057
24.940806,121.361500,三峽,C0AC60,2018-10-30T05:00:00+08:00,55.0,95,3.3,21.2,0.63,1008.2,-99,0.0,9.9,66,2018-10-30T04:48:00+08:00,新北市,06,三峽區,057
24.940806,121.361500,三峽,C0AC60,2018-10-30T06:00:00+08:00,55.0,85,2.8,21.2,0.65,1008.7,-99,0.0,9.9,64,2018-10-30T05:17:00+08:00,新北市,06,三峽區,057
24.940806,121.361500,三峽,C0AC60,2018-10-30T07:00:00+08:00,55.0,90,3.0,21.2,0.66,1009.4,-99,0.0,9.3,30,2018-10-30T06:04:00+08:00,新北市,06,三峽區,057
24.940806,121.361500,三峽,C0AC60,2018-10-30T08:00:00+08:00,55.0,88,2.6,22.7,0.62,1009.6,-99,0.0,8.8,72,2018-10-30T07:27:00+08:00,新北市,06,三峽區,057
24.940806,121.361500,三峽,C0AC60,2018-10-30T09:00:00+08:00,55.0,87,2.4,23.8,0.54,1009.6,-99,0.0,9.3,54,2018-10-30T08:05:00+08:00,新北市,06,三峽區,057
24.940806,121.361500,三峽,C0AC60,2018-10-30T10:00:00+08:00,55.0,86,3.0,24.7,0.49,1009.7,-99,0.0,12.6,88,2018-10-30T09:43:00+08:00,新北市,06,三峽區,057
24.940806,121.361500,三峽,C0AC60,2018-10-30T11:00:00+08:00,55.0,94,3.2,24.0,0.51,1009.6,-99,0.0,9.9,76,2018-10-30T10:02:00+08:00,新北市,06,三峽區,057
24.940806,121.361500,三峽,C0AC60,2018-10-30T12:00:00+08:00,55.0,97,2.9,24.5,0.5,1008.9,-99,0.0,9.3,80,2018-10-30T11:11:00+08:00,新北市,06,三峽區,057
24.940806,121.361500,三峽,C0AC60,2018-10-30T13:00:00+08:00,55.0,89,4.1,26.1,0.47,1008.0,-99,0.0,11.0,83,2018-10-30T12:36:00+08:00,新北市,06,三峽區,057
24.940806,121.361500,三峽,C0AC60,2018-10-30T14:00:00+08:00,55.0,96,3.1,25.6,0.51,1007.8,-99,0.0,8.8,59,2018-10-30T13:03:00+08:00,新北市,06,三峽區,057
24.940806,121.361500,三峽,C0AC60,2018-10-30T15:00:00+08:00,55.0,89,4.0,25.2,0.54,1007.9,-99,0.0,9.9,82,2018-10-30T14:58:00+08:00,新北市,06,三峽區,057
24.940806,121.361500,三峽,C0AC60,2018-10-30T16:00:00+08:00,55.0,84,3.4,25.0,0.56,1008.3,-99,0.0,9.9,78,2018-10-30T15:46:00+08:00,新北市,06,三峽區,057
24.940806,121.361500,三峽,C0AC60,2018-10-30T17:00:00+08:00,55.0,86,2.1,23.9,0.61,1008.9,-99,0.0,9.3,82,2018-10-30T16:39:00+08:00,新北市,06,三峽區,057
24.940806,121.361500,三峽,C0AC60,2018-10-30T18:00:00+08:00,55.0,78,3.5,23.2,0.68,1009.4,-99,0.0,12.1,79,2018-10-30T17:30:00+08:00,新北市,06,三峽區,057
24.940806,121.361500,三峽,C0AC60,2018-10-30T19:00:00+08:00,55.0,78,2.6,22.9,0.73,1010.2,-99,0.0,12.1,89,2018-10-30T18:03:00+08:00,新北市,06,三峽區,057
24.940806,121.361500,三峽,C0AC60,2018-10-30T20:00:00+08:00,55.0,86,2.1,22.6,0.76,1010.5,-99,0.0,9.9,85,2018-10-30T19:05:00+08:00,新北市,06,三峽區,057
24.940806,121.361500,三峽,C0AC60,2018-10-30T21:00:00+08:00,55.0,83,2.9,22.2,0.83,1010.8,-99,0.0,-99,-99,-99,新北市,06,三峽區,057
24.940806,121.361500,三峽,C0AC60,2018-10-30T22:00:00+08:00,55.0,71,2.6,20.6,0.99,1010.7,-99,0.0,9.3,93,2018-10-30T21:14:00+08:00,新北市,06,三峽區,057
24.940806,121.361500,三峽,C0AC60,2018-10-30T23:00:00+08:00,55.0,91,2.5,20.2,0.99,1010.3,-99,0.5,9.9,103,2018-10-30T23:00:00+08:00,新北市,06,三峽區,057
24.940806,121.361500,三峽,C0AC60,2018-10-31T00:00:00+08:00,55.0,79,2.9,20.1,0.99,1010.3,-99,0.5,-99,-99,-99,新北市,06,三峽區,057
24.940806,121.361500,三峽,C0AC60,2018-10-31T01:00:00+08:00,55.0,89,2.5,20.6,0.99,1009.5,-99,0.5,7.7,52,2018-10-31T00:12:00+08:00,新北市,06,三峽區,057
24.940806,121.361500,三峽,C0AC60,2018-10-31T02:00:00+08:00,55.0,88,2.2,21.2,0.92,1009.5,-99,0.5,8.2,62,2018-10-31T01:03:00+08:00,新北市,06,三峽區,057
24.940806,121.361500,三峽,C0AC60,2018-10-31T03:00:00+08:00,55.0,90,2.0,21.4,0.9,1009.7,-99,0.5,-99,-99,-99,新北市,06,三峽區,057
24.940806,121.361500,三峽,C0AC60,2018-10-31T04:00:00+08:00,55.0,73,4.0,21.2,0.93,1009.9,-99,0.5,-99,-99,-99,新北市,06,三峽區,057
24.940806,121.361500,三峽,C0AC60,2018-10-31T05:00:00+08:00,55.0,88,1.7,20.0,0.95,1010.4,-99,0.5,9.9,68,2018-10-31T04:02:00+08:00,新北市,06,三峽區,057
24.940806,121.361500,三峽,C0AC60,2018-10-31T06:00:00+08:00,55.0,94,2.3,20.2,0.94,1011.2,-99,0.5,7.7,55,2018-10-31T05:03:00+08:00,新北市,06,三峽區,057
24.940806,121.361500,三峽,C0AC60,2018-10-31T07:00:00+08:00,55.0,96,1.5,19.8,0.99,1011.5,-99,1.0,-99,-99,-99,新北市,06,三峽區,057
24.940806,121.361500,三峽,C0AC60,2018-10-31T08:00:00+08:00,55.0,91,2.2,19.9,0.99,1012.1,-99,2.0,-99,-99,-99,新北市,06,三峽區,057
24.940806,121.361500,三峽,C0AC60,2018-10-31T09:00:00+08:00,55.0,80,2.7,20.5,0.92,1012.1,-99,2.5,9.9,104,2018-10-31T08:02:00+08:00,新北市,06,三峽區,057
24.940806,121.361500,三峽,C0AC60,2018-10-31T14:00:00+08:00,55.0,90,2.3,19.6,0.95,1011.4,-99,2.5,9.9,69,2018-10-31T13:17:00+08:00,新北市,06,三峽區,057
24.940806,121.361500,三峽,C0AC60,2018-10-31T15:00:00+08:00,55.0,95,1.7,19.2,0.97,1012.1,-99,2.5,7.7,99,2018-10-31T14:05:00+08:00,新北市,06,三峽區,057
24.940806,121.361500,三峽,C0AC60,2018-10-31T16:00:00+08:00,55.0,92,1.3,18.8,0.99,1013.0,-99,3.5,-99,-99,-99,新北市,06,三峽區,057
24.940806,121.361500,三峽,C0AC60,2018-10-31T17:00:00+08:00,55.0,85,0.9,18.7,0.99,1013.8,-99,5.0,-99,-99,-99,新北市,06,三峽區,057
24.940806,121.361500,三峽,C0AC60,2018-10-31T18:00:00+08:00,55.0,92,2.4,18.4,0.99,1014.2,-99,6.0,-99,-99,-99,新北市,06,三峽區,057
24.940806,121.361500,三峽,C0AC60,2018-10-31T19:00:00+08:00,55.0,91,1.7,18.5,0.98,1014.1,-99,6.0,-99,-99,-99,新北市,06,三峽區,057
24.940806,121.361500,三峽,C0AC60,2018-10-31T20:00:00+08:00,55.0,89,1.7,18.1,0.99,1014.3,-99,6.0,7.7,87,2018-10-31T19:38:00+08:00,新北市,06,三峽區,057
24.940806,121.361500,三峽,C0AC60,2018-10-31T21:00:00+08:00,55.0,95,2.8,18.0,0.99,1014.0,-99,6.0,-99,-99,-99,新北市,06,三峽區,057
24.940806,121.361500,三峽,C0AC60,2018-10-31T22:00:00+08:00,55.0,96,2.8,18.9,0.91,1013.2,-99,6.0,-99,-99,-99,新北市,06,三峽區,057
24.940806,121.361500,三峽,C0AC60,2018-10-31T23:00:00+08:00,55.0,79,2.5,19.0,0.93,1013.1,-99,6.0,8.2,85,2018-10-31T22:15:00+08:00,新北市,06,三峽區,057
