24.940806,121.361500,三峽,C0AC60,2018-04-01T00:00:00+08:00,55.0,82,2.9,22.2,0.63,1007.7,-99,0.0,-99,-99,-99,新北市,06,三峽區,057
24.940806,121.361500,三峽,C0AC60,2018-04-01T01:00:00+08:00,55.0,81,2.9,22.0,0.59,1007.4,-99,0.0,-99,-99,-99,新北市,06,三峽區,057
24.940806,121.361500,三峽,C0AC60,2018-04-01T02:00:00+08:00,55.0,84,3.0,21.8,0.58,1007.2,-99,0.0,-99,-99,-99,新北市,06,三峽區,057
24.940806,121.361500,三峽,C0AC60,2018-04-01T03:00:00+08:00,55.0,85,2.8,21.7,0.58,1006.6,-99,0.0,-99,-99,-99,新北市,06,三峽區,057
24.940806,121.361500,三峽,C0AC60,2018-04-01T04:00:00+08:00,55.0,167,0.8,19.3,0.71,1006.3,-99,0.0,-99,-99,-99,新北市,06,三峽區,057
24.940806,121.361500,三峽,C0AC60,2018-04-01T05:00:00+08:00,55.0,157,1.4,18.8,0.72,1006.5,-99,0.0,-99,-99,-99,新北市,06,三峽區,057
24.940806,121.361500,三峽,C0AC60,2018-04-01T06:00:00+08:00,55.0,143,1.4,18.4,0.74,1006.7,-99,0.0,-99,-99,-99,新北市,06,三峽區,057
24.940806,121.361500,三峽,C0AC60,2018-04-01T07:00:00+08:00,55.0,152,0.3,19.2,0.71,1007.3,-99,0.0,-99,-99,-99,新北市,06,三峽區,057
24.940806,121.361500,三峽,C0AC60,2018-04-01T08:00:00+08:00,55.0,0,0.1,21.9,0.62,1007.5,-99,0.0,-99,-99,-99,新北市,06,三峽區,057
24.940806,121.361500,三峽,C0AC60,2018-04-01T09:00:00+08:00,55.0,0,0.0,24.5,0.51,1008.1,-99,0.0,-99,-99,-99,新北市,06,三峽區,057
24.940806,121.361500,三峽,C0AC60,2018-04-01T10:00:00+08:00,55.0,247,0.5,25.6,0.49,1008.7,-99,0.0,-99,-99,-99,新北市,06,三峽區,057
24.940806,121.361500,三峽,C0AC60,2018-04-01T11:00:00+08:00,55.0,144,0.5,27.2,0.45,1008.4,-99,0.0,-99,-99,-99,新北市,06,三峽區,057
24.940806,121.361500,三峽,C0AC60,2018-04-01T12:00:00+08:00,55.0,30,1.3,28.2,0.44,1007.8,-99,0.0,-99,-99,-99,新北市,06,三峽區,057
24.940806,121.361500,三峽,C0AC60,2018-04-01T13:00:00+08:00,55.0,102,0.6,29.7,0.4,1006.8,-99,0.0,-99,-99,-99,新北市,06,三峽區,057
24.940806,121.361500,三峽,C0AC60,2018-04-01T14:00:00+08:00,55.0,317,1.9,29.2,0.42,1005.7,-99,0.0,-99,-99,-99,新北市,06,三峽區,057
24.940806,121.361500,三峽,C0AC60,2018-04-01T15:00:00+08:00,55.0,331,2.0,28.4,0.45,1005.2,-99,0.0,-99,-99,-99,新北市,06,三峽區,057
24.940806,121.361500,三峽,C0AC60,2018-04-01T16:00:00+08:00,55.0,336,1.8,28.0,0.46,1005.0,-99,0.0,-99,-99,-99,新北市,06,三峽區,057
24.940806,121.361500,三峽,C0AC60,2018-04-01T17:00:00+08:00,55.0,304,1.0,27.4,0.48,1005.3,-99,0.0,-99,-99,-99,新北市,06,三峽區,057
24.940806,121.361500,三峽,C0AC60,2018-04-01T18:00:00+08:00,55.0,360,0.9,26.3,0.54,1005.5,-99,0.0,-99,-99,-99,新北市,06,三峽區,057
24.940806,121.361500,三峽,C0AC60,2018-04-01T19:00:00+08:00,55.0,95,1.3,24.7,0.6,1006.0,-99,0.0,-99,-99,-99,新北市,06,三峽區,057
24.940806,121.361500,三峽,C0AC60,2018-04-01T20:00:00+08:00,55.0,94,1.2,24.2,0.54,1006.9,-99,0.0,-99,-99,-99,新北市,06,三峽區,057
24.940806,121.361500,三峽,C0AC60,2018-04-01T21:00:00+08:00,55.0,88,0.5,23.3,0.6,1007.4,-99,0.0,-99,-99,-99,新北市,06,三峽區,057
24.940806,121.361500,三峽,C0AC60,2018-04-01T22:00:00+08:00,55.0,93,0.3,21.4,0.74,1007.4,-99,0.0,-99,-99,-99,新北市,06,三峽區,057
24.940806,121.361500,三峽,C0AC60,2018-04-01T23:00:00+08:00,55.0,143,1.1,20.7,0.78,1007.2,-99,0.0,-99,-99,-99,新北市,06,三峽區,057
24.940806,121.361500,三峽,C0AC60,2018-04-02T00:00:00+08:00,55.0,160,2.0,20.3,0.75,1007.1,-99,0.0,-99,-99,-99,新北市,06,三峽區,057
24.940806,121.361500,三峽,C0AC60,2018-04-02T01:00:00+08:00,55.0,156,2.9,19.2,0.79,1007.0,-99,0.0,-99,-99,-99,新北市,06,三峽區,057
24.940806,121.361500,三峽,C0AC60,2018-04-02T02:00:00+08:00,55.0,185,0.8,18.8,0.79,1006.7,-99,0.0,-99,-99,-99,新北市,06,三峽區,057
24.940806,121.361500,三峽,C0AC60,2018-04-02T03:00:00+08:00,55.0,195,0.7,18.4,0.83,1006.3,-99,0.0,-99,-99,-99,新北市,06,三峽區,057
24.940806,121.361500,三峽,C0AC60,2018-04-02T04:00:00+08:00,55.0,154,2.0,18.3,0.84,1006.5,-99,0.0,-99,-99,-99,新北市,06,三峽區,057
24.940806,121.361500,三峽,C0AC60,2018-04-02T05:00:00+08:00,55.0,197,0.3,18.5,0.86,1006.8,-99,0.0,-99,-99,-99,新北市,06,三峽區,057
24.940806,121.361500,三峽,C0AC60,2018-04-02T06:00:00+08:00,55.0,159,1.2,18.0,0.93,1007.3,-99,0.0,-99,-99,-99,新北市,06,三峽區,057
24.940806,121.361500,三峽,C0AC60,2018-04-02T07:00:00+08:00,55.0,148,1.3,18.7,0.9,1007.6,-99,0.0,-99,-99,-99,新北市,06,三峽區,057
24.940806,121.361500,三峽,C0AC60,2018-04-02T08:00:00+08:00,55.0,86,0.9,21.4,0.72,1008.0,-99,0.0,-99,-99,-99,新北市,06,三峽區,057
24.940806,121.361500,三峽,C0AC60,2018-04-02T09:00:00+08:00,55.0,0,0.2,24.3,0.61,1008.1,-99,0.0,-99,-99,-99,新北市,06,三峽區,057
24.940806,121.361500,三峽,C0AC60,2018-04-02T10:00:00+08:00,55.0,31,1.2,25.7,0.58,1008.1,-99,0.0,-99,-99,-99,新北市,06,三峽區,057
24.940806,121.361500,三峽,C0AC60,2018-04-02T11:00:00+08:00,55.0,300,1.6,27.3,0.54,1007.7,-99,0.0,-99,-99,-99,新北市,06,三峽區,057
24.940806,121.361500,三峽,C0AC60,2018-04-02T12:00:00+08:00,55.0,239,0.9,28.7,0.49,1007.1,-99,0.0,-99,-99,-99,新北市,06,三峽區,057
24.940806,121.361500,三峽,C0AC60,2018-04-02T13:00:00+08:00,55.0,325,0.9,28.6,0.55,1006.3,-99,0.0,-99,-99,-99,新北市,06,三峽區,057
24.940806,121.361500,三峽,C0AC60,2018-04-02T14:00:00+08:00,55.0,345,1.5,27.1,0.66,1005.7,-99,0.0,-99,-99,-99,新北市,06,三峽區,057
24.940806,121.361500,三峽,C0AC60,2018-04-02T15:00:00+08:00,55.0,348,1.6,26.8,0.65,1005.5,-99,0.0,-99,-99,-99,新北市,06,三峽區,057
24.940806,121.361500,三峽,C0AC60,2018-04-02T16:00:00+08:00,55.0,338,1.7,26.7,0.63,1005.6,-99,0.0,-99,-99,-99,新北市,06,三峽區,057
24.940806,121.361500,三峽,C0AC60,2018-04-02T17:00:00+08:00,55.0,299,0.8,26.2,0.68,1006.1,-99,0.0,-99,-99,-99,新北市,06,三峽區,057
24.940806,121.361500,三峽,C0AC60,2018-04-02T18:00:00+08:00,55.0,0,0.2,25.7,0.69,1006.4,-99,0.0,-99,-99,-99,新北市,06,三峽區,057
24.940806,121.361500,三峽,C0AC60,2018-04-02T19:00:00+08:00,55.0,92,1.0,25.0,0.75,1006.8,-99,0.0,-99,-99,-99,新北市,06,三峽區,057
24.940806,121.361500,三峽,C0AC60,2018-04-02T20:00:00+08:00,55.0,87,1.2,23.8,0.82,1007.4,-99,0.0,-99,-99,-99,新北市,06,三峽區,057
24.940806,121.361500,三峽,C0AC60,2018-04-02T21:00:00+08:00,55.0,91,0.9,22.7,0.9,1007.8,-99,0.0,-99,-99,-99,新北市,06,三峽區,057
24.940806,121.361500,三峽,C0AC60,2018-04-02T22:00:00+08:00,55.0,160,0.9,22.0,0.94,1008.1,-99,0.0,-99,-99,-99,新北市,06,三峽區,057
24.940806,121.361500,三峽,C0AC60,2018-04-02T23:00:00+08:00,55.0,159,1.7,21.4,0.96,1008.5,-99,0.0,-99,-99,-99,新北市,06,三峽區,057
24.940806,121.361500,三峽,C0AC60,2018-04-03T00:00:00+08:00,55.0,159,1.6,21.1,0.96,1008.3,-99,0.0,-99,-99,-99,新北市,06,三峽區,057
24.940806,121.361500,三峽,C0AC60,2018-04-03T01:00:00+08:00,55.0,153,0.6,21.3,0.94,1007.9,-99,0.0,-99,-99,-99,新北市,06,三峽區,057
24.940806,121.361500,三峽,C0AC60,2018-04-03T02:00:00+08:00,55.0,189,0.6,20.9,0.96,1007.4,-99,0.0,-99,-99,-99,新北市,06,三峽區,057
24.940806,121.361500,三峽,C0AC60,2018-04-03T03:00:00+08:00,55.0,200,1.2,20.1,0.98,1007.2,-99,0.0,-99,-99,-99,新北市,06,三峽區,057
24.940806,121.361500,三峽,C0AC60,2018-04-03T04:00:00+08:00,55.0,159,1.1,19.6,0.99,1007.0,-99,0.0,-99,-99,-99,新北市,06,三峽區,057
24.940806,121.361500,三峽,C0AC60,2018-04-03T05:00:00+08:00,55.0,152,0.8,19.4,0.98,1007.3,-99,0.0,-99,-99,-99,新北市,06,三峽區,057
24.940806,121.361500,三峽,C0AC60,2018-04-03T06:00:00+08:00,55.0,164,1.3,19.5,0.97,1007.9,-99,0.0,-99,-99,-99,新北市,06,三峽區,057
24.940806,121.361500,三峽,C0AC60,2018-04-03T07:00:00+08:00,55.0,160,0.6,19.9,0.95,1008.6,-99,0.0,-99,-99,-99,新北市,06,三峽區,057
24.940806,121.361500,三峽,C0AC60,2018-04-03T08:00:00+08:00,55.0,318,1.2,21.9,0.91,1008.8,-99,0.0,-99,-99,-99,新北市,06,三峽區,057
24.940806,121.361500,三峽,C0AC60,2018-04-03T09:00:00+08:00,55.0,0,0.0,23.7,0.78,1009.0,-99,0.0,-99,-99,-99,新北市,06,三峽區,057
24.940806,121.361500,三峽,C0AC60,2018-04-03T10:00:00+08:00,55.0,342,0.3,25.7,0.68,1008.8,-99,0.0,-99,-99,-99,新北市,06,三峽區,057
24.940806,121.361500,三峽,C0AC60,2018-04-03T11:00:00+08:00,55.0,0,0.0,27.6,0.59,1008.5,-99,0.0,-99,-99,-99,新北市,06,三峽區,057
24.940806,121.361500,三峽,C0AC60,2018-04-03T12:00:00+08:00,55.0,342,2.0,26.8,0.69,1008.3,-99,0.0,-99,-99,-99,新北市,06,三峽區,057
24.940806,121.361500,三峽,C0AC60,2018-04-03T13:00:00+08:00,55.0,340,2.3,25.9,0.78,1008.0,-99,0.0,-99,-99,-99,新北市,06,三峽區,057
24.940806,121.361500,三峽,C0AC60,2018-04-03T14:00:00+08:00,55.0,339,1.7,26.2,0.7,1007.4,-99,0.0,-99,-99,-99,新北市,06,三峽區,057
24.940806,121.361500,三峽,C0AC60,2018-04-03T15:00:00+08:00,55.0,309,2.2,26.1,0.63,1007.4,-99,0.0,-99,-99,-99,新北市,06,三峽區,057
24.940806,121.361500,三峽,C0AC60,2018-04-03T16:00:00+08:00,55.0,339,1.2,26.2,0.63,1007.3,-99,0.0,-99,-99,-99,新北市,06,三峽區,057
24.940806,121.361500,三峽,C0AC60,2018-04-03T17:00:00+08:00,55.0,350,1.4,25.8,0.64,1007.4,-99,0.0,-99,-99,-99,新北市,06,三峽區,057
24.940806,121.361500,三峽,C0AC60,2018-04-03T18:00:00+08:00,55.0,90,1.1,24.6,0.79,1007.6,-99,0.0,-99,-99,-99,新北市,06,三峽區,057
24.940806,121.361500,三峽,C0AC60,2018-04-03T19:00:00+08:00,55.0,87,1.4,23.8,0.88,1007.5,-99,0.0,-99,-99,-99,新北市,06,三峽區,057
24.940806,121.361500,三峽,C0AC60,2018-04-03T20:00:00+08:00,55.0,88,0.9,23.0,0.96,1007.8,-99,0.0,-99,-99,-99,新北市,06,三峽區,057
24.940806,121.361500,三峽,C0AC60,2018-04-03T21:00:00+08:00,55.0,0,0.1,22.5,0.97,1008.4,-99,0.0,-99,-99,-99,新北市,06,三峽區,057
24.940806,121.361500,三峽,C0AC60,2018-04-03T22:00:00+08:00,55.0,204,0.7,21.3,1,1008.9,-99,0.0,-99,-99,-99,新北市,06,三峽區,057
24.940806,121.361500,三峽,C0AC60,2018-04-03T23:00:00+08:00,55.0,167,1.4,20.9,0.99,1009.0,-99,0.0,-99,-99,-99,新北市,06,三峽區,057
24.940806,121.361500,三峽,C0AC60,2018-04-04T00:00:00+08:00,55.0,178,0.8,20.4,0.99,1008.4,-99,0.0,-99,-99,-99,新北市,06,三峽區,057
24.940806,121.361500,三峽,C0AC60,2018-04-04T01:00:00+08:00,55.0,154,0.3,20.1,0.99,1008.0,-99,0.0,-99,-99,-99,新北市,06,三峽區,057
24.940806,121.361500,三峽,C0AC60,2018-04-04T02:00:00+08:00,55.0,219,0.4,19.6,0.99,1007.4,-99,0.0,-99,-99,-99,新北市,06,三峽區,057
24.940806,121.361500,三峽,C0AC60,2018-04-04T03:00:00+08:00,55.0,170,0.8,19.5,0.99,1006.9,-99,0.0,-99,-99,-99,新北市,06,三峽區,057
24.940806,121.361500,三峽,C0AC60,2018-04-04T04:00:00+08:00,55.0,209,1.0,19.4,0.99,1006.7,-99,0.0,-99,-99,-99,新北市,06,三峽區,057
24.940806,121.361500,三峽,C0AC60,2018-04-04T05:00:00+08:00,55.0,0,0.2,19.5,0.99,1007.1,-99,0.0,-99,-99,-99,新北市,06,三峽區,057
24.940806,121.361500,三峽,C0AC60,2018-04-04T06:00:00+08:00,55.0,157,0.4,19.3,0.99,1007.4,-99,0.0,-99,-99,-99,新北市,06,三峽區,057
24.940806,121.361500,三峽,C0AC60,2018-04-04T07:00:00+08:00,55.0,0,0.1,19.9,0.98,1008.1,-99,0.0,-99,-99,-99,新北市,06,三峽區,057
24.940806,121.361500,三峽,C0AC60,2018-04-04T08:00:00+08:00,55.0,0,0.0,22.3,0.9,1008.6,-99,0.0,-99,-99,-99,新北市,06,三峽區,057
24.940806,121.361500,三峽,C0AC60,2018-04-04T09:00:00+08:00,55.0,0,0.2,23.8,0.77,1009.1,-99,0.0,-99,-99,-99,新北市,06,三峽區,057
24.940806,121.361500,三峽,C0AC60,2018-04-04T10:00:00+08:00,55.0,307,1.4,25.4,0.68,1008.7,-99,0.0,-99,-99,-99,新北市,06,三峽區,057
24.940806,121.361500,三峽,C0AC60,2018-04-04T11:00:00+08:00,55.0,291,0.7,27.1,0.59,1008.4,-99,0.0,-99,-99,-99,新北市,06,三峽區,057
24.940806,121.361500,三峽,C0AC60,2018-04-04T12:00:00+08:00,55.0,275,0.9,27.8,0.56,1007.7,-99,0.0,-99,-99,-99,新北市,06,三峽區,057
24.940806,121.361500,三峽,C0AC60,2018-04-04T13:00:00+08:00,55.0,319,1.4,27.8,0.57,1007.0,-99,0.0,-99,-99,-99,新北市,06,三峽區,057
24.940806,121.361500,三峽,C0AC60,2018-04-04T14:00:00+08:00,55.0,319,1.0,27.6,0.59,1006.5,-99,0.0,-99,-99,-99,新北市,06,三峽區,057
24.940806,121.361500,三峽,C0AC60,2018-04-04T15:00:00+08:00,55.0,323,0.7,28.0,0.59,1005.8,-99,0.0,-99,-99,-99,新北市,06,三峽區,057
24.940806,121.361500,三峽,C0AC60,2018-04-04T16:00:00+08:00,55.0,332,1.0,27.7,0.61,1005.4,-99,0.0,-99,-99,-99,新北市,06,三峽區,057
24.940806,121.361500,三峽,C0AC60,2018-04-04T17:00:00+08:00,55.0,341,0.7,26.9,0.66,1005.7,-99,0.0,-99,-99,-99,新北市,06,三峽區,057
24.940806,121.361500,三峽,C0AC60,2018-04-04T18:00:00+08:00,55.0,349,1.1,25.4,0.7,1006.2,-99,0.0,-99,-99,-99,新北市,06,三峽區,057
24.940806,121.361500,三峽,C0AC60,2018-04-04T19:00:00+08:00,55.0,327,0.3,24.6,0.77,1006.8,-99,0.0,-99,-99,-99,新北市,06,三峽區,057
24.940806,121.361500,三峽,C0AC60,2018-04-04T20:00:00+08:00,55.0,0,0.0,24.4,0.81,1007.2,-99,0.0,-99,-99,-99,新北市,06,三峽區,057
24.940806,121.361500,三峽,C0AC60,2018-04-04T21:00:00+08:00,55.0,210,1.5,23.5,0.86,1007.5,-99,0.0,-99,-99,-99,新北市,06,三峽區,057
24.940806,121.361500,三峽,C0AC60,2018-04-04T22:00:00+08:00,55.0,154,0.6,23.3,0.89,1007.9,-99,0.0,-99,-99,-99,新北市,06,三峽區,057
24.940806,121.361500,三峽,C0AC60,2018-04-04T23:00:00+08:00,55.0,0,0.0,22.9,0.94,1007.6,-99,0.0,-99,-99,-99,新北市,06,三峽區,057
24.940806,121.361500,三峽,C0AC60,2018-04-05T00:00:00+08:00,55.0,0,0.0,22.9,0.93,1007.2,-99,0.0,-99,-99,-99,新北市,06,三峽區,057
24.940806,121.361500,三峽,C0AC60,2018-04-05T01:00:00+08:00,55.0,0,0.1,22.4,0.96,1006.7,-99,0.0,-99,-99,-99,新北市,06,三峽區,057
24.940806,121.361500,三峽,C0AC60,2018-04-05T02:00:00+08:00,55.0,195,0.9,21.7,0.98,1006.5,-99,0.0,-99,-99,-99,新北市,06,三峽區,057
24.940806,121.361500,三峽,C0AC60,2018-04-05T03:00:00+08:00,55.0,203,1.4,20.9,0.99,1006.3,-99,0.0,-99,-99,-99,新北市,06,三峽區,057
24.940806,121.361500,三峽,C0AC60,2018-04-05T04:00:00+08:00,55.0,212,0.7,20.5,0.99,1006.2,-99,0.0,-99,-99,-99,新北市,06,三峽區,057
24.940806,121.361500,三峽,C0AC60,2018-04-05T05:00:00+08:00,55.0,0,0.2,20.3,0.99,1006.8,-99,0.0,-99,-99,-99,新北市,06,三峽區,057
24.940806,121.361500,三峽,C0AC60,2018-04-05T06:00:00+08:00,55.0,187,1.0,20.0,0.99,1007.1,-99,0.0,-99,-99,-99,新北市,06,三峽區,057
24.940806,121.361500,三峽,C0AC60,2018-04-05T07:00:00+08:00,55.0,203,1.3,20.4,0.97,1006.9,-99,0.0,-99,-99,-99,新北市,06,三峽區,057
24.940806,121.361500,三峽,C0AC60,2018-04-05T08:00:00+08:00,55.0,0,0.0,23.2,0.87,1007.1,-99,0.0,-99,-99,-99,新北市,06,三峽區,057
24.940806,121.361500,三峽,C0AC60,2018-04-05T09:00:00+08:00,55.0,0,0.2,24.3,0.77,1007.1,-99,0.0,-99,-99,-99,新北市,06,三峽區,057
24.940806,121.361500,三峽,C0AC60,2018-04-05T10:00:00+08:00,55.0,238,1.8,26.3,0.67,1007.1,-99,0.0,-99,-99,-99,新北市,06,三峽區,057
24.940806,121.361500,三峽,C0AC60,2018-04-05T11:00:00+08:00,55.0,339,0.9,26.7,0.69,1006.5,-99,0.0,-99,-99,-99,新北市,06,三峽區,057
24.940806,121.361500,三峽,C0AC60,2018-04-05T12:00:00+08:00,55.0,331,2.2,26.6,0.73,1006.1,-99,0.0,-99,-99,-99,新北市,06,三峽區,057
24.940806,121.361500,三峽,C0AC60,2018-04-05T13:00:00+08:00,55.0,311,2.3,26.4,0.75,1005.5,-99,0.0,-99,-99,-99,新北市,06,三峽區,057
24.940806,121.361500,三峽,C0AC60,2018-04-05T14:00:00+08:00,55.0,339,1.9,26.7,0.68,1004.8,-99,0.0,-99,-99,-99,新北市,06,三峽區,057
24.940806,121.361500,三峽,C0AC60,2018-04-05T15:00:00+08:00,55.0,318,1.0,27.1,0.62,1004.4,-99,0.0,-99,-99,-99,新北市,06,三峽區,057
24.940806,121.361500,三峽,C0AC60,2018-04-05T16:00:00+08:00,55.0,307,0.8,27.1,0.62,1004.5,-99,0.0,-99,-99,-99,新北市,06,三峽區,057
24.940806,121.361500,三峽,C0AC60,2018-04-05T17:00:00+08:00,55.0,300,1.3,26.3,0.66,1004.6,-99,0.0,-99,-99,-99,新北市,06,三峽區,057
24.940806,121.361500,三峽,C0AC60,2018-04-05T18:00:00+08:00,55.0,0,0.1,25.6,0.71,1004.8,-99,0.0,-99,-99,-99,新北市,06,三峽區,057
24.940806,121.361500,三峽,C0AC60,2018-04-05T19:00:00+08:00,55.0,0,0.1,24.6,0.82,1005.1,-99,0.0,-99,-99,-99,新北市,06,三峽區,057
24.940806,121.361500,三峽,C0AC60,2018-04-05T20:00:00+08:00,55.0,198,1.3,23.5,0.92,1005.4,-99,0.0,-99,-99,-99,新北市,06,三峽區,057
24.940806,121.361500,三峽,C0AC60,2018-04-05T21:00:00+08:00,55.0,217,0.7,23.1,0.93,1006.3,-99,0.0,-99,-99,-99,新北市,06,三峽區,057
24.940806,121.361500,三峽,C0AC60,2018-04-05T22:00:00+08:00,55.0,202,0.8,22.9,0.94,1006.3,-99,0.0,-99,-99,-99,新北市,06,三峽區,057
24.940806,121.361500,三峽,C0AC60,2018-04-05T23:00:00+08:00,55.0,163,1.6,22.5,0.95,1005.8,-99,0.0,-99,-99,-99,新北市,06,三峽區,057
24.940806,121.361500,三峽,C0AC60,2018-04-06T00:00:00+08:00,55.0,177,0.9,22.1,0.94,1005.2,-99,0.0,-99,-99,-99,新北市,06,三峽區,057
24.940806,121.361500,三峽,C0AC60,2018-04-06T01:00:00+08:00,55.0,199,1.0,21.6,0.94,1005.3,-99,0.0,-99,-99,-99,新北市,06,三峽區,057
24.940806,121.361500,三峽,C0AC60,2018-04-06T02:00:00+08:00,55.0,216,0.5,21.1,0.95,1005.0,-99,0.0,-99,-99,-99,新北市,06,三峽區,057
24.940806,121.361500,三峽,C0AC60,2018-04-06T03:00:00+08:00,55.0,184,0.3,21.1,0.96,1005.1,-99,0.0,-99,-99,-99,新北市,06,三峽區,057
24.940806,121.361500,三峽,C0AC60,2018-04-06T04:00:00+08:00,55.0,170,1.2,21.2,0.94,1005.1,-99,0.0,-99,-99,-99,新北市,06,三峽區,057
24.940806,121.361500,三峽,C0AC60,2018-04-06T05:00:00+08:00,55.0,214,0.4,21.4,0.93,1005.9,-99,0.0,-99,-99,-99,新北市,06,三峽區,057
24.940806,121.361500,三峽,C0AC60,2018-04-06T06:00:00+08:00,55.0,197,0.4,21.0,0.98,1006.6,-99,0.0,-99,-99,-99,新北市,06,三峽區,057
24.940806,121.361500,三峽,C0AC60,2018-04-06T07:00:00+08:00,55.0,0,0.1,22.1,0.93,1007.3,-99,0.0,-99,-99,-99,新北市,06,三峽區,057
24.940806,121.361500,三峽,C0AC60,2018-04-06T08:00:00+08:00,55.0,177,0.3,24.1,0.84,1008.0,-99,0.0,-99,-99,-99,新北市,06,三峽區,057
24.940806,121.361500,三峽,C0AC60,2018-04-06T09:00:00+08:00,55.0,230,2.6,26.5,0.71,1008.2,-99,0.0,-99,-99,-99,新北市,06,三峽區,057
24.940806,121.361500,三峽,C0AC60,2018-04-06T10:00:00+08:00,55.0,331,2.0,26.1,0.74,1008.7,-99,0.0,-99,-99,-99,新北市,06,三峽區,057
24.940806,121.361500,三峽,C0AC60,2018-04-06T11:00:00+08:00,55.0,95,2.5,19.6,0.95,1010.7,-99,0.0,8.8,99,2018-04-06T10:43:00+08:00,新北市,06,三峽區,057
24.940806,121.361500,三峽,C0AC60,2018-04-06T12:00:00+08:00,55.0,86,2.6,18.9,0.94,1011.1,-99,0.0,8.8,112,2018-04-06T11:16:00+08:00,新北市,06,三峽區,057
24.940806,121.361500,三峽,C0AC60,2018-04-06T13:00:00+08:00,55.0,87,2.7,18.7,0.89,1011.4,-99,0.0,-99,-99,-99,新北市,06,三峽區,057
24.940806,121.361500,三峽,C0AC60,2018-04-06T14:00:00+08:00,55.0,91,2.1,18.3,0.9,1011.8,-99,0.0,-99,-99,-99,新北市,06,三峽區,057
24.940806,121.361500,三峽,C0AC60,2018-04-06T15:00:00+08:00,55.0,91,2.4,17.4,0.93,1012.2,-99,0.0,-99,-99,-99,新北市,06,三峽區,057
24.940806,121.361500,三峽,C0AC60,2018-04-06T16:00:00+08:00,55.0,90,1.9,16.8,0.96,1012.8,-99,0.0,-99,-99,-99,新北市,06,三峽區,057
24.940806,121.361500,三峽,C0AC60,2018-04-06T17:00:00+08:00,55.0,91,1.7,15.8,0.99,1013.1,-99,0.5,-99,-99,-99,新北市,06,三峽區,057
24.940806,121.361500,三峽,C0AC60,2018-04-06T18:00:00+08:00,55.0,89,1.6,16.1,0.96,1014.2,-99,0.5,-99,-99,-99,新北市,06,三峽區,057
24.940806,121.361500,三峽,C0AC60,2018-04-06T19:00:00+08:00,55.0,60,1.3,15.7,0.97,1015.7,-99,1.0,-99,-99,-99,新北市,06,三峽區,057
24.940806,121.361500,三峽,C0AC60,2018-04-06T20:00:00+08:00,55.0,95,1.9,14.6,0.92,1017.1,-99,1.5,7.1,99,2018-04-06T19:53:00+08:00,新北市,06,三峽區,057
24.940806,121.361500,三峽,C0AC60,2018-04-06T21:00:00+08:00,55.0,96,2.1,14.7,0.75,1018.6,-99,1.5,-99,-99,-99,新北市,06,三峽區,057
24.940806,121.361500,三峽,C0AC60,2018-04-06T22:00:00+08:00,55.0,87,2.1,13.8,0.84,1019.1,-99,2.0,-99,-99,-99,新北市,06,三峽區,057
24.940806,121.361500,三峽,C0AC60,2018-04-06T23:00:00+08:00,55.0,90,1.4,14.0,0.77,1018.7,-99,2.0,-99,-99,-99,新北市,06,三峽區,057
24.940806,121.361500,三峽,C0AC60,2018-04-07T00:00:00+08:00,55.0,90,1.1,14.3,0.75,1018.6,-99,2.0,-99,-99,-99,新北市,06,三峽區,057
24.940806,121.361500,三峽,C0AC60,2018-04-07T01:00:00+08:00,55.0,109,0.5,14.0,0.82,1018.5,-99,0.5,-99,-99,-99,新北市,06,三峽區,057
24.940806,121.361500,三峽,C0AC60,2018-04-07T02:00:00+08:00,55.0,95,1.2,13.3,0.9,1018.1,-99,0.5,-99,-99,-99,新北市,06,三峽區,057
24.940806,121.361500,三峽,C0AC60,2018-04-07T03:00:00+08:00,55.0,99,0.9,13.6,0.85,1017.8,-99,0.5,-99,-99,-99,新北市,06,三峽區,057
24.940806,121.361500,三峽,C0AC60,2018-04-07T04:00:00+08:00,55.0,92,1.4,14.0,0.81,1017.3,-99,0.5,-99,-99,-99,新北市,06,三峽區,057
24.940806,121.361500,三峽,C0AC60,2018-04-07T05:00:00+08:00,55.0,86,0.9,13.9,0.83,1018.1,-99,1.0,-99,-99,-99,新北市,06,三峽區,057
24.940806,121.361500,三峽,C0AC60,2018-04-07T06:00:00+08:00,55.0,92,1.3,13.6,0.84,1019.0,-99,1.0,-99,-99,-99,新北市,06,三峽區,057
24.940806,121.361500,三峽,C0AC60,2018-04-07T07:00:00+08:00,55.0,102,0.5,13.2,0.97,1019.6,-99,2.0,-99,-99,-99,新北市,06,三峽區,057
24.940806,121.361500,三峽,C0AC60,2018-04-07T08:00:00+08:00,55.0,0,0.0,13.3,0.99,1020.2,-99,2.5,-99,-99,-99,新北市,06,三峽區,057
24.940806,121.361500,三峽,C0AC60,2018-04-07T09:00:00+08:00,55.0,0,0.0,13.7,0.99,1020.1,-99,3.0,-99,-99,-99,新北市,06,三峽區,057
24.940806,121.361500,三峽,C0AC60,2018-04-07T10:00:00+08:00,55.0,0,0.1,14.5,0.94,1020.7,-99,3.5,-99,-99,-99,新北市,06,三峽區,057
24.940806,121.361500,三峽,C0AC60,2018-04-07T11:00:00+08:00,55.0,97,0.8,15.1,0.91,1019.4,-99,3.5,-99,-99,-99,新北市,06,三峽區,057
24.940806,121.361500,三峽,C0AC60,2018-04-07T12:00:00+08:00,55.0,89,1.9,15.5,0.77,1018.6,-99,3.5,-99,-99,-99,新北市,06,三峽區,057
24.940806,121.361500,三峽,C0AC60,2018-04-07T13:00:00+08:00,55.0,93,0.7,15.5,0.75,1018.1,-99,3.5,-99,-99,-99,新北市,06,三峽區,057
24.940806,121.361500,三峽,C0AC60,2018-04-07T14:00:00+08:00,55.0,92,2.1,16.6,0.63,1017.5,-99,3.5,-99,-99,-99,新北市,06,三峽區,057
24.940806,121.361500,三峽,C0AC60,2018-04-07T15:00:00+08:00,55.0,91,1.5,17.5,0.44,1017.2,-99,3.5,-99,-99,-99,新北市,06,三峽區,057
24.940806,121.361500,三峽,C0AC60,2018-04-07T16:00:00+08:00,55.0,78,0.9,17.3,0.44,1017.1,-99,3.5,-99,-99,-99,新北市,06,三峽區,057
24.940806,121.361500,三峽,C0AC60,2018-04-07T17:00:00+08:00,55.0,89,1.6,16.4,0.46,1017.1,-99,3.5,-99,-99,-99,新北市,06,三峽區,057
24.940806,121.361500,三峽,C0AC60,2018-04-07T18:00:00+08:00,55.0,90,1.0,15.7,0.46,1017.4,-99,3.5,-99,-99,-99,新北市,06,三峽區,057
24.940806,121.361500,三峽,C0AC60,2018-04-07T19:00:00+08:00,55.0,91,1.7,15.3,0.46,1018.1,-99,3.5,-99,-99,-99,新北市,06,三峽區,057
24.940806,121.361500,三峽,C0AC60,2018-04-07T20:00:00+08:00,55.0,92,1.2,15.1,0.48,1018.3,-99,3.5,-99,-99,-99,新北市,06,三峽區,057
24.940806,121.361500,三峽,C0AC60,2018-04-07T21:00:00+08:00,55.0,97,1.2,15.0,0.48,1018.8,-99,3.5,-99,-99,-99,新北市,06,三峽區,057
24.940806,121.361500,三峽,C0AC60,2018-04-07T22:00:00+08:00,55.0,82,1.2,14.8,0.5,1018.6,-99,3.5,-99,-99,-99,新北市,06,三峽區,057
24.940806,121.361500,三峽,C0AC60,2018-04-07T23:00:00+08:00,55.0,96,1.2,14.6,0.53,1018.1,-99,3.5,-99,-99,-99,新北市,06,三峽區,057
24.940806,121.361500,三峽,C0AC60,2018-04-08T00:00:00+08:00,55.0,73,1.6,14.4,0.56,1017.0,-99,3.5,-99,-99,-99,新北市,06,三峽區,057
24.940806,121.361500,三峽,C0AC60,2018-04-08T01:00:00+08:00,55.0,86,1.8,14.6,0.54,1016.2,-99,0.0,-99,-99,-99,新北市,06,三峽區,057
24.940806,121.361500,三峽,C0AC60,2018-04-08T02:00:00+08:00,55.0,75,2.5,14.5,0.57,1015.6,-99,0.0,-99,-99,-99,新北市,06,三峽區,057
24.940806,121.361500,三峽,C0AC60,2018-04-08T03:00:00+08:00,55.0,90,2.6,15.4,0.5,1015.1,-99,0.0,7.7,99,2018-04-08T02:42:00+08:00,新北市,06,三峽區,057
24.940806,121.361500,三峽,C0AC60,2018-04-08T04:00:00+08:00,55.0,88,2.0,15.4,0.54,1014.3,-99,0.0,-99,-99,-99,新北市,06,三峽區,057
24.940806,121.361500,三峽,C0AC60,2018-04-08T05:00:00+08:00,55.0,79,4.3,15.4,0.52,1014.2,-99,0.0,10.4,94,2018-04-08T04:58:00+08:00,新北市,06,三峽區,057
24.940806,121.361500,三峽,C0AC60,2018-04-08T06:00:00+08:00,55.0,80,3.7,15.2,0.55,1014.3,-99,0.0,9.9,92,2018-04-08T05:34:00+08:00,新北市,06,三峽區,057
24.940806,121.361500,三峽,C0AC60,2018-04-08T07:00:00+08:00,55.0,83,3.3,15.9,0.56,1014.6,-99,0.0,9.9,89,2018-04-08T06:01:00+08:00,新北市,06,三峽區,057
24.940806,121.361500,三峽,C0AC60,2018-04-08T08:00:00+08:00,55.0,76,3.5,17.4,0.53,1014.5,-99,0.0,9.3,38,2018-04-08T07:44:00+08:00,新北市,06,三峽區,057
24.940806,121.361500,三峽,C0AC60,2018-04-08T09:00:00+08:00,55.0,66,2.3,19.9,0.49,1014.4,-99,0.0,8.8,52,2018-04-08T08:28:00+08:00,新北市,06,三峽區,057
24.940806,121.361500,三峽,C0AC60,2018-04-08T10:00:00+08:00,55.0,74,2.5,21.2,0.46,1014.4,-99,0.0,-99,-99,-99,新北市,06,三峽區,057
24.940806,121.361500,三峽,C0AC60,2018-04-08T11:00:00+08:00,55.0,54,1.6,23.0,0.43,1013.8,-99,0.0,-99,-99,-99,新北市,06,三峽區,057
24.940806,121.361500,三峽,C0AC60,2018-04-08T12:00:00+08:00,55.0,59,2.1,23.8,0.41,1013.1,-99,0.0,-99,-99,-99,新北市,06,三峽區,057
24.940806,121.361500,三峽,C0AC60,2018-04-08T13:00:00+08:00,55.0,29,2.0,24.6,0.4,1012.3,-99,0.0,-99,-99,-99,新北市,06,三峽區,057
24.940806,121.361500,三峽,C0AC60,2018-04-08T14:00:00+08:00,55.0,58,0.8,24.8,0.4,1011.7,-99,0.0,-99,-99,-99,新北市,06,三峽區,057
24.940806,121.361500,三峽,C0AC60,2018-04-08T15:00:00+08:00,55.0,0,0.2,24.2,0.42,1011.5,-99,0.0,-99,-99,-99,新北市,06,三峽區,057
24.940806,121.361500,三峽,C0AC60,2018-04-08T16:00:00+08:00,55.0,52,1.2,23.7,0.45,1011.3,-99,0.0,-99,-99,-99,新北市,06,三峽區,057
24.940806,121.361500,三峽,C0AC60,2018-04-08T17:00:00+08:00,55.0,44,1.2,22.7,0.49,1011.6,-99,0.0,-99,-99,-99,新北市,06,三峽區,057
24.940806,121.361500,三峽,C0AC60,2018-04-08T18:00:00+08:00,55.0,64,0.5,21.9,0.53,1012.0,-99,0.0,-99,-99,-99,新北市,06,三峽區,057
24.940806,121.361500,三峽,C0AC60,2018-04-08T19:00:00+08:00,55.0,50,1.0,20.4,0.58,1012.7,-99,0.0,-99,-99,-99,新北市,06,三峽區,057
24.940806,121.361500,三峽,C0AC60,2018-04-08T20:00:00+08:00,55.0,91,0.5,19.3,0.65,1013.2,-99,0.0,-99,-99,-99,新北市,06,三峽區,057
24.940806,121.361500,三峽,C0AC60,2018-04-08T21:00:00+08:00,55.0,163,1.1,17.7,0.84,1013.8,-99,0.0,-99,-99,-99,新北市,06,三峽區,057
24.940806,121.361500,三峽,C0AC60,2018-04-08T22:00:00+08:00,55.0,164,1.4,16.9,0.9,1014.1,-99,0.0,-99,-99,-99,新北市,06,三峽區,057
24.940806,121.361500,三峽,C0AC60,2018-04-08T23:00:00+08:00,55.0,191,0.3,16.5,0.92,1014.1,-99,0.0,-99,-99,-99,新北市,06,三峽區,057
24.940806,121.361500,三峽,C0AC60,2018-04-09T00:00:00+08:00,55.0,209,0.6,16.1,0.93,1013.7,-99,0.0,-99,-99,-99,新北市,06,三峽區,057
24.940806,121.361500,三峽,C0AC60,2018-04-09T08:00:00+08:00,55.0,0,0.0,18.7,0.71,1014.1,-99,0.0,-99,-99,-99,新北市,06,三峽區,057
24.940806,121.361500,三峽,C0AC60,2018-04-09T09:00:00+08:00,55.0,102,1.0,20.7,0.65,1014.1,-99,0.0,-99,-99,-99,新北市,06,三峽區,057
24.940806,121.361500,三峽,C0AC60,2018-04-09T10:00:00+08:00,55.0,49,1.0,23.1,0.52,1013.4,-99,0.0,-99,-99,-99,新北市,06,三峽區,057
24.940806,121.361500,三峽,C0AC60,2018-04-09T11:00:00+08:00,55.0,53,1.4,24.9,0.46,1012.7,-99,0.0,-99,-99,-99,新北市,06,三峽區,057
24.940806,121.361500,三峽,C0AC60,2018-04-09T12:00:00+08:00,55.0,23,1.6,26.2,0.35,1011.9,-99,0.0,-99,-99,-99,新北市,06,三峽區,057
24.940806,121.361500,三峽,C0AC60,2018-04-09T13:00:00+08:00,55.0,306,1.6,26.1,0.52,1011.0,-99,0.0,-99,-99,-99,新北市,06,三峽區,057
24.940806,121.361500,三峽,C0AC60,2018-04-09T14:00:00+08:00,55.0,327,1.8,25.2,0.55,1010.5,-99,0.0,-99,-99,-99,新北市,06,三峽區,057
24.940806,121.361500,三峽,C0AC60,2018-04-09T15:00:00+08:00,55.0,309,1.8,25.2,0.56,1010.0,-99,0.0,-99,-99,-99,新北市,06,三峽區,057
24.940806,121.361500,三峽,C0AC60,2018-04-09T16:00:00+08:00,55.0,311,1.3,25.2,0.5,1009.7,-99,0.0,-99,-99,-99,新北市,06,三峽區,057
24.940806,121.361500,三峽,C0AC60,2018-04-09T17:00:00+08:00,55.0,341,1.5,24.2,0.53,1009.6,-99,0.0,-99,-99,-99,新北市,06,三峽區,057
24.940806,121.361500,三峽,C0AC60,2018-04-09T18:00:00+08:00,55.0,320,0.8,23.5,0.56,1009.9,-99,0.0,-99,-99,-99,新北市,06,三峽區,057
24.940806,121.361500,三峽,C0AC60,2018-04-09T19:00:00+08:00,55.0,0,0.0,22.4,0.62,1010.2,-99,0.0,-99,-99,-99,新北市,06,三峽區,057
24.940806,121.361500,三峽,C0AC60,2018-04-09T20:00:00+08:00,55.0,209,0.7,20.7,0.77,1011.0,-99,0.0,-99,-99,-99,新北市,06,三峽區,057
24.940806,121.361500,三峽,C0AC60,2018-04-09T21:00:00+08:00,55.0,175,0.3,19.5,0.84,1011.4,-99,0.0,-99,-99,-99,新北市,06,三峽區,057
24.940806,121.361500,三峽,C0AC60,2018-04-09T22:00:00+08:00,55.0,179,0.7,18.7,0.91,1011.7,-99,0.0,-99,-99,-99,新北市,06,三峽區,057
24.940806,121.361500,三峽,C0AC60,2018-04-09T23:00:00+08:00,55.0,204,0.8,18.1,0.95,1011.4,-99,0.0,-99,-99,-99,新北市,06,三峽區,057
24.940806,121.361500,三峽,C0AC60,2018-04-10T00:00:00+08:00,55.0,206,1.3,17.5,0.97,1011.0,-99,0.0,-99,-99,-99,新北市,06,三峽區,057
24.940806,121.361500,三峽,C0AC60,2018-04-10T01:00:00+08:00,55.0,202,1.2,17.4,0.96,1010.7,-99,0.0,-99,-99,-99,新北市,06,三峽區,057
24.940806,121.361500,三峽,C0AC60,2018-04-10T02:00:00+08:00,55.0,195,1.0,17.1,0.98,1010.5,-99,0.0,-99,-99,-99,新北市,06,三峽區,057
24.940806,121.361500,三峽,C0AC60,2018-04-10T03:00:00+08:00,55.0,161,1.7,16.9,0.98,1010.3,-99,0.0,-99,-99,-99,新北市,06,三峽區,057
24.940806,121.361500,三峽,C0AC60,2018-04-10T04:00:00+08:00,55.0,187,0.5,16.8,0.98,1010.2,-99,0.0,-99,-99,-99,新北市,06,三峽區,057
24.940806,121.361500,三峽,C0AC60,2018-04-10T05:00:00+08:00,55.0,0,0.1,16.7,0.97,1010.4,-99,0.0,-99,-99,-99,新北市,06,三峽區,057
24.940806,121.361500,三峽,C0AC60,2018-04-10T06:00:00+08:00,55.0,158,0.3,16.7,0.97,1010.9,-99,0.0,-99,-99,-99,新北市,06,三峽區,057
24.940806,121.361500,三峽,C0AC60,2018-04-10T07:00:00+08:00,55.0,0,0.1,17.6,0.94,1011.4,-99,0.0,-99,-99,-99,新北市,06,三峽區,057
24.940806,121.361500,三峽,C0AC60,2018-04-10T08:00:00+08:00,55.0,0,0.2,19.2,0.86,1011.8,-99,0.0,-99,-99,-99,新北市,06,三峽區,057
24.940806,121.361500,三峽,C0AC60,2018-04-10T09:00:00+08:00,55.0,92,0.5,21.8,0.68,1011.5,-99,0.0,-99,-99,-99,新北市,06,三峽區,057
24.940806,121.361500,三峽,C0AC60,2018-04-10T10:00:00+08:00,55.0,318,1.2,23.9,0.49,1010.8,-99,0.0,-99,-99,-99,新北市,06,三峽區,057
24.940806,121.361500,三峽,C0AC60,2018-04-10T11:00:00+08:00,55.0,304,1.2,25.5,0.39,1010.2,-99,0.0,-99,-99,-99,新北市,06,三峽區,057
24.940806,121.361500,三峽,C0AC60,2018-04-10T12:00:00+08:00,55.0,255,1.2,27.0,0.31,1009.4,-99,0.0,-99,-99,-99,新北市,06,三峽區,057
24.940806,121.361500,三峽,C0AC60,2018-04-10T13:00:00+08:00,55.0,325,1.5,27.3,0.34,1008.5,-99,0.0,-99,-99,-99,新北市,06,三峽區,057
24.940806,121.361500,三峽,C0AC60,2018-04-10T14:00:00+08:00,55.0,330,1.9,27.1,0.36,1007.9,-99,0.0,-99,-99,-99,新北市,06,三峽區,057
24.940806,121.361500,三峽,C0AC60,2018-04-10T15:00:00+08:00,55.0,335,1.5,27.7,0.35,1007.2,-99,0.0,-99,-99,-99,新北市,06,三峽區,057
24.940806,121.361500,三峽,C0AC60,2018-04-10T16:00:00+08:00,55.0,334,1.5,27.6,0.4,1006.9,-99,0.0,-99,-99,-99,新北市,06,三峽區,057
24.940806,121.361500,三峽,C0AC60,2018-04-10T17:00:00+08:00,55.0,311,0.6,27.3,0.43,1006.9,-99,0.0,-99,-99,-99,新北市,06,三峽區,057
24.940806,121.361500,三峽,C0AC60,2018-04-10T18:00:00+08:00,55.0,0,0.0,26.6,0.46,1006.9,-99,0.0,-99,-99,-99,新北市,06,三峽區,057
24.940806,121.361500,三峽,C0AC60,2018-04-10T19:00:00+08:00,55.0,153,1.2,23.8,0.61,1007.5,-99,0.0,-99,-99,-99,新北市,06,三峽區,057
24.940806,121.361500,三峽,C0AC60,2018-04-10T20:00:00+08:00,55.0,188,1.3,21.9,0.69,1007.9,-99,0.0,-99,-99,-99,新北市,06,三峽區,057
24.940806,121.361500,三峽,C0AC60,2018-04-10T21:00:00+08:00,55.0,198,0.9,21.0,0.72,1008.3,-99,0.0,-99,-99,-99,新北市,06,三峽區,057
24.940806,121.361500,三峽,C0AC60,2018-04-10T22:00:00+08:00,55.0,178,0.9,20.5,0.74,1008.8,-99,0.0,-99,-99,-99,新北市,06,三峽區,057
24.940806,121.361500,三峽,C0AC60,2018-04-11T00:00:00+08:00,55.0,179,0.8,19.7,0.78,1008.1,-99,0.0,-99,-99,-99,新北市,06,三峽區,057
24.940806,121.361500,三峽,C0AC60,2018-04-11T01:00:00+08:00,55.0,230,0.5,19.5,0.8,1007.9,-99,0.0,-99,-99,-99,新北市,06,三峽區,057
24.940806,121.361500,三峽,C0AC60,2018-04-11T02:00:00+08:00,55.0,211,1.6,19.4,0.82,1007.4,-99,0.0,-99,-99,-99,新北市,06,三峽區,057
24.940806,121.361500,三峽,C0AC60,2018-04-11T03:00:00+08:00,55.0,157,2.0,19.4,0.84,1007.0,-99,0.0,-99,-99,-99,新北市,06,三峽區,057
24.940806,121.361500,三峽,C0AC60,2018-04-11T04:00:00+08:00,55.0,0,0.2,20.0,0.82,1006.7,-99,0.0,-99,-99,-99,新北市,06,三峽區,057
24.940806,121.361500,三峽,C0AC60,2018-04-11T05:00:00+08:00,55.0,157,1.2,19.7,0.84,1007.2,-99,0.0,-99,-99,-99,新北市,06,三峽區,057
24.940806,121.361500,三峽,C0AC60,2018-04-11T06:00:00+08:00,55.0,0,0.1,19.6,0.88,1008.0,-99,0.0,-99,-99,-99,新北市,06,三峽區,057
24.940806,121.361500,三峽,C0AC60,2018-04-11T07:00:00+08:00,55.0,188,1.0,20.0,0.86,1008.4,-99,0.0,-99,-99,-99,新北市,06,三峽區,057
24.940806,121.361500,三峽,C0AC60,2018-04-11T08:00:00+08:00,55.0,0,0.2,22.7,0.74,1008.4,-99,0.0,-99,-99,-99,新北市,06,三峽區,057
24.940806,121.361500,三峽,C0AC60,2018-04-11T09:00:00+08:00,55.0,207,0.7,25.5,0.65,1008.2,-99,0.0,-99,-99,-99,新北市,06,三峽區,057
24.940806,121.361500,三峽,C0AC60,2018-04-11T10:00:00+08:00,55.0,333,1.2,25.8,0.72,1008.1,-99,0.0,-99,-99,-99,新北市,06,三峽區,057
24.940806,121.361500,三峽,C0AC60,2018-04-11T11:00:00+08:00,55.0,351,0.7,26.1,0.78,1007.7,-99,0.0,-99,-99,-99,新北市,06,三峽區,057
24.940806,121.361500,三峽,C0AC60,2018-04-11T12:00:00+08:00,55.0,337,1.5,28.0,0.69,1007.1,-99,0.0,-99,-99,-99,新北市,06,三峽區,057
24.940806,121.361500,三峽,C0AC60,2018-04-11T13:00:00+08:00,55.0,320,1.5,28.5,0.66,1006.0,-99,0.0,-99,-99,-99,新北市,06,三峽區,057
24.940806,121.361500,三峽,C0AC60,2018-04-11T14:00:00+08:00,55.0,335,1.5,28.8,0.65,1005.1,-99,0.0,-99,-99,-99,新北市,06,三峽區,057
24.940806,121.361500,三峽,C0AC60,2018-04-11T15:00:00+08:00,55.0,310,1.1,29.3,0.66,1004.4,-99,0.0,-99,-99,-99,新北市,06,三峽區,057
24.940806,121.361500,三峽,C0AC60,2018-04-11T16:00:00+08:00,55.0,101,0.6,29.3,0.66,1004.0,-99,0.0,-99,-99,-99,新北市,06,三峽區,057
24.940806,121.361500,三峽,C0AC60,2018-04-11T17:00:00+08:00,55.0,53,0.3,28.6,0.7,1004.0,-99,0.0,-99,-99,-99,新北市,06,三峽區,057
24.940806,121.361500,三峽,C0AC60,2018-04-11T18:00:00+08:00,55.0,0,0.1,27.1,0.74,1004.2,-99,0.0,-99,-99,-99,新北市,06,三峽區,057
24.940806,121.361500,三峽,C0AC60,2018-04-11T19:00:00+08:00,55.0,200,0.7,26.1,0.79,1004.6,-99,0.0,-99,-99,-99,新北市,06,三峽區,057
24.940806,121.361500,三峽,C0AC60,2018-04-11T20:00:00+08:00,55.0,206,0.6,24.7,0.91,1005.2,-99,0.0,-99,-99,-99,新北市,06,三峽區,057
24.940806,121.361500,三峽,C0AC60,2018-04-11T21:00:00+08:00,55.0,197,1.2,23.8,0.98,1005.5,-99,0.0,-99,-99,-99,新北市,06,三峽區,057
24.940806,121.361500,三峽,C0AC60,2018-04-11T22:00:00+08:00,55.0,194,0.3,23.7,0.98,1005.6,-99,0.0,-99,-99,-99,新北市,06,三峽區,057
24.940806,121.361500,三峽,C0AC60,2018-04-11T23:00:00+08:00,55.0,195,0.3,23.7,0.97,1005.7,-99,0.0,-99,-99,-99,新北市,06,三峽區,057
24.940806,121.361500,三峽,C0AC60,2018-04-12T00:00:00+08:00,55.0,156,1.8,23.3,0.98,1005.5,-99,0.0,-99,-99,-99,新北市,06,三峽區,057
24.940806,121.361500,三峽,C0AC60,2018-04-12T01:00:00+08:00,55.0,149,0.5,22.9,0.99,1005.2,-99,0.0,-99,-99,-99,新北市,06,三峽區,057
24.940806,121.361500,三峽,C0AC60,2018-04-12T02:00:00+08:00,55.0,154,0.5,22.9,0.99,1005.2,-99,0.0,-99,-99,-99,新北市,06,三峽區,057
24.940806,121.361500,三峽,C0AC60,2018-04-12T03:00:00+08:00,55.0,183,0.6,23.1,0.95,1005.1,-99,0.0,-99,-99,-99,新北市,06,三峽區,057
24.940806,121.361500,三峽,C0AC60,2018-04-12T04:00:00+08:00,55.0,104,0.4,23.3,0.94,1005.0,-99,0.0,-99,-99,-99,新北市,06,三峽區,057
24.940806,121.361500,三峽,C0AC60,2018-04-12T05:00:00+08:00,55.0,158,0.9,23.1,0.95,1005.2,-99,0.0,-99,-99,-99,新北市,06,三峽區,057
24.940806,121.361500,三峽,C0AC60,2018-04-12T06:00:00+08:00,55.0,156,0.7,22.9,0.97,1005.6,-99,0.0,-99,-99,-99,新北市,06,三峽區,057
24.940806,121.361500,三峽,C0AC60,2018-04-12T07:00:00+08:00,55.0,150,1.0,23.2,0.96,1006.0,-99,0.0,-99,-99,-99,新北市,06,三峽區,057
24.940806,121.361500,三峽,C0AC60,2018-04-12T08:00:00+08:00,55.0,190,0.6,23.9,0.93,1006.4,-99,0.0,-99,-99,-99,新北市,06,三峽區,057
24.940806,121.361500,三峽,C0AC60,2018-04-12T09:00:00+08:00,55.0,0,0.0,25.1,0.87,1006.7,-99,0.0,-99,-99,-99,新北市,06,三峽區,057
24.940806,121.361500,三峽,C0AC60,2018-04-12T10:00:00+08:00,55.0,0,0.1,24.9,0.97,1007.2,-99,0.0,-99,-99,-99,新北市,06,三峽區,057
24.940806,121.361500,三峽,C0AC60,2018-04-12T11:00:00+08:00,55.0,355,1.0,23.1,0.99,1007.8,-99,7.0,-99,-99,-99,新北市,06,三峽區,057
24.940806,121.361500,三峽,C0AC60,2018-04-12T12:00:00+08:00,55.0,312,1.1,24.0,0.99,1006.9,-99,7.5,-99,-99,-99,新北市,06,三峽區,057
24.940806,121.361500,三峽,C0AC60,2018-04-12T13:00:00+08:00,55.0,254,0.7,26.2,0.9,1005.8,-99,7.5,-99,-99,-99,新北市,06,三峽區,057
24.940806,121.361500,三峽,C0AC60,2018-04-12T14:00:00+08:00,55.0,283,1.1,27.5,0.82,1005.1,-99,7.5,-99,-99,-99,新北市,06,三峽區,057
24.940806,121.361500,三峽,C0AC60,2018-04-12T15:00:00+08:00,55.0,91,0.9,28.9,0.74,1004.6,-99,7.5,-99,-99,-99,新北市,06,三峽區,057
24.940806,121.361500,三峽,C0AC60,2018-04-12T16:00:00+08:00,55.0,91,0.7,28.1,0.77,1004.4,-99,7.5,-99,-99,-99,新北市,06,三峽區,057
24.940806,121.361500,三峽,C0AC60,2018-04-12T17:00:00+08:00,55.0,0,0.1,27.9,0.77,1004.6,-99,8.0,-99,-99,-99,新北市,06,三峽區,057
24.940806,121.361500,三峽,C0AC60,2018-04-12T18:00:00+08:00,55.0,69,1.9,24.7,0.99,1005.6,-99,12.5,-99,-99,-99,新北市,06,三峽區,057
24.940806,121.361500,三峽,C0AC60,2018-04-12T19:00:00+08:00,55.0,88,0.6,23.9,0.99,1006.6,-99,12.5,-99,-99,-99,新北市,06,三峽區,057
24.940806,121.361500,三峽,C0AC60,2018-04-12T20:00:00+08:00,55.0,0,0.1,23.5,0.98,1006.9,-99,12.5,-99,-99,-99,新北市,06,三峽區,057
24.940806,121.361500,三峽,C0AC60,2018-04-12T21:00:00+08:00,55.0,91,0.4,23.2,0.99,1007.3,-99,12.5,-99,-99,-99,新北市,06,三峽區,057
24.940806,121.361500,三峽,C0AC60,2018-04-12T22:00:00+08:00,55.0,0,0.1,22.9,0.99,1007.6,-99,12.5,-99,-99,-99,新北市,06,三峽區,057
24.940806,121.361500,三峽,C0AC60,2018-04-12T23:00:00+08:00,55.0,190,0.3,22.8,0.99,1007.4,-99,12.5,-99,-99,-99,新北市,06,三峽區,057
24.940806,121.361500,三峽,C0AC60,2018-04-13T00:00:00+08:00,55.0,139,0.7,22.5,0.99,1007.1,-99,12.5,-99,-99,-99,新北市,06,三峽區,057
24.940806,121.361500,三峽,C0AC60,2018-04-13T01:00:00+08:00,55.0,0,0.0,22.9,0.99,1007.3,-99,0.0,-99,-99,-99,新北市,06,三峽區,057
24.940806,121.361500,三峽,C0AC60,2018-04-13T02:00:00+08:00,55.0,160,1.3,22.5,0.99,1007.1,-99,0.0,-99,-99,-99,新北市,06,三峽區,057
24.940806,121.361500,三峽,C0AC60,2018-04-13T03:00:00+08:00,55.0,175,1.6,22.7,0.99,1006.7,-99,0.0,-99,-99,-99,新北市,06,三峽區,057
24.940806,121.361500,三峽,C0AC60,2018-04-13T04:00:00+08:00,55.0,171,2.3,22.4,0.99,1006.3,-99,0.0,-99,-99,-99,新北市,06,三峽區,057
24.940806,121.361500,三峽,C0AC60,2018-04-13T05:00:00+08:00,55.0,0,0.0,22.3,0.99,1006.5,-99,0.0,-99,-99,-99,新北市,06,三峽區,057
24.940806,121.361500,三峽,C0AC60,2018-04-13T06:00:00+08:00,55.0,0,0.1,22.4,0.99,1007.1,-99,0.0,-99,-99,-99,新北市,06,三峽區,057
24.940806,121.361500,三峽,C0AC60,2018-04-13T07:00:00+08:00,55.0,169,0.4,22.5,0.99,1007.9,-99,0.0,-99,-99,-99,新北市,06,三峽區,057
24.940806,121.361500,三峽,C0AC60,2018-04-13T08:00:00+08:00,55.0,207,0.5,24.3,0.99,1008.1,-99,0.0,-99,-99,-99,新北市,06,三峽區,057
24.940806,121.361500,三峽,C0AC60,2018-04-13T09:00:00+08:00,55.0,230,0.3,25.7,0.92,1008.5,-99,0.0,-99,-99,-99,新北市,06,三峽區,057
24.940806,121.361500,三峽,C0AC60,2018-04-13T10:00:00+08:00,55.0,313,1.1,27.5,0.77,1008.2,-99,0.0,-99,-99,-99,新北市,06,三峽區,057
24.940806,121.361500,三峽,C0AC60,2018-04-13T12:00:00+08:00,55.0,0,0.1,30.5,0.63,1006.8,-99,0.0,-99,-99,-99,新北市,06,三峽區,057
24.940806,121.361500,三峽,C0AC60,2018-04-13T13:00:00+08:00,55.0,349,2.4,29.2,0.73,1006.1,-99,0.0,-99,-99,-99,新北市,06,三峽區,057
24.940806,121.361500,三峽,C0AC60,2018-04-13T14:00:00+08:00,55.0,318,1.8,29.9,0.73,1005.4,-99,0.0,-99,-99,-99,新北市,06,三峽區,057
24.940806,121.361500,三峽,C0AC60,2018-04-13T15:00:00+08:00,55.0,319,1.6,28.9,0.76,1005.0,-99,0.0,7.7,354,2018-04-13T14:08:00+08:00,新北市,06,三峽區,057
24.940806,121.361500,三峽,C0AC60,2018-04-13T16:00:00+08:00,55.0,278,1.1,29.1,0.75,1004.7,-99,0.0,-99,-99,-99,新北市,06,三峽區,057
24.940806,121.361500,三峽,C0AC60,2018-04-13T17:00:00+08:00,55.0,339,0.8,28.3,0.79,1004.8,-99,0.0,-99,-99,-99,新北市,06,三峽區,057
24.940806,121.361500,三峽,C0AC60,2018-04-13T18:00:00+08:00,55.0,348,0.6,27.6,0.82,1005.6,-99,0.0,-99,-99,-99,新北市,06,三峽區,057
24.940806,121.361500,三峽,C0AC60,2018-04-13T19:00:00+08:00,55.0,0,0.0,27.3,0.83,1005.7,-99,0.0,-99,-99,-99,新北市,06,三峽區,057
24.940806,121.361500,三峽,C0AC60,2018-04-13T20:00:00+08:00,55.0,0,0.2,26.0,0.99,1006.5,-99,0.0,-99,-99,-99,新北市,06,三峽區,057
24.940806,121.361500,三峽,C0AC60,2018-04-13T21:00:00+08:00,55.0,207,0.8,25.7,0.99,1007.2,-99,0.0,-99,-99,-99,新北市,06,三峽區,057
24.940806,121.361500,三峽,C0AC60,2018-04-13T22:00:00+08:00,55.0,0,0.0,25.6,0.99,1007.5,-99,0.0,-99,-99,-99,新北市,06,三峽區,057
24.940806,121.361500,三峽,C0AC60,2018-04-13T23:00:00+08:00,55.0,177,1.7,24.9,0.99,1007.2,-99,0.0,-99,-99,-99,新北市,06,三峽區,057
24.940806,121.361500,三峽,C0AC60,2018-04-14T00:00:00+08:00,55.0,161,0.8,24.6,0.99,1006.3,-99,0.0,-99,-99,-99,新北市,06,三峽區,057
24.940806,121.361500,三峽,C0AC60,2018-04-14T09:00:00+08:00,55.0,0,0.2,26.3,0.91,1006.0,-99,0.0,-99,-99,-99,新北市,06,三峽區,057
24.940806,121.361500,三峽,C0AC60,2018-04-14T10:00:00+08:00,55.0,91,0.3,26.5,0.97,1005.9,-99,0.0,-99,-99,-99,新北市,06,三峽區,057
24.940806,121.361500,三峽,C0AC60,2018-04-14T11:00:00+08:00,55.0,0,0.2,28.5,0.78,1005.8,-99,0.0,-99,-99,-99,新北市,06,三峽區,057
24.940806,121.361500,三峽,C0AC60,2018-04-14T12:00:00+08:00,55.0,219,0.7,29.4,0.7,1004.8,-99,0.0,-99,-99,-99,新北市,06,三峽區,057
24.940806,121.361500,三峽,C0AC60,2018-04-14T13:00:00+08:00,55.0,284,0.6,29.0,0.76,1004.2,-99,0.0,-99,-99,-99,新北市,06,三峽區,057
24.940806,121.361500,三峽,C0AC60,2018-04-14T14:00:00+08:00,55.0,260,2.3,28.9,0.78,1003.4,-99,0.0,-99,-99,-99,新北市,06,三峽區,057
24.940806,121.361500,三峽,C0AC60,2018-04-14T15:00:00+08:00,55.0,251,2.1,28.7,0.78,1003.2,-99,0.0,-99,-99,-99,新北市,06,三峽區,057
24.940806,121.361500,三峽,C0AC60,2018-04-14T16:00:00+08:00,55.0,319,2.1,28.1,0.8,1002.9,-99,0.0,-99,-99,-99,新北市,06,三峽區,057
24.940806,121.361500,三峽,C0AC60,2018-04-14T17:00:00+08:00,55.0,330,0.7,28.0,0.79,1003.2,-99,0.0,-99,-99,-99,新北市,06,三峽區,057
24.940806,121.361500,三峽,C0AC60,2018-04-14T18:00:00+08:00,55.0,90,1.3,26.2,0.99,1003.6,-99,0.0,-99,-99,-99,新北市,06,三峽區,057
24.940806,121.361500,三峽,C0AC60,2018-04-14T19:00:00+08:00,55.0,88,1.4,25.8,0.99,1004.4,-99,0.0,-99,-99,-99,新北市,06,三峽區,057
24.940806,121.361500,三峽,C0AC60,2018-04-14T20:00:00+08:00,55.0,86,0.6,25.7,0.99,1005.1,-99,0.0,-99,-99,-99,新北市,06,三峽區,057
24.940806,121.361500,三峽,C0AC60,2018-04-14T21:00:00+08:00,55.0,0,0.1,25.7,0.99,1005.3,-99,0.0,-99,-99,-99,新北市,06,三峽區,057
24.940806,121.361500,三峽,C0AC60,2018-04-14T22:00:00+08:00,55.0,177,1.0,25.3,0.99,1005.5,-99,0.0,-99,-99,-99,新北市,06,三峽區,057
24.940806,121.361500,三峽,C0AC60,2018-04-14T23:00:00+08:00,55.0,0,0.0,25.1,0.99,1005.3,-99,0.0,-99,-99,-99,新北市,06,三峽區,057
24.940806,121.361500,三峽,C0AC60,2018-04-15T00:00:00+08:00,55.0,194,1.1,25.3,0.99,1005.5,-99,0.0,-99,-99,-99,新北市,06,三峽區,057
24.940806,121.361500,三峽,C0AC60,2018-04-15T01:00:00+08:00,55.0,74,2.1,23.0,0.99,1006.3,-99,7.0,-99,-99,-99,新北市,06,三峽區,057
24.940806,121.361500,三峽,C0AC60,2018-04-15T02:00:00+08:00,55.0,89,2.1,21.1,0.99,1006.5,-99,7.0,-99,-99,-99,新北市,06,三峽區,057
24.940806,121.361500,三峽,C0AC60,2018-04-15T03:00:00+08:00,55.0,84,4.1,20.1,0.99,1006.0,-99,8.0,9.3,56,2018-04-15T02:56:00+08:00,新北市,06,三峽區,057
24.940806,121.361500,三峽,C0AC60,2018-04-15T04:00:00+08:00,55.0,95,1.1,19.4,0.99,1006.8,-99,9.0,9.3,87,2018-04-15T03:04:00+08:00,新北市,06,三峽區,057
24.940806,121.361500,三峽,C0AC60,2018-04-15T05:00:00+08:00,55.0,95,1.3,19.2,0.99,1008.0,-99,10.5,-99,-99,-99,新北市,06,三峽區,057
24.940806,121.361500,三峽,C0AC60,2018-04-15T06:00:00+08:00,55.0,93,2.1,18.7,0.99,1008.6,-99,12.0,-99,-99,-99,新北市,06,三峽區,057
24.940806,121.361500,三峽,C0AC60,2018-04-15T07:00:00+08:00,55.0,93,2.3,18.6,0.99,1009.2,-99,12.0,-99,-99,-99,新北市,06,三峽區,057
24.940806,121.361500,三峽,C0AC60,2018-04-15T08:00:00+08:00,55.0,94,2.1,18.1,0.99,1010.5,-99,12.5,-99,-99,-99,新北市,06,三峽區,057
24.940806,121.361500,三峽,C0AC60,2018-04-15T09:00:00+08:00,55.0,85,3.0,18.2,0.99,1010.9,-99,13.0,-99,-99,-99,新北市,06,三峽區,057
24.940806,121.361500,三峽,C0AC60,2018-04-15T10:00:00+08:00,55.0,95,2.2,18.0,0.99,1011.3,-99,13.5,7.7,82,2018-04-15T09:03:00+08:00,新北市,06,三峽區,057
24.940806,121.361500,三峽,C0AC60,2018-04-15T11:00:00+08:00,55.0,90,2.6,19.2,0.97,1010.7,-99,13.5,7.7,101,2018-04-15T10:54:00+08:00,新北市,06,三峽區,057
24.940806,121.361500,三峽,C0AC60,2018-04-15T12:00:00+08:00,55.0,79,3.3,19.6,0.87,1009.9,-99,13.5,9.3,78,2018-04-15T11:58:00+08:00,新北市,06,三峽區,057
24.940806,121.361500,三峽,C0AC60,2018-04-15T13:00:00+08:00,55.0,91,2.4,19.4,0.86,1010.0,-99,13.5,9.3,57,2018-04-15T12:03:00+08:00,新北市,06,三峽區,057
24.940806,121.361500,三峽,C0AC60,2018-04-15T14:00:00+08:00,55.0,95,3.0,19.3,0.84,1009.5,-99,13.5,8.2,73,2018-04-15T13:59:00+08:00,新北市,06,三峽區,057
24.940806,121.361500,三峽,C0AC60,2018-04-15T15:00:00+08:00,55.0,90,2.2,19.2,0.81,1009.2,-99,13.5,8.2,85,2018-04-15T14:15:00+08:00,新北市,06,三峽區,057
24.940806,121.361500,三峽,C0AC60,2018-04-15T16:00:00+08:00,55.0,89,2.5,18.8,0.81,1009.3,-99,13.5,10.4,63,2018-04-15T15:10:00+08:00,新北市,06,三峽區,057
24.940806,121.361500,三峽,C0AC60,2018-04-15T17:00:00+08:00,55.0,95,2.9,18.3,0.81,1009.9,-99,13.5,-99,-99,-99,新北市,06,三峽區,057
24.940806,121.361500,三峽,C0AC60,2018-04-15T18:00:00+08:00,55.0,93,2.1,18.1,0.8,1010.6,-99,13.5,7.7,75,2018-04-15T17:24:00+08:00,新北市,06,三峽區,057
24.940806,121.361500,三峽,C0AC60,2018-04-15T19:00:00+08:00,55.0,96,2.2,18.0,0.8,1011.4,-99,13.5,-99,-99,-99,新北市,06,三峽區,057
24.940806,121.361500,三峽,C0AC60,2018-04-15T20:00:00+08:00,55.0,92,1.9,17.8,0.82,1011.7,-99,13.5,8.2,88,2018-04-15T19:54:00+08:00,新北市,06,三峽區,057
24.940806,121.361500,三峽,C0AC60,2018-04-15T21:00:00+08:00,55.0,92,2.4,17.8,0.82,1012.0,-99,13.5,-99,-99,-99,新北市,06,三峽區,057
24.940806,121.361500,三峽,C0AC60,2018-04-15T22:00:00+08:00,55.0,97,1.9,17.9,0.81,1011.4,-99,13.5,7.1,94,2018-04-15T21:58:00+08:00,新北市,06,三峽區,057
24.940806,121.361500,三峽,C0AC60,2018-04-15T23:00:00+08:00,55.0,88,2.0,18.1,0.79,1011.1,-99,13.5,8.8,97,2018-04-15T22:12:00+08:00,新北市,06,三峽區,057
24.940806,121.361500,三峽,C0AC60,2018-04-16T00:00:00+08:00,55.0,90,2.0,18.1,0.79,1010.8,-99,13.5,-99,-99,-99,新北市,06,三峽區,057
24.940806,121.361500,三峽,C0AC60,2018-04-16T01:00:00+08:00,55.0,86,3.4,18.2,0.76,1010.1,-99,0.0,10.4,73,2018-04-16T00:58:00+08:00,新北市,06,三峽區,057
24.940806,121.361500,三峽,C0AC60,2018-04-16T02:00:00+08:00,55.0,86,3.4,17.9,0.8,1009.7,-99,0.0,8.8,82,2018-04-16T01:11:00+08:00,新北市,06,三峽區,057
24.940806,121.361500,三峽,C0AC60,2018-04-16T03:00:00+08:00,55.0,94,2.2,17.7,0.76,1009.6,-99,0.0,9.9,77,2018-04-16T02:21:00+08:00,新北市,06,三峽區,057
24.940806,121.361500,三峽,C0AC60,2018-04-16T04:00:00+08:00,55.0,84,3.2,17.4,0.78,1009.1,-99,0.0,10.4,107,2018-04-16T03:56:00+08:00,新北市,06,三峽區,057
24.940806,121.361500,三峽,C0AC60,2018-04-16T05:00:00+08:00,55.0,89,2.3,17.4,0.75,1009.6,-99,0.0,9.3,78,2018-04-16T04:40:00+08:00,新北市,06,三峽區,057
24.940806,121.361500,三峽,C0AC60,2018-04-16T06:00:00+08:00,55.0,94,2.7,17.6,0.73,1009.8,-99,0.0,9.9,73,2018-04-16T05:10:00+08:00,新北市,06,三峽區,057
24.940806,121.361500,三峽,C0AC60,2018-04-16T07:00:00+08:00,55.0,81,4.1,18.1,0.7,1010.0,-99,0.0,10.4,88,2018-04-16T06:23:00+08:00,新北市,06,三峽區,057
24.940806,121.361500,三峽,C0AC60,2018-04-16T08:00:00+08:00,55.0,80,4.0,18.9,0.67,1010.2,-99,0.0,12.1,73,2018-04-16T07:11:00+08:00,新北市,06,三峽區,057
24.940806,121.361500,三峽,C0AC60,2018-04-16T09:00:00+08:00,55.0,74,4.3,19.2,0.66,1010.4,-99,0.0,11.0,62,2018-04-16T08:14:00+08:00,新北市,06,三峽區,057
24.940806,121.361500,三峽,C0AC60,2018-04-16T10:00:00+08:00,55.0,75,4.3,20.4,0.62,1010.6,-99,0.0,11.5,71,2018-04-16T09:02:00+08:00,新北市,06,三峽區,057
24.940806,121.361500,三峽,C0AC60,2018-04-16T11:00:00+08:00,55.0,81,3.6,21.0,0.61,1010.2,-99,0.0,11.5,92,2018-04-16T10:06:00+08:00,新北市,06,三峽區,057
24.940806,121.361500,三峽,C0AC60,2018-04-16T12:00:00+08:00,55.0,81,4.5,21.0,0.63,1009.9,-99,0.0,11.0,69,2018-04-16T11:51:00+08:00,新北市,06,三峽區,057
24.940806,121.361500,三峽,C0AC60,2018-04-16T13:00:00+08:00,55.0,74,4.4,20.5,0.63,1009.4,-99,0.0,12.1,52,2018-04-16T12:27:00+08:00,新北市,06,三峽區,057
24.940806,121.361500,三峽,C0AC60,2018-04-16T14:00:00+08:00,55.0,74,2.8,20.8,0.61,1008.8,-99,0.0,11.0,82,2018-04-16T13:09:00+08:00,新北市,06,三峽區,057
24.940806,121.361500,三峽,C0AC60,2018-04-16T15:00:00+08:00,55.0,79,3.0,21.3,0.6,1008.6,-99,0.0,11.0,76,2018-04-16T14:25:00+08:00,新北市,06,三峽區,057
24.940806,121.361500,三峽,C0AC60,2018-04-16T16:00:00+08:00,55.0,72,4.2,20.6,0.62,1008.4,-99,0.0,10.4,88,2018-04-16T15:04:00+08:00,新北市,06,三峽區,057
24.940806,121.361500,三峽,C0AC60,2018-04-16T17:00:00+08:00,55.0,86,4.1,19.9,0.63,1009.1,-99,0.0,11.0,60,2018-04-16T16:19:00+08:00,新北市,06,三峽區,057
24.940806,121.361500,三峽,C0AC60,2018-04-16T18:00:00+08:00,55.0,78,3.8,19.5,0.63,1009.7,-99,0.0,9.9,62,2018-04-16T17:46:00+08:00,新北市,06,三峽區,057
24.940806,121.361500,三峽,C0AC60,2018-04-16T19:00:00+08:00,55.0,80,3.6,19.3,0.64,1010.3,-99,0.0,9.9,80,2018-04-16T18:05:00+08:00,新北市,06,三峽區,057
24.940806,121.361500,三峽,C0AC60,2018-04-16T20:00:00+08:00,55.0,84,3.1,19.2,0.64,1011.7,-99,0.0,10.4,85,2018-04-16T19:03:00+08:00,新北市,06,三峽區,057
24.940806,121.361500,三峽,C0AC60,2018-04-16T21:00:00+08:00,55.0,95,2.4,17.7,0.81,1012.0,-99,0.0,8.2,83,2018-04-16T20:19:00+08:00,新北市,06,三峽區,057
24.940806,121.361500,三峽,C0AC60,2018-04-16T22:00:00+08:00,55.0,80,3.9,17.7,0.8,1011.5,-99,0.0,9.3,36,2018-04-16T21:46:00+08:00,新北市,06,三峽區,057
24.940806,121.361500,三峽,C0AC60,2018-04-16T23:00:00+08:00,55.0,82,3.3,17.4,0.82,1011.9,-99,1.0,10.4,69,2018-04-16T22:46:00+08:00,新北市,06,三峽區,057
24.940806,121.361500,三峽,C0AC60,2018-04-17T00:00:00+08:00,55.0,84,2.8,15.8,0.99,1011.4,-99,6.5,-99,-99,-99,新北市,06,三峽區,057
24.940806,121.361500,三峽,C0AC60,2018-04-17T07:00:00+08:00,55.0,0,0.2,15.6,0.99,1012.7,-99,15.0,-99,-99,-99,新北市,06,三峽區,057
24.940806,121.361500,三峽,C0AC60,2018-04-17T08:00:00+08:00,55.0,86,1.2,15.7,0.99,1013.5,-99,16.5,-99,-99,-99,新北市,06,三峽區,057
24.940806,121.361500,三峽,C0AC60,2018-04-17T09:00:00+08:00,55.0,104,1.7,16.1,0.99,1014.1,-99,17.5,-99,-99,-99,新北市,06,三峽區,057
24.940806,121.361500,三峽,C0AC60,2018-04-17T10:00:00+08:00,55.0,77,1.8,16.7,0.99,1014.1,-99,17.5,-99,-99,-99,新北市,06,三峽區,057
24.940806,121.361500,三峽,C0AC60,2018-04-17T11:00:00+08:00,55.0,95,1.5,17.4,0.98,1014.0,-99,17.5,-99,-99,-99,新北市,06,三峽區,057
24.940806,121.361500,三峽,C0AC60,2018-04-17T12:00:00+08:00,55.0,88,2.1,18.4,0.9,1013.5,-99,17.5,-99,-99,-99,新北市,06,三峽區,057
24.940806,121.361500,三峽,C0AC60,2018-04-17T13:00:00+08:00,55.0,92,0.7,19.0,0.84,1012.7,-99,17.5,-99,-99,-99,新北市,06,三峽區,057
24.940806,121.361500,三峽,C0AC60,2018-04-17T14:00:00+08:00,55.0,94,1.4,18.3,0.85,1012.2,-99,17.5,-99,-99,-99,新北市,06,三峽區,057
24.940806,121.361500,三峽,C0AC60,2018-04-17T15:00:00+08:00,55.0,90,1.5,18.3,0.81,1011.9,-99,17.5,-99,-99,-99,新北市,06,三峽區,057
24.940806,121.361500,三峽,C0AC60,2018-04-17T16:00:00+08:00,55.0,93,1.6,18.2,0.8,1011.5,-99,17.5,-99,-99,-99,新北市,06,三峽區,057
24.940806,121.361500,三峽,C0AC60,2018-04-17T17:00:00+08:00,55.0,96,1.2,17.9,0.79,1011.4,-99,17.5,-99,-99,-99,新北市,06,三峽區,057
24.940806,121.361500,三峽,C0AC60,2018-04-17T18:00:00+08:00,55.0,94,1.4,17.8,0.75,1011.8,-99,17.5,-99,-99,-99,新北市,06,三峽區,057
24.940806,121.361500,三峽,C0AC60,2018-04-17T19:00:00+08:00,55.0,92,1.3,17.6,0.75,1012.1,-99,17.5,-99,-99,-99,新北市,06,三峽區,057
24.940806,121.361500,三峽,C0AC60,2018-04-17T20:00:00+08:00,55.0,95,1.4,17.2,0.76,1012.5,-99,17.5,-99,-99,-99,新北市,06,三峽區,057
24.940806,121.361500,三峽,C0AC60,2018-04-17T21:00:00+08:00,55.0,83,1.3,17.2,0.75,1012.8,-99,17.5,-99,-99,-99,新北市,06,三峽區,057
24.940806,121.361500,三峽,C0AC60,2018-04-17T22:00:00+08:00,55.0,75,1.7,17.3,0.74,1012.6,-99,17.5,-99,-99,-99,新北市,06,三峽區,057
24.940806,121.361500,三峽,C0AC60,2018-04-17T23:00:00+08:00,55.0,87,1.7,17.6,0.72,1012.3,-99,17.5,-99,-99,-99,新北市,06,三峽區,057
24.940806,121.361500,三峽,C0AC60,2018-04-18T00:00:00+08:00,55.0,80,2.9,17.4,0.74,1011.5,-99,17.5,-99,-99,-99,新北市,06,三峽區,057
24.940806,121.361500,三峽,C0AC60,2018-04-18T01:00:00+08:00,55.0,85,2.5,17.2,0.74,1010.6,-99,0.0,7.7,83,2018-04-18T00:12:00+08:00,新北市,06,三峽區,057
24.940806,121.361500,三峽,C0AC60,2018-04-18T02:00:00+08:00,55.0,96,1.7,16.6,0.79,1010.1,-99,0.0,-99,-99,-99,新北市,06,三峽區,057
24.940806,121.361500,三峽,C0AC60,2018-04-18T03:00:00+08:00,55.0,102,1.3,16.5,0.81,1009.8,-99,0.0,-99,-99,-99,新北市,06,三峽區,057
24.940806,121.361500,三峽,C0AC60,2018-04-18T04:00:00+08:00,55.0,96,1.1,16.4,0.84,1009.8,-99,0.0,-99,-99,-99,新北市,06,三峽區,057
24.940806,121.361500,三峽,C0AC60,2018-04-18T05:00:00+08:00,55.0,86,1.9,16.9,0.82,1010.1,-99,0.0,-99,-99,-99,新北市,06,三峽區,057
24.940806,121.361500,三峽,C0AC60,2018-04-18T06:00:00+08:00,55.0,88,2.4,17.0,0.83,1010.5,-99,0.0,-99,-99,-99,新北市,06,三峽區,057
24.940806,121.361500,三峽,C0AC60,2018-04-18T07:00:00+08:00,55.0,90,2.1,17.9,0.81,1010.8,-99,0.0,7.7,74,2018-04-18T06:04:00+08:00,新北市,06,三峽區,057
24.940806,121.361500,三峽,C0AC60,2018-04-18T08:00:00+08:00,55.0,86,2.4,19.4,0.74,1011.1,-99,0.0,7.7,75,2018-04-18T07:48:00+08:00,新北市,06,三峽區,057
24.940806,121.361500,三峽,C0AC60,2018-04-18T09:00:00+08:00,55.0,78,2.9,21.2,0.68,1010.9,-99,0.0,-99,-99,-99,新北市,06,三峽區,057
24.940806,121.361500,三峽,C0AC60,2018-04-18T10:00:00+08:00,55.0,59,1.9,22.7,0.64,1010.9,-99,0.0,8.8,73,2018-04-18T09:03:00+08:00,新北市,06,三峽區,057
24.940806,121.361500,三峽,C0AC60,2018-04-18T11:00:00+08:00,55.0,76,2.0,24.1,0.61,1010.5,-99,0.0,7.1,73,2018-04-18T10:42:00+08:00,新北市,06,三峽區,057
24.940806,121.361500,三峽,C0AC60,2018-04-18T12:00:00+08:00,55.0,76,2.2,24.0,0.61,1010.1,-99,0.0,8.8,40,2018-04-18T11:39:00+08:00,新北市,06,三峽區,057
24.940806,121.361500,三峽,C0AC60,2018-04-18T13:00:00+08:00,55.0,75,3.0,23.9,0.61,1009.3,-99,0.0,-99,-99,-99,新北市,06,三峽區,057
24.940806,121.361500,三峽,C0AC60,2018-04-18T14:00:00+08:00,55.0,73,2.6,23.1,0.64,1008.9,-99,0.0,8.2,79,2018-04-18T13:17:00+08:00,新北市,06,三峽區,057
24.940806,121.361500,三峽,C0AC60,2018-04-18T15:00:00+08:00,55.0,67,3.5,23.9,0.62,1008.3,-99,0.0,-99,-99,-99,新北市,06,三峽區,057
24.940806,121.361500,三峽,C0AC60,2018-04-18T16:00:00+08:00,55.0,84,2.5,23.0,0.65,1008.3,-99,0.0,9.3,84,2018-04-18T15:01:00+08:00,新北市,06,三峽區,057
24.940806,121.361500,三峽,C0AC60,2018-04-18T17:00:00+08:00,55.0,81,3.2,22.7,0.67,1008.3,-99,0.0,8.8,85,2018-04-18T16:30:00+08:00,新北市,06,三峽區,057
24.940806,121.361500,三峽,C0AC60,2018-04-18T18:00:00+08:00,55.0,76,3.4,21.6,0.71,1008.6,-99,0.0,8.8,80,2018-04-18T17:02:00+08:00,新北市,06,三峽區,057
24.940806,121.361500,三峽,C0AC60,2018-04-18T19:00:00+08:00,55.0,72,3.5,21.1,0.72,1008.9,-99,0.0,-99,-99,-99,新北市,06,三峽區,057
24.940806,121.361500,三峽,C0AC60,2018-04-18T20:00:00+08:00,55.0,83,2.8,20.6,0.76,1009.1,-99,0.0,8.2,69,2018-04-18T19:22:00+08:00,新北市,06,三峽區,057
24.940806,121.361500,三峽,C0AC60,2018-04-18T21:00:00+08:00,55.0,79,2.3,20.3,0.77,1009.3,-99,0.0,7.7,93,2018-04-18T20:23:00+08:00,新北市,06,三峽區,057
24.940806,121.361500,三峽,C0AC60,2018-04-18T22:00:00+08:00,55.0,100,1.0,19.5,0.83,1009.5,-99,0.0,-99,-99,-99,新北市,06,三峽區,057
24.940806,121.361500,三峽,C0AC60,2018-04-18T23:00:00+08:00,55.0,91,0.9,18.9,0.89,1009.3,-99,0.0,-99,-99,-99,新北市,06,三峽區,057
24.940806,121.361500,三峽,C0AC60,2018-04-19T00:00:00+08:00,55.0,0,0.1,18.0,0.99,1008.9,-99,0.0,-99,-99,-99,新北市,06,三峽區,057
24.940806,121.361500,三峽,C0AC60,2018-04-19T01:00:00+08:00,55.0,137,0.6,18.0,0.99,1008.5,-99,0.0,-99,-99,-99,新北市,06,三峽區,057
24.940806,121.361500,三峽,C0AC60,2018-04-19T02:00:00+08:00,55.0,159,1.2,17.8,0.99,1008.2,-99,0.0,-99,-99,-99,新北市,06,三峽區,057
24.940806,121.361500,三峽,C0AC60,2018-04-19T03:00:00+08:00,55.0,160,1.6,17.6,0.99,1008.2,-99,0.0,-99,-99,-99,新北市,06,三峽區,057
24.940806,121.361500,三峽,C0AC60,2018-04-19T04:00:00+08:00,55.0,143,0.7,18.0,0.99,1008.2,-99,0.0,-99,-99,-99,新北市,06,三峽區,057
24.940806,121.361500,三峽,C0AC60,2018-04-19T05:00:00+08:00,55.0,177,1.0,18.3,0.99,1008.3,-99,0.0,-99,-99,-99,新北市,06,三峽區,057
24.940806,121.361500,三峽,C0AC60,2018-04-19T06:00:00+08:00,55.0,154,1.5,18.3,0.99,1008.6,-99,0.0,-99,-99,-99,新北市,06,三峽區,057
24.940806,121.361500,三峽,C0AC60,2018-04-19T07:00:00+08:00,55.0,167,0.7,19.1,0.99,1009.2,-99,0.0,-99,-99,-99,新北市,06,三峽區,057
24.940806,121.361500,三峽,C0AC60,2018-04-19T08:00:00+08:00,55.0,89,0.5,22.3,0.78,1009.7,-99,0.0,-99,-99,-99,新北市,06,三峽區,057
24.940806,121.361500,三峽,C0AC60,2018-04-19T09:00:00+08:00,55.0,91,0.8,24.8,0.64,1009.8,-99,0.0,-99,-99,-99,新北市,06,三峽區,057
24.940806,121.361500,三峽,C0AC60,2018-04-19T10:00:00+08:00,55.0,88,1.8,27.3,0.55,1009.5,-99,0.0,-99,-99,-99,新北市,06,三峽區,057
24.940806,121.361500,三峽,C0AC60,2018-04-19T11:00:00+08:00,55.0,63,1.5,27.9,0.53,1009.4,-99,0.0,-99,-99,-99,新北市,06,三峽區,057
24.940806,121.361500,三峽,C0AC60,2018-04-19T12:00:00+08:00,55.0,57,1.1,28.8,0.5,1008.9,-99,0.0,-99,-99,-99,新北市,06,三峽區,057
24.940806,121.361500,三峽,C0AC60,2018-04-19T13:00:00+08:00,55.0,44,0.9,29.3,0.48,1008.2,-99,0.0,-99,-99,-99,新北市,06,三峽區,057
24.940806,121.361500,三峽,C0AC60,2018-04-19T14:00:00+08:00,55.0,1,1.5,28.3,0.53,1007.5,-99,0.0,-99,-99,-99,新北市,06,三峽區,057
24.940806,121.361500,三峽,C0AC60,2018-04-19T15:00:00+08:00,55.0,102,1.0,29.6,0.49,1007.0,-99,0.0,-99,-99,-99,新北市,06,三峽區,057
24.940806,121.361500,三峽,C0AC60,2018-04-19T16:00:00+08:00,55.0,63,1.7,28.2,0.52,1007.0,-99,0.0,8.8,102,2018-04-19T16:00:00+08:00,新北市,06,三峽區,057
24.940806,121.361500,三峽,C0AC60,2018-04-19T17:00:00+08:00,55.0,96,1.3,26.9,0.6,1007.3,-99,0.0,-99,-99,-99,新北市,06,三峽區,057
24.940806,121.361500,三峽,C0AC60,2018-04-19T18:00:00+08:00,55.0,75,2.5,25.2,0.65,1007.9,-99,0.0,-99,-99,-99,新北市,06,三峽區,057
24.940806,121.361500,三峽,C0AC60,2018-04-19T19:00:00+08:00,55.0,81,1.8,23.9,0.7,1008.3,-99,0.0,-99,-99,-99,新北市,06,三峽區,057
24.940806,121.361500,三峽,C0AC60,2018-04-19T20:00:00+08:00,55.0,81,3.1,23.4,0.72,1008.3,-99,0.0,-99,-99,-99,新北市,06,三峽區,057
24.940806,121.361500,三峽,C0AC60,2018-04-19T21:00:00+08:00,55.0,81,3.4,23.1,0.74,1008.4,-99,0.0,8.8,61,2018-04-19T20:35:00+08:00,新北市,06,三峽區,057
24.940806,121.361500,三峽,C0AC60,2018-04-19T22:00:00+08:00,55.0,76,3.1,22.8,0.75,1008.8,-99,0.0,8.8,95,2018-04-19T21:48:00+08:00,新北市,06,三峽區,057
24.940806,121.361500,三峽,C0AC60,2018-04-19T23:00:00+08:00,55.0,77,3.1,22.7,0.75,1008.8,-99,0.0,-99,-99,-99,新北市,06,三峽區,057
24.940806,121.361500,三峽,C0AC60,2018-04-20T00:00:00+08:00,55.0,85,2.9,22.5,0.77,1008.5,-99,0.0,-99,-99,-99,新北市,06,三峽區,057
24.940806,121.361500,三峽,C0AC60,2018-04-20T01:00:00+08:00,55.0,0,0.2,21.7,0.81,1008.2,-99,0.0,-99,-99,-99,新北市,06,三峽區,057
24.940806,121.361500,三峽,C0AC60,2018-04-20T02:00:00+08:00,55.0,168,0.7,20.5,0.93,1008.1,-99,0.0,-99,-99,-99,新北市,06,三峽區,057
24.940806,121.361500,三峽,C0AC60,2018-04-20T03:00:00+08:00,55.0,155,1.2,19.5,0.99,1007.8,-99,0.0,-99,-99,-99,新北市,06,三峽區,057
24.940806,121.361500,三峽,C0AC60,2018-04-20T04:00:00+08:00,55.0,154,1.3,19.0,0.99,1007.9,-99,0.0,-99,-99,-99,新北市,06,三峽區,057
24.940806,121.361500,三峽,C0AC60,2018-04-20T05:00:00+08:00,55.0,164,1.3,19.1,0.99,1008.0,-99,0.0,-99,-99,-99,新北市,06,三峽區,057
24.940806,121.361500,三峽,C0AC60,2018-04-20T06:00:00+08:00,55.0,159,1.1,18.9,0.99,1008.5,-99,0.0,-99,-99,-99,新北市,06,三峽區,057
24.940806,121.361500,三峽,C0AC60,2018-04-20T07:00:00+08:00,55.0,163,0.5,20.4,0.94,1009.1,-99,0.0,-99,-99,-99,新北市,06,三峽區,057
24.940806,121.361500,三峽,C0AC60,2018-04-20T08:00:00+08:00,55.0,0,0.1,23.7,0.75,1009.3,-99,0.0,-99,-99,-99,新北市,06,三峽區,057
24.940806,121.361500,三峽,C0AC60,2018-04-20T09:00:00+08:00,55.0,23,0.9,25.9,0.61,1009.6,-99,0.0,-99,-99,-99,新北市,06,三峽區,057
24.940806,121.361500,三峽,C0AC60,2018-04-20T10:00:00+08:00,55.0,64,1.2,27.8,0.53,1009.4,-99,0.0,-99,-99,-99,新北市,06,三峽區,057
24.940806,121.361500,三峽,C0AC60,2018-04-20T11:00:00+08:00,55.0,55,1.4,28.3,0.49,1009.2,-99,0.0,-99,-99,-99,新北市,06,三峽區,057
24.940806,121.361500,三峽,C0AC60,2018-04-20T12:00:00+08:00,55.0,42,2.0,28.4,0.49,1008.7,-99,0.0,-99,-99,-99,新北市,06,三峽區,057
24.940806,121.361500,三峽,C0AC60,2018-04-20T13:00:00+08:00,55.0,50,1.1,28.6,0.52,1008.2,-99,0.0,-99,-99,-99,新北市,06,三峽區,057
24.940806,121.361500,三峽,C0AC60,2018-04-20T14:00:00+08:00,55.0,81,1.8,28.3,0.54,1007.7,-99,0.0,-99,-99,-99,新北市,06,三峽區,057
24.940806,121.361500,三峽,C0AC60,2018-04-20T15:00:00+08:00,55.0,75,1.8,28.5,0.53,1007.4,-99,0.0,7.1,95,2018-04-20T14:55:00+08:00,新北市,06,三峽區,057
24.940806,121.361500,三峽,C0AC60,2018-04-20T16:00:00+08:00,55.0,58,1.7,28.4,0.54,1007.7,-99,0.0,-99,-99,-99,新北市,06,三峽區,057
24.940806,121.361500,三峽,C0AC60,2018-04-20T17:00:00+08:00,55.0,68,0.3,27.6,0.58,1008.0,-99,0.0,-99,-99,-99,新北市,06,三峽區,057
24.940806,121.361500,三峽,C0AC60,2018-04-20T18:00:00+08:00,55.0,74,0.8,26.7,0.62,1007.9,-99,0.0,-99,-99,-99,新北市,06,三峽區,057
24.940806,121.361500,三峽,C0AC60,2018-04-20T19:00:00+08:00,55.0,83,1.7,25.7,0.67,1007.7,-99,0.0,-99,-99,-99,新北市,06,三峽區,057
24.940806,121.361500,三峽,C0AC60,2018-04-20T20:00:00+08:00,55.0,85,2.8,24.4,0.74,1007.3,-99,0.0,-99,-99,-99,新北市,06,三峽區,057
24.940806,121.361500,三峽,C0AC60,2018-04-20T21:00:00+08:00,55.0,89,2.8,24.1,0.74,1006.6,-99,0.0,8.8,72,2018-04-20T20:27:00+08:00,新北市,06,三峽區,057
24.940806,121.361500,三峽,C0AC60,2018-04-20T22:00:00+08:00,55.0,0,0.0,24.1,0.73,1008.3,-99,0.0,-99,-99,-99,新北市,06,三峽區,057
24.940806,121.361500,三峽,C0AC60,2018-04-20T23:00:00+08:00,55.0,0,0.1,23.6,0.79,1008.7,-99,0.0,-99,-99,-99,新北市,06,三峽區,057
24.940806,121.361500,三峽,C0AC60,2018-04-21T00:00:00+08:00,55.0,88,0.7,22.7,0.88,1008.3,-99,0.0,-99,-99,-99,新北市,06,三峽區,057
24.940806,121.361500,三峽,C0AC60,2018-04-21T01:00:00+08:00,55.0,153,0.7,22.4,0.94,1007.9,-99,0.0,-99,-99,-99,新北市,06,三峽區,057
24.940806,121.361500,三峽,C0AC60,2018-04-21T02:00:00+08:00,55.0,158,0.3,21.9,0.97,1007.4,-99,0.0,-99,-99,-99,新北市,06,三峽區,057
24.940806,121.361500,三峽,C0AC60,2018-04-21T03:00:00+08:00,55.0,152,0.5,21.6,0.99,1006.8,-99,0.0,-99,-99,-99,新北市,06,三峽區,057
24.940806,121.361500,三峽,C0AC60,2018-04-21T04:00:00+08:00,55.0,173,0.7,21.5,0.98,1006.6,-99,0.0,-99,-99,-99,新北市,06,三峽區,057
24.940806,121.361500,三峽,C0AC60,2018-04-21T05:00:00+08:00,55.0,220,0.6,21.6,0.96,1007.1,-99,0.0,-99,-99,-99,新北市,06,三峽區,057
24.940806,121.361500,三峽,C0AC60,2018-04-21T06:00:00+08:00,55.0,197,0.8,21.1,0.98,1007.8,-99,0.0,-99,-99,-99,新北市,06,三峽區,057
24.940806,121.361500,三峽,C0AC60,2018-04-21T07:00:00+08:00,55.0,157,0.3,21.5,0.94,1008.3,-99,0.0,-99,-99,-99,新北市,06,三峽區,057
24.940806,121.361500,三峽,C0AC60,2018-04-21T08:00:00+08:00,55.0,189,0.4,23.2,0.88,1008.9,-99,0.0,-99,-99,-99,新北市,06,三峽區,057
24.940806,121.361500,三峽,C0AC60,2018-04-21T09:00:00+08:00,55.0,162,0.4,25.9,0.72,1008.6,-99,0.0,-99,-99,-99,新北市,06,三峽區,057
24.940806,121.361500,三峽,C0AC60,2018-04-21T10:00:00+08:00,55.0,66,1.0,27.0,0.68,1008.5,-99,0.0,-99,-99,-99,新北市,06,三峽區,057
24.940806,121.361500,三峽,C0AC60,2018-04-21T11:00:00+08:00,55.0,48,1.1,29.0,0.57,1008.2,-99,0.0,-99,-99,-99,新北市,06,三峽區,057
24.940806,121.361500,三峽,C0AC60,2018-04-21T12:00:00+08:00,55.0,81,1.0,30.6,0.5,1007.6,-99,0.0,-99,-99,-99,新北市,06,三峽區,057
24.940806,121.361500,三峽,C0AC60,2018-04-21T13:00:00+08:00,55.0,345,1.8,29.7,0.61,1006.9,-99,0.0,-99,-99,-99,新北市,06,三峽區,057
24.940806,121.361500,三峽,C0AC60,2018-04-21T14:00:00+08:00,55.0,346,1.6,28.1,0.71,1006.6,-99,0.0,-99,-99,-99,新北市,06,三峽區,057
24.940806,121.361500,三峽,C0AC60,2018-04-21T15:00:00+08:00,55.0,332,1.4,27.4,0.73,1006.4,-99,0.0,-99,-99,-99,新北市,06,三峽區,057
24.940806,121.361500,三峽,C0AC60,2018-04-21T16:00:00+08:00,55.0,331,0.9,27.1,0.73,1006.1,-99,0.0,-99,-99,-99,新北市,06,三峽區,057
24.940806,121.361500,三峽,C0AC60,2018-04-21T17:00:00+08:00,55.0,322,0.6,26.5,0.73,1006.0,-99,0.0,-99,-99,-99,新北市,06,三峽區,057
24.940806,121.361500,三峽,C0AC60,2018-04-21T18:00:00+08:00,55.0,0,0.2,26.2,0.72,1006.5,-99,0.0,-99,-99,-99,新北市,06,三峽區,057
24.940806,121.361500,三峽,C0AC60,2018-04-21T19:00:00+08:00,55.0,0,0.2,25.9,0.73,1007.2,-99,0.0,-99,-99,-99,新北市,06,三峽區,057
24.940806,121.361500,三峽,C0AC60,2018-04-21T20:00:00+08:00,55.0,194,0.9,24.7,0.85,1007.7,-99,0.0,-99,-99,-99,新北市,06,三峽區,057
24.940806,121.361500,三峽,C0AC60,2018-04-21T21:00:00+08:00,55.0,0,0.1,24.3,0.92,1008.0,-99,0.0,-99,-99,-99,新北市,06,三峽區,057
24.940806,121.361500,三峽,C0AC60,2018-04-21T22:00:00+08:00,55.0,202,0.3,23.9,0.94,1008.4,-99,0.0,-99,-99,-99,新北市,06,三峽區,057
24.940806,121.361500,三峽,C0AC60,2018-04-21T23:00:00+08:00,55.0,0,0.0,23.3,0.98,1007.8,-99,0.0,-99,-99,-99,新北市,06,三峽區,057
24.940806,121.361500,三峽,C0AC60,2018-04-22T00:00:00+08:00,55.0,0,0.0,23.3,0.99,1007.3,-99,0.0,-99,-99,-99,新北市,06,三峽區,057
24.940806,121.361500,三峽,C0AC60,2018-04-22T01:00:00+08:00,55.0,176,1.4,22.7,0.99,1007.3,-99,0.0,-99,-99,-99,新北市,06,三峽區,057
24.940806,121.361500,三峽,C0AC60,2018-04-22T02:00:00+08:00,55.0,0,0.1,22.3,0.99,1007.1,-99,0.0,-99,-99,-99,新北市,06,三峽區,057
24.940806,121.361500,三峽,C0AC60,2018-04-22T03:00:00+08:00,55.0,205,1.2,22.1,0.99,1006.8,-99,0.0,-99,-99,-99,新北市,06,三峽區,057
24.940806,121.361500,三峽,C0AC60,2018-04-22T04:00:00+08:00,55.0,0,0.0,22.0,0.99,1006.9,-99,0.0,-99,-99,-99,新北市,06,三峽區,057
24.940806,121.361500,三峽,C0AC60,2018-04-22T05:00:00+08:00,55.0,156,1.8,21.6,0.99,1006.9,-99,0.0,-99,-99,-99,新北市,06,三峽區,057
24.940806,121.361500,三峽,C0AC60,2018-04-22T06:00:00+08:00,55.0,157,1.2,21.8,0.99,1007.2,-99,0.0,-99,-99,-99,新北市,06,三峽區,057
24.940806,121.361500,三峽,C0AC60,2018-04-22T07:00:00+08:00,55.0,172,0.8,22.5,0.98,1007.8,-99,0.0,-99,-99,-99,新北市,06,三峽區,057
24.940806,121.361500,三峽,C0AC60,2018-04-22T08:00:00+08:00,55.0,92,0.8,24.8,0.9,1007.8,-99,0.0,-99,-99,-99,新北市,06,三峽區,057
24.940806,121.361500,三峽,C0AC60,2018-04-22T09:00:00+08:00,55.0,68,0.3,25.9,0.85,1007.6,-99,0.0,-99,-99,-99,新北市,06,三峽區,057
24.940806,121.361500,三峽,C0AC60,2018-04-22T10:00:00+08:00,55.0,0,0.2,26.9,0.76,1007.5,-99,0.0,-99,-99,-99,新北市,06,三峽區,057
24.940806,121.361500,三峽,C0AC60,2018-04-22T11:00:00+08:00,55.0,87,0.4,28.9,0.65,1006.7,-99,0.0,-99,-99,-99,新北市,06,三峽區,057
24.940806,121.361500,三峽,C0AC60,2018-04-22T12:00:00+08:00,55.0,123,0.5,30.6,0.52,1005.5,-99,0.0,-99,-99,-99,新北市,06,三峽區,057
24.940806,121.361500,三峽,C0AC60,2018-04-22T13:00:00+08:00,55.0,286,1.0,31.8,0.49,1004.4,-99,0.0,-99,-99,-99,新北市,06,三峽區,057
24.940806,121.361500,三峽,C0AC60,2018-04-22T14:00:00+08:00,55.0,301,1.2,32.3,0.49,1003.9,-99,0.0,-99,-99,-99,新北市,06,三峽區,057
24.940806,121.361500,三峽,C0AC60,2018-04-22T15:00:00+08:00,55.0,310,1.5,30.9,0.55,1003.9,-99,0.0,6.6,279,2018-04-22T14:52:00+08:00,新北市,06,三峽區,057
24.940806,121.361500,三峽,C0AC60,2018-04-22T16:00:00+08:00,55.0,283,1.4,29.8,0.58,1003.9,-99,0.0,-99,-99,-99,新北市,06,三峽區,057
24.940806,121.361500,三峽,C0AC60,2018-04-22T17:00:00+08:00,55.0,244,0.6,29.3,0.6,1003.8,-99,0.0,-99,-99,-99,新北市,06,三峽區,057
24.940806,121.361500,三峽,C0AC60,2018-04-22T18:00:00+08:00,55.0,224,0.4,28.5,0.67,1004.2,-99,0.0,-99,-99,-99,新北市,06,三峽區,057
24.940806,121.361500,三峽,C0AC60,2018-04-22T19:00:00+08:00,55.0,166,1.5,27.9,0.71,1004.2,-99,0.0,-99,-99,-99,新北市,06,三峽區,057
24.940806,121.361500,三峽,C0AC60,2018-04-22T20:00:00+08:00,55.0,0,0.0,26.4,0.83,1004.9,-99,0.0,-99,-99,-99,新北市,06,三峽區,057
24.940806,121.361500,三峽,C0AC60,2018-04-22T21:00:00+08:00,55.0,197,0.9,25.5,0.88,1005.4,-99,0.0,-99,-99,-99,新北市,06,三峽區,057
24.940806,121.361500,三峽,C0AC60,2018-04-22T22:00:00+08:00,55.0,215,1.0,24.9,0.91,1005.5,-99,0.0,-99,-99,-99,新北市,06,三峽區,057
24.940806,121.361500,三峽,C0AC60,2018-04-22T23:00:00+08:00,55.0,213,0.7,24.4,0.93,1005.3,-99,0.0,-99,-99,-99,新北市,06,三峽區,057
24.940806,121.361500,三峽,C0AC60,2018-04-23T00:00:00+08:00,55.0,210,0.3,24.4,0.93,1005.1,-99,0.0,-99,-99,-99,新北市,06,三峽區,057
24.940806,121.361500,三峽,C0AC60,2018-04-23T01:00:00+08:00,55.0,208,0.9,23.9,0.94,1004.8,-99,0.0,-99,-99,-99,新北市,06,三峽區,057
24.940806,121.361500,三峽,C0AC60,2018-04-23T02:00:00+08:00,55.0,206,1.0,23.9,0.93,1004.1,-99,0.0,-99,-99,-99,新北市,06,三峽區,057
24.940806,121.361500,三峽,C0AC60,2018-04-23T03:00:00+08:00,55.0,164,0.8,23.8,0.95,1004.1,-99,0.0,-99,-99,-99,新北市,06,三峽區,057
24.940806,121.361500,三峽,C0AC60,2018-04-23T04:00:00+08:00,55.0,169,0.7,23.8,0.94,1004.1,-99,0.0,-99,-99,-99,新北市,06,三峽區,057
24.940806,121.361500,三峽,C0AC60,2018-04-23T05:00:00+08:00,55.0,157,1.6,23.5,0.96,1004.1,-99,0.0,-99,-99,-99,新北市,06,三峽區,057
24.940806,121.361500,三峽,C0AC60,2018-04-23T06:00:00+08:00,55.0,161,0.8,23.4,0.96,1004.5,-99,0.0,-99,-99,-99,新北市,06,三峽區,057
24.940806,121.361500,三峽,C0AC60,2018-04-23T07:00:00+08:00,55.0,165,0.8,24.0,0.93,1004.9,-99,0.0,-99,-99,-99,新北市,06,三峽區,057
24.940806,121.361500,三峽,C0AC60,2018-04-23T08:00:00+08:00,55.0,0,0.1,26.2,0.87,1004.6,-99,0.0,-99,-99,-99,新北市,06,三峽區,057
24.940806,121.361500,三峽,C0AC60,2018-04-23T09:00:00+08:00,55.0,17,0.3,28.5,0.7,1004.3,-99,0.0,-99,-99,-99,新北市,06,三峽區,057
24.940806,121.361500,三峽,C0AC60,2018-04-23T10:00:00+08:00,55.0,138,0.5,31.0,0.56,1004.0,-99,0.0,-99,-99,-99,新北市,06,三峽區,057
24.940806,121.361500,三峽,C0AC60,2018-04-23T11:00:00+08:00,55.0,246,1.1,31.4,0.49,1003.4,-99,0.0,-99,-99,-99,新北市,06,三峽區,057
24.940806,121.361500,三峽,C0AC60,2018-04-23T12:00:00+08:00,55.0,335,0.8,32.2,0.54,1002.8,-99,0.0,-99,-99,-99,新北市,06,三峽區,057
24.940806,121.361500,三峽,C0AC60,2018-04-23T13:00:00+08:00,55.0,342,1.7,30.2,0.61,1002.6,-99,0.0,-99,-99,-99,新北市,06,三峽區,057
24.940806,121.361500,三峽,C0AC60,2018-04-23T14:00:00+08:00,55.0,315,0.7,30.4,0.61,1002.0,-99,0.0,-99,-99,-99,新北市,06,三峽區,057
24.940806,121.361500,三峽,C0AC60,2018-04-23T15:00:00+08:00,55.0,53,1.1,29.7,0.65,1001.6,-99,0.0,-99,-99,-99,新北市,06,三峽區,057
24.940806,121.361500,三峽,C0AC60,2018-04-23T16:00:00+08:00,55.0,91,1.1,29.6,0.69,1001.4,-99,0.0,-99,-99,-99,新北市,06,三峽區,057
24.940806,121.361500,三峽,C0AC60,2018-04-23T17:00:00+08:00,55.0,88,0.3,29.5,0.65,1001.1,-99,0.0,-99,-99,-99,新北市,06,三峽區,057
24.940806,121.361500,三峽,C0AC60,2018-04-23T18:00:00+08:00,55.0,234,1.2,28.2,0.7,1001.7,-99,0.0,-99,-99,-99,新北市,06,三峽區,057
24.940806,121.361500,三峽,C0AC60,2018-04-23T19:00:00+08:00,55.0,175,1.7,26.4,0.83,1001.8,-99,0.0,-99,-99,-99,新北市,06,三峽區,057
24.940806,121.361500,三峽,C0AC60,2018-04-23T20:00:00+08:00,55.0,220,1.4,25.7,0.87,1002.4,-99,0.0,-99,-99,-99,新北市,06,三峽區,057
24.940806,121.361500,三峽,C0AC60,2018-04-23T21:00:00+08:00,55.0,213,1.7,24.9,0.93,1003.2,-99,0.0,-99,-99,-99,新北市,06,三峽區,057
24.940806,121.361500,三峽,C0AC60,2018-04-23T22:00:00+08:00,55.0,166,0.9,24.9,0.9,1003.5,-99,0.0,-99,-99,-99,新北市,06,三峽區,057
24.940806,121.361500,三峽,C0AC60,2018-04-23T23:00:00+08:00,55.0,179,0.7,24.2,0.92,1003.3,-99,0.0,-99,-99,-99,新北市,06,三峽區,057
24.940806,121.361500,三峽,C0AC60,2018-04-24T00:00:00+08:00,55.0,168,1.0,23.9,0.93,1003.1,-99,0.0,-99,-99,-99,新北市,06,三峽區,057
24.940806,121.361500,三峽,C0AC60,2018-04-24T01:00:00+08:00,55.0,205,0.6,23.9,0.93,1002.5,-99,0.0,-99,-99,-99,新北市,06,三峽區,057
24.940806,121.361500,三峽,C0AC60,2018-04-24T02:00:00+08:00,55.0,210,1.2,23.3,0.95,1002.0,-99,0.0,-99,-99,-99,新北市,06,三峽區,057
24.940806,121.361500,三峽,C0AC60,2018-04-24T03:00:00+08:00,55.0,169,0.6,23.6,0.95,1001.6,-99,0.0,-99,-99,-99,新北市,06,三峽區,057
24.940806,121.361500,三峽,C0AC60,2018-04-24T04:00:00+08:00,55.0,165,1.8,23.3,0.95,1001.8,-99,0.0,-99,-99,-99,新北市,06,三峽區,057
24.940806,121.361500,三峽,C0AC60,2018-04-24T05:00:00+08:00,55.0,154,0.6,23.3,0.95,1002.2,-99,0.0,-99,-99,-99,新北市,06,三峽區,057
24.940806,121.361500,三峽,C0AC60,2018-04-24T06:00:00+08:00,55.0,208,1.0,23.4,0.94,1002.3,-99,0.0,-99,-99,-99,新北市,06,三峽區,057
24.940806,121.361500,三峽,C0AC60,2018-04-24T07:00:00+08:00,55.0,193,1.0,24.7,0.88,1002.9,-99,0.0,-99,-99,-99,新北市,06,三峽區,057
24.940806,121.361500,三峽,C0AC60,2018-04-24T08:00:00+08:00,55.0,195,1.0,26.0,0.77,1003.3,-99,0.0,-99,-99,-99,新北市,06,三峽區,057
24.940806,121.361500,三峽,C0AC60,2018-04-24T09:00:00+08:00,55.0,210,0.8,26.5,0.78,1003.8,-99,0.0,-99,-99,-99,新北市,06,三峽區,057
24.940806,121.361500,三峽,C0AC60,2018-04-24T10:00:00+08:00,55.0,243,1.0,27.0,0.8,1003.6,-99,0.0,-99,-99,-99,新北市,06,三峽區,057
24.940806,121.361500,三峽,C0AC60,2018-04-24T11:00:00+08:00,55.0,330,2.9,26.8,0.93,1003.3,-99,0.0,-99,-99,-99,新北市,06,三峽區,057
24.940806,121.361500,三峽,C0AC60,2018-04-24T12:00:00+08:00,55.0,336,1.8,23.6,0.99,1004.0,-99,2.0,9.3,347,2018-04-24T11:47:00+08:00,新北市,06,三峽區,057
24.940806,121.361500,三峽,C0AC60,2018-04-24T13:00:00+08:00,55.0,94,1.2,22.8,1,1004.5,-99,3.0,-99,-99,-99,新北市,06,三峽區,057
24.940806,121.361500,三峽,C0AC60,2018-04-24T14:00:00+08:00,55.0,91,1.0,21.9,0.99,1004.6,-99,3.5,-99,-99,-99,新北市,06,三峽區,057
24.940806,121.361500,三峽,C0AC60,2018-04-24T15:00:00+08:00,55.0,75,0.9,21.6,1,1004.2,-99,4.0,-99,-99,-99,新北市,06,三峽區,057
24.940806,121.361500,三峽,C0AC60,2018-04-24T16:00:00+08:00,55.0,88,1.3,21.1,0.99,1004.3,-99,5.0,-99,-99,-99,新北市,06,三峽區,057
24.940806,121.361500,三峽,C0AC60,2018-04-24T17:00:00+08:00,55.0,89,1.5,20.4,0.99,1005.0,-99,7.0,-99,-99,-99,新北市,06,三峽區,057
24.940806,121.361500,三峽,C0AC60,2018-04-24T18:00:00+08:00,55.0,92,1.8,20.3,0.99,1005.7,-99,7.0,-99,-99,-99,新北市,06,三峽區,057
24.940806,121.361500,三峽,C0AC60,2018-04-24T19:00:00+08:00,55.0,93,2.0,19.6,0.99,1006.6,-99,10.0,-99,-99,-99,新北市,06,三峽區,057
24.940806,121.361500,三峽,C0AC60,2018-04-24T20:00:00+08:00,55.0,96,1.5,19.5,0.99,1007.1,-99,11.0,-99,-99,-99,新北市,06,三峽區,057
24.940806,121.361500,三峽,C0AC60,2018-04-24T21:00:00+08:00,55.0,94,1.9,19.8,0.97,1007.5,-99,11.0,-99,-99,-99,新北市,06,三峽區,057
24.940806,121.361500,三峽,C0AC60,2018-04-24T22:00:00+08:00,55.0,95,1.3,20.1,0.94,1007.8,-99,11.0,-99,-99,-99,新北市,06,三峽區,057
24.940806,121.361500,三峽,C0AC60,2018-04-24T23:00:00+08:00,55.0,89,1.2,20.2,0.93,1007.9,-99,11.0,-99,-99,-99,新北市,06,三峽區,057
24.940806,121.361500,三峽,C0AC60,2018-04-25T00:00:00+08:00,55.0,91,2.5,20.1,0.92,1007.8,-99,11.0,-99,-99,-99,新北市,06,三峽區,057
24.940806,121.361500,三峽,C0AC60,2018-04-25T18:00:00+08:00,55.0,88,1.9,21.2,0.62,1007.2,-99,0.0,8.2,63,2018-04-25T17:11:00+08:00,新北市,06,三峽區,057
24.940806,121.361500,三峽,C0AC60,2018-04-25T19:00:00+08:00,55.0,78,2.6,20.7,0.64,1007.4,-99,0.0,8.2,71,2018-04-25T18:53:00+08:00,新北市,06,三峽區,057
24.940806,121.361500,三峽,C0AC60,2018-04-25T20:00:00+08:00,55.0,83,3.6,20.2,0.68,1007.8,-99,0.0,-99,-99,-99,新北市,06,三峽區,057
24.940806,121.361500,三峽,C0AC60,2018-04-25T21:00:00+08:00,55.0,81,3.1,20.1,0.68,1008.4,-99,0.0,8.8,66,2018-04-25T20:02:00+08:00,新北市,06,三峽區,057
24.940806,121.361500,三峽,C0AC60,2018-04-25T22:00:00+08:00,55.0,87,2.7,19.8,0.7,1008.4,-99,0.0,8.2,77,2018-04-25T21:24:00+08:00,新北市,06,三峽區,057
24.940806,121.361500,三峽,C0AC60,2018-04-25T23:00:00+08:00,55.0,84,2.1,19.7,0.72,1008.5,-99,0.0,-99,-99,-99,新北市,06,三峽區,057
24.940806,121.361500,三峽,C0AC60,2018-04-26T00:00:00+08:00,55.0,80,2.8,19.7,0.74,1007.9,-99,0.0,-99,-99,-99,新北市,06,三峽區,057
24.940806,121.361500,三峽,C0AC60,2018-04-27T18:00:00+08:00,55.0,-99,-99,-99,-99,-99,-99,-99,-99,-99,-99,新北市,06,三峽區,057
24.940806,121.361500,三峽,C0AC60,2018-04-27T19:00:00+08:00,55.0,-99,-99,-99,-99,-99,-99,-99,-99,-99,-99,新北市,06,三峽區,057
24.940806,121.361500,三峽,C0AC60,2018-04-27T20:00:00+08:00,55.0,-99,-99,-99,-99,-99,-99,-99,-99,-99,-99,新北市,06,三峽區,057
24.940806,121.361500,三峽,C0AC60,2018-04-27T21:00:00+08:00,55.0,-99,-99,-99,-99,-99,-99,-99,-99,-99,-99,新北市,06,三峽區,057
24.940806,121.361500,三峽,C0AC60,2018-04-27T22:00:00+08:00,55.0,-99,-99,-99,-99,-99,-99,-99,-99,-99,-99,新北市,06,三峽區,057
24.940806,121.361500,三峽,C0AC60,2018-04-27T23:00:00+08:00,55.0,-99,-99,-99,-99,-99,-99,-99,-99,-99,-99,新北市,06,三峽區,057
24.940806,121.361500,三峽,C0AC60,2018-04-28T00:00:00+08:00,55.0,-99,-99,-99,-99,-99,-99,-99,-99,-99,-99,新北市,06,三峽區,057
24.940806,121.361500,三峽,C0AC60,2018-04-28T01:00:00+08:00,55.0,-99,-99,-99,-99,-99,-99,-99,-99,-99,-99,新北市,06,三峽區,057
24.940806,121.361500,三峽,C0AC60,2018-04-28T02:00:00+08:00,55.0,-99,-99,-99,-99,-99,-99,-99,-99,-99,-99,新北市,06,三峽區,057
24.940806,121.361500,三峽,C0AC60,2018-04-28T03:00:00+08:00,55.0,-99,-99,-99,-99,-99,-99,-99,-99,-99,-99,新北市,06,三峽區,057
24.940806,121.361500,三峽,C0AC60,2018-04-28T04:00:00+08:00,55.0,-99,-99,-99,-99,-99,-99,-99,-99,-99,-99,新北市,06,三峽區,057
24.940806,121.361500,三峽,C0AC60,2018-04-28T05:00:00+08:00,55.0,-99,-99,-99,-99,-99,-99,-99,-99,-99,-99,新北市,06,三峽區,057
24.940806,121.361500,三峽,C0AC60,2018-04-28T06:00:00+08:00,55.0,-99,-99,-99,-99,-99,-99,-99,-99,-99,-99,新北市,06,三峽區,057
24.940806,121.361500,三峽,C0AC60,2018-04-28T07:00:00+08:00,55.0,-99,-99,-99,-99,-99,-99,-99,-99,-99,-99,新北市,06,三峽區,057
24.940806,121.361500,三峽,C0AC60,2018-04-28T08:00:00+08:00,55.0,-99,-99,-99,-99,-99,-99,-99,-99,-99,-99,新北市,06,三峽區,057
24.940806,121.361500,三峽,C0AC60,2018-04-28T09:00:00+08:00,55.0,-99,-99,-99,-99,-99,-99,-99,-99,-99,-99,新北市,06,三峽區,057
24.940806,121.361500,三峽,C0AC60,2018-04-28T10:00:00+08:00,55.0,-99,-99,-99,-99,-99,-99,-99,-99,-99,-99,新北市,06,三峽區,057
24.940806,121.361500,三峽,C0AC60,2018-04-28T11:00:00+08:00,55.0,-99,-99,-99,-99,-99,-99,-99,-99,-99,-99,新北市,06,三峽區,057
24.940806,121.361500,三峽,C0AC60,2018-04-28T12:00:00+08:00,55.0,-99,-99,-99,-99,-99,-99,-99,-99,-99,-99,新北市,06,三峽區,057
24.940806,121.361500,三峽,C0AC60,2018-04-28T13:00:00+08:00,55.0,-99,-99,-99,-99,-99,-99,-99,-99,-99,-99,新北市,06,三峽區,057
24.940806,121.361500,三峽,C0AC60,2018-04-28T14:00:00+08:00,55.0,-99,-99,-99,-99,-99,-99,-99,-99,-99,-99,新北市,06,三峽區,057
24.940806,121.361500,三峽,C0AC60,2018-04-28T15:00:00+08:00,55.0,-99,-99,-99,-99,-99,-99,-99,-99,-99,-99,新北市,06,三峽區,057
24.940806,121.361500,三峽,C0AC60,2018-04-28T16:00:00+08:00,55.0,-99,-99,-99,-99,-99,-99,-99,-99,-99,-99,新北市,06,三峽區,057
24.940806,121.361500,三峽,C0AC60,2018-04-28T17:00:00+08:00,55.0,-99,-99,-99,-99,-99,-99,-99,-99,-99,-99,新北市,06,三峽區,057
24.940806,121.361500,三峽,C0AC60,2018-04-28T18:00:00+08:00,55.0,-99,-99,-99,-99,-99,-99,-99,-99,-99,-99,新北市,06,三峽區,057
24.940806,121.361500,三峽,C0AC60,2018-04-28T19:00:00+08:00,55.0,-99,-99,-99,-99,-99,-99,-99,-99,-99,-99,新北市,06,三峽區,057
24.940806,121.361500,三峽,C0AC60,2018-04-28T20:00:00+08:00,55.0,-99,-99,-99,-99,-99,-99,-99,-99,-99,-99,新北市,06,三峽區,057
24.940806,121.361500,三峽,C0AC60,2018-04-28T21:00:00+08:00,55.0,-99,-99,-99,-99,-99,-99,-99,-99,-99,-99,新北市,06,三峽區,057
24.940806,121.361500,三峽,C0AC60,2018-04-28T22:00:00+08:00,55.0,-99,-99,-99,-99,-99,-99,-99,-99,-99,-99,新北市,06,三峽區,057
24.940806,121.361500,三峽,C0AC60,2018-04-28T23:00:00+08:00,55.0,-99,-99,-99,-99,-99,-99,-99,-99,-99,-99,新北市,06,三峽區,057
24.940806,121.361500,三峽,C0AC60,2018-04-29T00:00:00+08:00,55.0,-99,-99,-99,-99,-99,-99,-99,-99,-99,-99,新北市,06,三峽區,057
24.940806,121.361500,三峽,C0AC60,2018-04-29T01:00:00+08:00,55.0,-99,-99,-99,-99,-99,-99,-99,-99,-99,-99,新北市,06,三峽區,057
24.940806,121.361500,三峽,C0AC60,2018-04-29T02:00:00+08:00,55.0,-99,-99,-99,-99,-99,-99,-99,-99,-99,-99,新北市,06,三峽區,057
24.940806,121.361500,三峽,C0AC60,2018-04-29T03:00:00+08:00,55.0,-99,-99,-99,-99,-99,-99,-99,-99,-99,-99,新北市,06,三峽區,057
24.940806,121.361500,三峽,C0AC60,2018-04-29T04:00:00+08:00,55.0,-99,-99,-99,-99,-99,-99,-99,-99,-99,-99,新北市,06,三峽區,057
24.940806,121.361500,三峽,C0AC60,2018-04-29T05:00:00+08:00,55.0,-99,-99,-99,-99,-99,-99,-99,-99,-99,-99,新北市,06,三峽區,057
24.940806,121.361500,三峽,C0AC60,2018-04-29T06:00:00+08:00,55.0,-99,-99,-99,-99,-99,-99,-99,-99,-99,-99,新北市,06,三峽區,057
24.940806,121.361500,三峽,C0AC60,2018-04-29T07:00:00+08:00,55.0,-99,-99,-99,-99,-99,-99,-99,-99,-99,-99,新北市,06,三峽區,057
24.940806,121.361500,三峽,C0AC60,2018-04-29T08:00:00+08:00,55.0,-99,-99,-99,-99,-99,-99,-99,-99,-99,-99,新北市,06,三峽區,057
24.940806,121.361500,三峽,C0AC60,2018-04-29T09:00:00+08:00,55.0,-99,-99,-99,-99,-99,-99,-99,-99,-99,-99,新北市,06,三峽區,057
24.940806,121.361500,三峽,C0AC60,2018-04-29T10:00:00+08:00,55.0,-99,-99,-99,-99,-99,-99,-99,-99,-99,-99,新北市,06,三峽區,057
24.940806,121.361500,三峽,C0AC60,2018-04-29T11:00:00+08:00,55.0,-99,-99,-99,-99,-99,-99,-99,-99,-99,-99,新北市,06,三峽區,057
24.940806,121.361500,三峽,C0AC60,2018-04-29T12:00:00+08:00,55.0,-99,-99,-99,-99,-99,-99,-99,-99,-99,-99,新北市,06,三峽區,057
24.940806,121.361500,三峽,C0AC60,2018-04-29T13:00:00+08:00,55.0,-99,-99,-99,-99,-99,-99,-99,-99,-99,-99,新北市,06,三峽區,057
24.940806,121.361500,三峽,C0AC60,2018-04-29T14:00:00+08:00,55.0,-99,-99,-99,-99,-99,-99,-99,-99,-99,-99,新北市,06,三峽區,057
24.940806,121.361500,三峽,C0AC60,2018-04-29T15:00:00+08:00,55.0,-99,-99,-99,-99,-99,-99,-99,-99,-99,-99,新北市,06,三峽區,057
24.940806,121.361500,三峽,C0AC60,2018-04-29T16:00:00+08:00,55.0,-99,-99,-99,-99,-99,-99,-99,-99,-99,-99,新北市,06,三峽區,057
24.940806,121.361500,三峽,C0AC60,2018-04-29T17:00:00+08:00,55.0,-99,-99,-99,-99,-99,-99,-99,-99,-99,-99,新北市,06,三峽區,057
24.940806,121.361500,三峽,C0AC60,2018-04-29T19:00:00+08:00,55.0,-99,-99,-99,-99,-99,-99,-99,-99,-99,-99,新北市,06,三峽區,057
24.940806,121.361500,三峽,C0AC60,2018-04-29T20:00:00+08:00,55.0,-99,-99,-99,-99,-99,-99,-99,-99,-99,-99,新北市,06,三峽區,057
24.940806,121.361500,三峽,C0AC60,2018-04-29T21:00:00+08:00,55.0,-99,-99,-99,-99,-99,-99,-99,-99,-99,-99,新北市,06,三峽區,057
24.940806,121.361500,三峽,C0AC60,2018-04-29T22:00:00+08:00,55.0,-99,-99,-99,-99,-99,-99,-99,-99,-99,-99,新北市,06,三峽區,057
24.940806,121.361500,三峽,C0AC60,2018-04-29T23:00:00+08:00,55.0,-99,-99,-99,-99,-99,-99,-99,-99,-99,-99,新北市,06,三峽區,057
24.940806,121.361500,三峽,C0AC60,2018-04-30T00:00:00+08:00,55.0,-99,-99,-99,-99,-99,-99,-99,-99,-99,-99,新北市,06,三峽區,057
24.940806,121.361500,三峽,C0AC60,2018-04-30T01:00:00+08:00,55.0,-99,-99,-99,-99,-99,-99,-99,-99,-99,-99,新北市,06,三峽區,057
24.940806,121.361500,三峽,C0AC60,2018-04-30T02:00:00+08:00,55.0,-99,-99,-99,-99,-99,-99,-99,-99,-99,-99,新北市,06,三峽區,057
24.940806,121.361500,三峽,C0AC60,2018-04-30T03:00:00+08:00,55.0,-99,-99,-99,-99,-99,-99,-99,-99,-99,-99,新北市,06,三峽區,057
24.940806,121.361500,三峽,C0AC60,2018-04-30T04:00:00+08:00,55.0,-99,-99,-99,-99,-99,-99,-99,-99,-99,-99,新北市,06,三峽區,057
24.940806,121.361500,三峽,C0AC60,2018-04-30T05:00:00+08:00,55.0,-99,-99,-99,-99,-99,-99,-99,-99,-99,-99,新北市,06,三峽區,057
24.940806,121.361500,三峽,C0AC60,2018-04-30T06:00:00+08:00,55.0,-99,-99,-99,-99,-99,-99,-99,-99,-99,-99,新北市,06,三峽區,057
24.940806,121.361500,三峽,C0AC60,2018-04-30T07:00:00+08:00,55.0,-99,-99,-99,-99,-99,-99,-99,-99,-99,-99,新北市,06,三峽區,057
24.940806,121.361500,三峽,C0AC60,2018-04-30T08:00:00+08:00,55.0,-99,-99,-99,-99,-99,-99,-99,-99,-99,-99,新北市,06,三峽區,057
24.940806,121.361500,三峽,C0AC60,2018-04-30T09:00:00+08:00,55.0,-99,-99,-99,-99,-99,-99,-99,-99,-99,-99,新北市,06,三峽區,057
24.940806,121.361500,三峽,C0AC60,2018-04-30T10:00:00+08:00,55.0,-99,-99,-99,-99,-99,-99,-99,-99,-99,-99,新北市,06,三峽區,057
24.940806,121.361500,三峽,C0AC60,2018-04-30T11:00:00+08:00,55.0,-99,-99,-99,-99,-99,-99,-99,-99,-99,-99,新北市,06,三峽區,057
24.940806,121.361500,三峽,C0AC60,2018-04-30T12:00:00+08:00,55.0,-99,-99,-99,-99,-99,-99,-99,-99,-99,-99,新北市,06,三峽區,057
24.940806,121.361500,三峽,C0AC60,2018-04-30T13:00:00+08:00,55.0,-99,-99,-99,-99,-99,-99,-99,-99,-99,-99,新北市,06,三峽區,057
24.940806,121.361500,三峽,C0AC60,2018-04-30T14:00:00+08:00,55.0,-99,-99,-99,-99,-99,-99,-99,-99,-99,-99,新北市,06,三峽區,057
24.940806,121.361500,三峽,C0AC60,2018-04-30T15:00:00+08:00,55.0,-99,-99,-99,-99,-99,-99,-99,-99,-99,-99,新北市,06,三峽區,057
24.940806,121.361500,三峽,C0AC60,2018-04-30T16:00:00+08:00,55.0,-99,-99,-99,-99,-99,-99,-99,-99,-99,-99,新北市,06,三峽區,057
24.940806,121.361500,三峽,C0AC60,2018-04-30T17:00:00+08:00,55.0,-99,-99,-99,-99,-99,-99,-99,-99,-99,-99,新北市,06,三峽區,057
24.940806,121.361500,三峽,C0AC60,2018-04-30T18:00:00+08:00,55.0,-99,-99,-99,-99,-99,-99,-99,-99,-99,-99,新北市,06,三峽區,057
24.940806,121.361500,三峽,C0AC60,2018-04-30T19:00:00+08:00,55.0,-99,-99,-99,-99,-99,-99,-99,-99,-99,-99,新北市,06,三峽區,057
24.940806,121.361500,三峽,C0AC60,2018-04-30T20:00:00+08:00,55.0,-99,-99,-99,-99,-99,-99,-99,-99,-99,-99,新北市,06,三峽區,057
24.940806,121.361500,三峽,C0AC60,2018-04-30T21:00:00+08:00,55.0,-99,-99,-99,-99,-99,-99,-99,-99,-99,-99,新北市,06,三峽區,057
24.940806,121.361500,三峽,C0AC60,2018-04-30T22:00:00+08:00,55.0,-99,-99,-99,-99,-99,-99,-99,-99,-99,-99,新北市,06,三峽區,057
24.940806,121.361500,三峽,C0AC60,2018-04-30T23:00:00+08:00,55.0,-99,-99,-99,-99,-99,-99,-99,-99,-99,-99,新北市,06,三峽區,057
