24.940806,121.361500,三峽,C0AC60,2017-12-01T00:00:00+08:00,55.0,91,2.8,18.9,0.96,1014.4,-99,0.0,-99,-99,-99,新北市,06,三峽區,057
24.940806,121.361500,三峽,C0AC60,2017-12-01T01:00:00+08:00,55.0,99,2.8,18.8,0.95,1014.2,-99,0.0,8.2,92,2017-12-01T00:01:00+08:00,新北市,06,三峽區,057
24.940806,121.361500,三峽,C0AC60,2017-12-01T02:00:00+08:00,55.0,88,2.5,18.9,0.92,1014.2,-99,0.0,8.8,91,2017-12-01T01:52:00+08:00,新北市,06,三峽區,057
24.940806,121.361500,三峽,C0AC60,2017-12-01T03:00:00+08:00,55.0,93,2.6,18.9,0.91,1014.1,-99,0.0,7.7,50,2017-12-01T02:23:00+08:00,新北市,06,三峽區,057
24.940806,121.361500,三峽,C0AC60,2017-12-01T04:00:00+08:00,55.0,97,3.1,18.8,0.9,1014.0,-99,0.0,8.8,77,2017-12-01T03:10:00+08:00,新北市,06,三峽區,057
24.940806,121.361500,三峽,C0AC60,2017-12-01T05:00:00+08:00,55.0,95,3.0,18.7,0.92,1014.3,-99,0.0,8.8,70,2017-12-01T04:41:00+08:00,新北市,06,三峽區,057
24.940806,121.361500,三峽,C0AC60,2017-12-01T06:00:00+08:00,55.0,99,2.3,18.8,0.91,1015.0,-99,0.0,7.7,96,2017-12-01T05:11:00+08:00,新北市,06,三峽區,057
24.940806,121.361500,三峽,C0AC60,2017-12-01T07:00:00+08:00,55.0,96,2.7,18.6,0.92,1015.5,-99,0.0,7.7,83,2017-12-01T06:12:00+08:00,新北市,06,三峽區,057
24.940806,121.361500,三峽,C0AC60,2017-12-01T08:00:00+08:00,55.0,92,3.7,19.1,0.89,1016.1,-99,0.0,8.8,87,2017-12-01T07:45:00+08:00,新北市,06,三峽區,057
24.940806,121.361500,三峽,C0AC60,2017-12-01T09:00:00+08:00,55.0,94,2.3,18.8,0.93,1016.5,-99,0.0,8.8,78,2017-12-01T08:14:00+08:00,新北市,06,三峽區,057
24.940806,121.361500,三峽,C0AC60,2017-12-01T10:00:00+08:00,55.0,95,3.2,18.8,0.93,1016.8,-99,0.0,8.8,75,2017-12-01T09:44:00+08:00,新北市,06,三峽區,057
24.940806,121.361500,三峽,C0AC60,2017-12-01T11:00:00+08:00,55.0,91,2.3,20.1,0.83,1015.8,-99,0.0,8.8,74,2017-12-01T10:28:00+08:00,新北市,06,三峽區,057
24.940806,121.361500,三峽,C0AC60,2017-12-01T12:00:00+08:00,55.0,89,2.7,19.7,0.87,1015.2,-99,0.0,8.8,90,2017-12-01T11:22:00+08:00,新北市,06,三峽區,057
24.940806,121.361500,三峽,C0AC60,2017-12-01T13:00:00+08:00,55.0,96,2.1,19.4,0.89,1014.3,-99,0.0,8.8,56,2017-12-01T12:51:00+08:00,新北市,06,三峽區,057
24.940806,121.361500,三峽,C0AC60,2017-12-01T14:00:00+08:00,55.0,92,3.1,19.4,0.88,1013.8,-99,0.0,8.8,68,2017-12-01T13:15:00+08:00,新北市,06,三峽區,057
24.940806,121.361500,三峽,C0AC60,2017-12-01T15:00:00+08:00,55.0,93,3.0,18.9,0.92,1013.4,-99,0.0,8.8,39,2017-12-01T14:18:00+08:00,新北市,06,三峽區,057
24.940806,121.361500,三峽,C0AC60,2017-12-01T16:00:00+08:00,55.0,86,2.5,19.5,0.87,1013.6,-99,0.0,8.2,88,2017-12-01T15:10:00+08:00,新北市,06,三峽區,057
24.940806,121.361500,三峽,C0AC60,2017-12-01T17:00:00+08:00,55.0,95,2.9,19.0,0.91,1014.2,-99,0.0,9.9,75,2017-12-01T16:06:00+08:00,新北市,06,三峽區,057
24.940806,121.361500,三峽,C0AC60,2017-12-01T18:00:00+08:00,55.0,94,2.3,18.6,0.95,1014.8,-99,0.0,7.7,75,2017-12-01T17:02:00+08:00,新北市,06,三峽區,057
24.940806,121.361500,三峽,C0AC60,2017-12-01T19:00:00+08:00,55.0,70,2.8,19.1,0.92,1015.8,-99,0.0,8.8,85,2017-12-01T18:54:00+08:00,新北市,06,三峽區,057
24.940806,121.361500,三峽,C0AC60,2017-12-01T20:00:00+08:00,55.0,95,2.3,18.4,0.99,1015.8,-99,0.5,7.7,87,2017-12-01T19:12:00+08:00,新北市,06,三峽區,057
24.940806,121.361500,三峽,C0AC60,2017-12-01T21:00:00+08:00,55.0,97,1.9,18.6,0.97,1015.8,-99,0.5,-99,-99,-99,新北市,06,三峽區,057
24.940806,121.361500,三峽,C0AC60,2017-12-01T22:00:00+08:00,55.0,92,1.7,18.6,0.98,1015.5,-99,0.5,8.2,62,2017-12-01T21:21:00+08:00,新北市,06,三峽區,057
24.940806,121.361500,三峽,C0AC60,2017-12-01T23:00:00+08:00,55.0,87,1.7,18.6,0.98,1015.2,-99,0.5,-99,-99,-99,新北市,06,三峽區,057
24.940806,121.361500,三峽,C0AC60,2017-12-02T00:00:00+08:00,55.0,81,2.9,18.6,0.98,1014.7,-99,0.5,-99,-99,-99,新北市,06,三峽區,057
24.940806,121.361500,三峽,C0AC60,2017-12-02T01:00:00+08:00,55.0,75,2.4,18.4,0.97,1014.3,-99,0.5,8.8,89,2017-12-02T00:15:00+08:00,新北市,06,三峽區,057
24.940806,121.361500,三峽,C0AC60,2017-12-02T02:00:00+08:00,55.0,80,2.0,18.5,0.96,1014.3,-99,0.5,8.8,67,2017-12-02T01:15:00+08:00,新北市,06,三峽區,057
24.940806,121.361500,三峽,C0AC60,2017-12-02T03:00:00+08:00,55.0,78,2.3,18.1,0.99,1014.0,-99,0.5,9.9,82,2017-12-02T02:21:00+08:00,新北市,06,三峽區,057
24.940806,121.361500,三峽,C0AC60,2017-12-02T04:00:00+08:00,55.0,83,2.5,18.4,0.96,1013.6,-99,0.5,9.9,92,2017-12-02T03:13:00+08:00,新北市,06,三峽區,057
24.940806,121.361500,三峽,C0AC60,2017-12-02T05:00:00+08:00,55.0,80,3.3,18.2,0.96,1014.0,-99,0.5,9.9,85,2017-12-02T04:38:00+08:00,新北市,06,三峽區,057
24.940806,121.361500,三峽,C0AC60,2017-12-02T06:00:00+08:00,55.0,82,1.8,18.1,0.96,1014.4,-99,0.5,8.2,49,2017-12-02T05:15:00+08:00,新北市,06,三峽區,057
24.940806,121.361500,三峽,C0AC60,2017-12-02T07:00:00+08:00,55.0,88,1.4,18.2,0.98,1015.1,-99,0.5,6.6,93,2017-12-02T06:55:00+08:00,新北市,06,三峽區,057
24.940806,121.361500,三峽,C0AC60,2017-12-02T08:00:00+08:00,55.0,84,2.6,18.2,0.99,1015.6,-99,1.0,9.3,79,2017-12-02T07:41:00+08:00,新北市,06,三峽區,057
24.940806,121.361500,三峽,C0AC60,2017-12-02T09:00:00+08:00,55.0,82,2.9,18.9,0.96,1015.8,-99,1.0,8.2,65,2017-12-02T08:06:00+08:00,新北市,06,三峽區,057
24.940806,121.361500,三峽,C0AC60,2017-12-02T10:00:00+08:00,55.0,89,2.1,19.2,0.97,1015.5,-99,1.0,7.7,85,2017-12-02T09:18:00+08:00,新北市,06,三峽區,057
24.940806,121.361500,三峽,C0AC60,2017-12-02T11:00:00+08:00,55.0,79,3.2,19.9,0.92,1014.7,-99,1.0,7.1,93,2017-12-02T10:40:00+08:00,新北市,06,三峽區,057
24.940806,121.361500,三峽,C0AC60,2017-12-02T12:00:00+08:00,55.0,83,2.3,19.5,0.95,1013.7,-99,1.0,8.8,95,2017-12-02T11:25:00+08:00,新北市,06,三峽區,057
24.940806,121.361500,三峽,C0AC60,2017-12-02T13:00:00+08:00,55.0,81,2.9,20.4,0.88,1012.7,-99,1.0,9.3,79,2017-12-02T12:03:00+08:00,新北市,06,三峽區,057
24.940806,121.361500,三峽,C0AC60,2017-12-02T14:00:00+08:00,55.0,82,2.5,20.3,0.89,1011.8,-99,1.0,9.3,74,2017-12-02T13:13:00+08:00,新北市,06,三峽區,057
24.940806,121.361500,三峽,C0AC60,2017-12-02T15:00:00+08:00,55.0,78,2.8,20.5,0.9,1011.8,-99,1.0,8.8,60,2017-12-02T14:25:00+08:00,新北市,06,三峽區,057
24.940806,121.361500,三峽,C0AC60,2017-12-02T16:00:00+08:00,55.0,90,2.3,20.0,0.93,1012.2,-99,1.0,8.2,45,2017-12-02T15:03:00+08:00,新北市,06,三峽區,057
24.940806,121.361500,三峽,C0AC60,2017-12-02T17:00:00+08:00,55.0,93,2.6,19.5,0.98,1011.6,-99,1.0,7.7,78,2017-12-02T16:58:00+08:00,新北市,06,三峽區,057
24.940806,121.361500,三峽,C0AC60,2017-12-02T18:00:00+08:00,55.0,80,4.1,20.3,0.92,1011.7,-99,1.0,8.8,96,2017-12-02T17:31:00+08:00,新北市,06,三峽區,057
24.940806,121.361500,三峽,C0AC60,2017-12-02T19:00:00+08:00,55.0,72,3.5,20.2,0.93,1012.2,-99,1.0,10.4,99,2017-12-02T18:24:00+08:00,新北市,06,三峽區,057
24.940806,121.361500,三峽,C0AC60,2017-12-02T20:00:00+08:00,55.0,79,3.7,20.3,0.92,1012.4,-99,1.0,9.3,79,2017-12-02T20:00:00+08:00,新北市,06,三峽區,057
24.940806,121.361500,三峽,C0AC60,2017-12-02T21:00:00+08:00,55.0,83,2.5,20.4,0.92,1012.8,-99,1.0,9.3,90,2017-12-02T20:18:00+08:00,新北市,06,三峽區,057
24.940806,121.361500,三峽,C0AC60,2017-12-02T22:00:00+08:00,55.0,77,2.4,19.9,0.98,1012.9,-99,1.0,8.8,73,2017-12-02T21:06:00+08:00,新北市,06,三峽區,057
24.940806,121.361500,三峽,C0AC60,2017-12-02T23:00:00+08:00,55.0,88,1.6,19.4,0.99,1013.0,-99,1.5,7.7,70,2017-12-02T22:14:00+08:00,新北市,06,三峽區,057
24.940806,121.361500,三峽,C0AC60,2017-12-03T00:00:00+08:00,55.0,82,3.0,18.9,0.99,1012.5,-99,1.5,8.2,80,2017-12-02T23:59:00+08:00,新北市,06,三峽區,057
24.940806,121.361500,三峽,C0AC60,2017-12-03T01:00:00+08:00,55.0,92,3.1,18.9,0.99,1012.2,-99,0.0,10.4,63,2017-12-03T00:58:00+08:00,新北市,06,三峽區,057
24.940806,121.361500,三峽,C0AC60,2017-12-03T02:00:00+08:00,55.0,92,2.3,19.1,0.99,1011.9,-99,0.0,9.3,88,2017-12-03T01:12:00+08:00,新北市,06,三峽區,057
24.940806,121.361500,三峽,C0AC60,2017-12-03T03:00:00+08:00,55.0,85,1.1,18.9,0.99,1011.9,-99,0.5,-99,-99,-99,新北市,06,三峽區,057
24.940806,121.361500,三峽,C0AC60,2017-12-03T04:00:00+08:00,55.0,91,1.6,18.8,0.99,1011.7,-99,0.5,-99,-99,-99,新北市,06,三峽區,057
24.940806,121.361500,三峽,C0AC60,2017-12-03T05:00:00+08:00,55.0,88,2.0,19.0,0.99,1011.9,-99,1.0,7.1,43,2017-12-03T04:06:00+08:00,新北市,06,三峽區,057
24.940806,121.361500,三峽,C0AC60,2017-12-03T06:00:00+08:00,55.0,88,2.4,19.2,0.99,1012.5,-99,1.0,-99,-99,-99,新北市,06,三峽區,057
24.940806,121.361500,三峽,C0AC60,2017-12-03T07:00:00+08:00,55.0,94,1.6,19.4,0.99,1012.9,-99,1.0,7.1,66,2017-12-03T06:48:00+08:00,新北市,06,三峽區,057
24.940806,121.361500,三峽,C0AC60,2017-12-03T08:00:00+08:00,55.0,94,1.2,19.7,0.99,1013.4,-99,1.0,-99,-99,-99,新北市,06,三峽區,057
24.940806,121.361500,三峽,C0AC60,2017-12-03T09:00:00+08:00,55.0,88,1.2,20.5,0.95,1013.8,-99,1.0,-99,-99,-99,新北市,06,三峽區,057
24.940806,121.361500,三峽,C0AC60,2017-12-03T10:00:00+08:00,55.0,91,2.0,20.4,0.96,1013.5,-99,1.0,-99,-99,-99,新北市,06,三峽區,057
24.940806,121.361500,三峽,C0AC60,2017-12-03T11:00:00+08:00,55.0,91,1.4,21.1,0.93,1012.9,-99,1.0,-99,-99,-99,新北市,06,三峽區,057
24.940806,121.361500,三峽,C0AC60,2017-12-03T12:00:00+08:00,55.0,91,2.7,21.3,0.87,1012.0,-99,1.0,8.8,87,2017-12-03T11:31:00+08:00,新北市,06,三峽區,057
24.940806,121.361500,三峽,C0AC60,2017-12-03T13:00:00+08:00,55.0,96,1.8,20.8,0.88,1010.9,-99,1.0,8.2,81,2017-12-03T12:50:00+08:00,新北市,06,三峽區,057
24.940806,121.361500,三峽,C0AC60,2017-12-03T14:00:00+08:00,55.0,91,2.9,20.6,0.89,1010.4,-99,1.0,8.2,45,2017-12-03T13:12:00+08:00,新北市,06,三峽區,057
24.940806,121.361500,三峽,C0AC60,2017-12-03T15:00:00+08:00,55.0,93,2.1,20.3,0.91,1009.9,-99,1.0,-99,-99,-99,新北市,06,三峽區,057
24.940806,121.361500,三峽,C0AC60,2017-12-03T16:00:00+08:00,55.0,96,2.0,20.3,0.88,1009.8,-99,1.0,-99,-99,-99,新北市,06,三峽區,057
24.940806,121.361500,三峽,C0AC60,2017-12-03T17:00:00+08:00,55.0,95,2.0,20.1,0.89,1009.8,-99,1.0,-99,-99,-99,新北市,06,三峽區,057
24.940806,121.361500,三峽,C0AC60,2017-12-03T18:00:00+08:00,55.0,84,2.5,20.2,0.89,1010.6,-99,1.0,8.2,73,2017-12-03T17:47:00+08:00,新北市,06,三峽區,057
24.940806,121.361500,三峽,C0AC60,2017-12-03T19:00:00+08:00,55.0,95,2.1,20.3,0.89,1011.4,-99,1.0,-99,-99,-99,新北市,06,三峽區,057
24.940806,121.361500,三峽,C0AC60,2017-12-03T20:00:00+08:00,55.0,85,2.3,20.3,0.9,1011.8,-99,1.0,-99,-99,-99,新北市,06,三峽區,057
24.940806,121.361500,三峽,C0AC60,2017-12-03T21:00:00+08:00,55.0,87,0.6,20.3,0.9,1012.3,-99,1.0,-99,-99,-99,新北市,06,三峽區,057
24.940806,121.361500,三峽,C0AC60,2017-12-03T22:00:00+08:00,55.0,84,1.5,20.4,0.89,1012.7,-99,1.0,-99,-99,-99,新北市,06,三峽區,057
24.940806,121.361500,三峽,C0AC60,2017-12-03T23:00:00+08:00,55.0,45,0.3,20.3,0.9,1013.0,-99,1.0,-99,-99,-99,新北市,06,三峽區,057
24.940806,121.361500,三峽,C0AC60,2017-12-04T00:00:00+08:00,55.0,83,0.7,20.1,0.87,1012.9,-99,1.0,-99,-99,-99,新北市,06,三峽區,057
24.940806,121.361500,三峽,C0AC60,2017-12-04T01:00:00+08:00,55.0,87,0.5,19.9,0.86,1012.9,-99,0.0,-99,-99,-99,新北市,06,三峽區,057
24.940806,121.361500,三峽,C0AC60,2017-12-04T02:00:00+08:00,55.0,0,0.0,19.8,0.85,1012.7,-99,0.0,-99,-99,-99,新北市,06,三峽區,057
24.940806,121.361500,三峽,C0AC60,2017-12-04T03:00:00+08:00,55.0,94,0.3,18.6,0.93,1012.6,-99,0.0,-99,-99,-99,新北市,06,三峽區,057
24.940806,121.361500,三峽,C0AC60,2017-12-04T04:00:00+08:00,55.0,94,0.7,18.0,0.97,1012.5,-99,0.0,-99,-99,-99,新北市,06,三峽區,057
24.940806,121.361500,三峽,C0AC60,2017-12-04T05:00:00+08:00,55.0,0,0.2,18.0,0.97,1012.9,-99,0.0,-99,-99,-99,新北市,06,三峽區,057
24.940806,121.361500,三峽,C0AC60,2017-12-04T06:00:00+08:00,55.0,91,1.0,18.2,0.95,1013.2,-99,0.0,-99,-99,-99,新北市,06,三峽區,057
24.940806,121.361500,三峽,C0AC60,2017-12-04T07:00:00+08:00,55.0,97,0.3,18.7,0.91,1013.7,-99,0.0,-99,-99,-99,新北市,06,三峽區,057
24.940806,121.361500,三峽,C0AC60,2017-12-04T09:00:00+08:00,55.0,43,1.1,19.2,0.81,1014.8,-99,0.0,7.1,61,2017-12-04T08:46:00+08:00,新北市,06,三峽區,057
24.940806,121.361500,三峽,C0AC60,2017-12-04T10:00:00+08:00,55.0,63,2.3,19.4,0.77,1014.7,-99,0.0,6.0,39,2017-12-04T09:33:00+08:00,新北市,06,三峽區,057
24.940806,121.361500,三峽,C0AC60,2017-12-04T11:00:00+08:00,55.0,58,1.5,19.8,0.73,1014.2,-99,0.0,8.2,47,2017-12-04T10:14:00+08:00,新北市,06,三峽區,057
24.940806,121.361500,三峽,C0AC60,2017-12-04T12:00:00+08:00,55.0,59,0.6,20.1,0.72,1013.5,-99,0.0,-99,-99,-99,新北市,06,三峽區,057
24.940806,121.361500,三峽,C0AC60,2017-12-04T13:00:00+08:00,55.0,40,1.6,19.6,0.75,1012.7,-99,0.0,-99,-99,-99,新北市,06,三峽區,057
24.940806,121.361500,三峽,C0AC60,2017-12-04T14:00:00+08:00,55.0,45,1.2,19.4,0.77,1012.6,-99,0.0,7.1,43,2017-12-04T13:26:00+08:00,新北市,06,三峽區,057
24.940806,121.361500,三峽,C0AC60,2017-12-04T15:00:00+08:00,55.0,52,1.7,18.8,0.79,1012.5,-99,0.0,-99,-99,-99,新北市,06,三峽區,057
24.940806,121.361500,三峽,C0AC60,2017-12-04T16:00:00+08:00,55.0,54,1.1,18.8,0.79,1012.8,-99,0.0,-99,-99,-99,新北市,06,三峽區,057
24.940806,121.361500,三峽,C0AC60,2017-12-04T17:00:00+08:00,55.0,77,1.3,18.9,0.8,1013.4,-99,0.0,-99,-99,-99,新北市,06,三峽區,057
24.940806,121.361500,三峽,C0AC60,2017-12-04T18:00:00+08:00,55.0,74,2.1,18.8,0.77,1013.7,-99,0.0,-99,-99,-99,新北市,06,三峽區,057
24.940806,121.361500,三峽,C0AC60,2017-12-04T19:00:00+08:00,55.0,89,2.4,18.8,0.69,1014.5,-99,0.0,10.4,81,2017-12-04T18:22:00+08:00,新北市,06,三峽區,057
24.940806,121.361500,三峽,C0AC60,2017-12-04T20:00:00+08:00,55.0,93,2.6,18.6,0.69,1014.5,-99,0.0,-99,-99,-99,新北市,06,三峽區,057
24.940806,121.361500,三峽,C0AC60,2017-12-04T21:00:00+08:00,55.0,95,2.7,18.4,0.69,1014.5,-99,0.0,-99,-99,-99,新北市,06,三峽區,057
24.940806,121.361500,三峽,C0AC60,2017-12-04T22:00:00+08:00,55.0,90,1.5,18.4,0.68,1014.8,-99,0.0,-99,-99,-99,新北市,06,三峽區,057
24.940806,121.361500,三峽,C0AC60,2017-12-04T23:00:00+08:00,55.0,93,2.6,18.1,0.69,1015.0,-99,0.0,-99,-99,-99,新北市,06,三峽區,057
24.940806,121.361500,三峽,C0AC60,2017-12-05T00:00:00+08:00,55.0,95,1.6,17.7,0.72,1015.1,-99,0.0,-99,-99,-99,新北市,06,三峽區,057
24.940806,121.361500,三峽,C0AC60,2017-12-05T01:00:00+08:00,55.0,90,1.7,17.7,0.71,1015.0,-99,0.0,-99,-99,-99,新北市,06,三峽區,057
24.940806,121.361500,三峽,C0AC60,2017-12-05T02:00:00+08:00,55.0,92,1.7,17.8,0.68,1014.7,-99,0.0,-99,-99,-99,新北市,06,三峽區,057
24.940806,121.361500,三峽,C0AC60,2017-12-05T03:00:00+08:00,55.0,91,1.6,17.3,0.71,1015.1,-99,0.0,-99,-99,-99,新北市,06,三峽區,057
24.940806,121.361500,三峽,C0AC60,2017-12-05T04:00:00+08:00,55.0,0,0.2,16.9,0.75,1015.5,-99,0.0,6.0,75,2017-12-05T03:11:00+08:00,新北市,06,三峽區,057
24.940806,121.361500,三峽,C0AC60,2017-12-05T06:00:00+08:00,55.0,87,0.4,15.2,0.92,1016.8,-99,0.5,-99,-99,-99,新北市,06,三峽區,057
24.940806,121.361500,三峽,C0AC60,2017-12-05T07:00:00+08:00,55.0,86,0.4,15.1,0.93,1018.0,-99,0.5,-99,-99,-99,新北市,06,三峽區,057
24.940806,121.361500,三峽,C0AC60,2017-12-05T08:00:00+08:00,55.0,83,0.6,14.8,0.95,1018.8,-99,1.0,-99,-99,-99,新北市,06,三峽區,057
24.940806,121.361500,三峽,C0AC60,2017-12-05T09:00:00+08:00,55.0,91,1.2,15.5,0.86,1018.8,-99,1.0,-99,-99,-99,新北市,06,三峽區,057
24.940806,121.361500,三峽,C0AC60,2017-12-05T10:00:00+08:00,55.0,83,0.8,15.9,0.86,1018.4,-99,1.0,-99,-99,-99,新北市,06,三峽區,057
24.940806,121.361500,三峽,C0AC60,2017-12-05T11:00:00+08:00,55.0,92,0.7,15.9,0.83,1017.9,-99,1.0,-99,-99,-99,新北市,06,三峽區,057
24.940806,121.361500,三峽,C0AC60,2017-12-05T12:00:00+08:00,55.0,104,0.8,15.6,0.85,1017.3,-99,1.0,-99,-99,-99,新北市,06,三峽區,057
24.940806,121.361500,三峽,C0AC60,2017-12-05T13:00:00+08:00,55.0,90,1.0,15.5,0.86,1016.4,-99,1.0,-99,-99,-99,新北市,06,三峽區,057
24.940806,121.361500,三峽,C0AC60,2017-12-05T14:00:00+08:00,55.0,91,0.8,15.4,0.87,1015.7,-99,1.0,-99,-99,-99,新北市,06,三峽區,057
24.940806,121.361500,三峽,C0AC60,2017-12-05T15:00:00+08:00,55.0,97,1.3,15.8,0.83,1015.4,-99,1.0,-99,-99,-99,新北市,06,三峽區,057
24.940806,121.361500,三峽,C0AC60,2017-12-05T16:00:00+08:00,55.0,93,2.0,15.9,0.79,1015.1,-99,1.0,-99,-99,-99,新北市,06,三峽區,057
24.940806,121.361500,三峽,C0AC60,2017-12-05T17:00:00+08:00,55.0,97,1.9,15.7,0.8,1014.9,-99,1.0,-99,-99,-99,新北市,06,三峽區,057
24.940806,121.361500,三峽,C0AC60,2017-12-05T18:00:00+08:00,55.0,92,1.1,15.6,0.78,1015.0,-99,1.0,-99,-99,-99,新北市,06,三峽區,057
24.940806,121.361500,三峽,C0AC60,2017-12-05T19:00:00+08:00,55.0,92,2.2,15.6,0.77,1015.8,-99,1.0,-99,-99,-99,新北市,06,三峽區,057
24.940806,121.361500,三峽,C0AC60,2017-12-05T20:00:00+08:00,55.0,103,2.0,15.3,0.8,1015.7,-99,1.0,-99,-99,-99,新北市,06,三峽區,057
24.940806,121.361500,三峽,C0AC60,2017-12-05T21:00:00+08:00,55.0,95,2.4,15.4,0.76,1015.7,-99,1.0,7.1,80,2017-12-05T20:35:00+08:00,新北市,06,三峽區,057
24.940806,121.361500,三峽,C0AC60,2017-12-05T22:00:00+08:00,55.0,91,2.1,15.5,0.73,1015.3,-99,1.0,7.1,87,2017-12-05T21:45:00+08:00,新北市,06,三峽區,057
24.940806,121.361500,三峽,C0AC60,2017-12-05T23:00:00+08:00,55.0,99,2.5,15.5,0.72,1014.8,-99,1.0,7.7,59,2017-12-05T22:49:00+08:00,新北市,06,三峽區,057
24.940806,121.361500,三峽,C0AC60,2017-12-06T00:00:00+08:00,55.0,98,2.2,15.5,0.71,1013.9,-99,1.0,-99,-99,-99,新北市,06,三峽區,057
24.940806,121.361500,三峽,C0AC60,2017-12-06T01:00:00+08:00,55.0,95,2.8,15.6,0.7,1013.6,-99,0.0,-99,-99,-99,新北市,06,三峽區,057
24.940806,121.361500,三峽,C0AC60,2017-12-06T02:00:00+08:00,55.0,93,2.9,15.5,0.71,1013.3,-99,0.0,-99,-99,-99,新北市,06,三峽區,057
24.940806,121.361500,三峽,C0AC60,2017-12-06T03:00:00+08:00,55.0,91,2.4,15.4,0.72,1013.3,-99,0.0,7.7,78,2017-12-06T02:55:00+08:00,新北市,06,三峽區,057
24.940806,121.361500,三峽,C0AC60,2017-12-06T04:00:00+08:00,55.0,95,2.4,15.3,0.74,1013.5,-99,0.0,7.7,86,2017-12-06T03:01:00+08:00,新北市,06,三峽區,057
24.940806,121.361500,三峽,C0AC60,2017-12-06T05:00:00+08:00,55.0,98,2.1,15.3,0.73,1013.6,-99,0.0,-99,-99,-99,新北市,06,三峽區,057
24.940806,121.361500,三峽,C0AC60,2017-12-06T06:00:00+08:00,55.0,92,2.0,15.2,0.76,1014.4,-99,0.0,7.1,99,2017-12-06T05:17:00+08:00,新北市,06,三峽區,057
24.940806,121.361500,三峽,C0AC60,2017-12-06T07:00:00+08:00,55.0,94,2.5,15.5,0.73,1014.3,-99,0.0,-99,-99,-99,新北市,06,三峽區,057
24.940806,121.361500,三峽,C0AC60,2017-12-06T08:00:00+08:00,55.0,79,3.3,15.9,0.72,1013.9,-99,0.0,9.3,81,2017-12-06T07:39:00+08:00,新北市,06,三峽區,057
24.940806,121.361500,三峽,C0AC60,2017-12-06T09:00:00+08:00,55.0,80,3.6,16.2,0.72,1013.9,-99,0.0,10.4,78,2017-12-06T08:23:00+08:00,新北市,06,三峽區,057
24.940806,121.361500,三峽,C0AC60,2017-12-06T10:00:00+08:00,55.0,79,4.6,16.5,0.74,1013.9,-99,0.0,11.5,61,2017-12-06T09:50:00+08:00,新北市,06,三峽區,057
24.940806,121.361500,三峽,C0AC60,2017-12-06T11:00:00+08:00,55.0,78,4.0,16.7,0.74,1013.4,-99,0.0,11.5,62,2017-12-06T10:29:00+08:00,新北市,06,三峽區,057
24.940806,121.361500,三峽,C0AC60,2017-12-06T12:00:00+08:00,55.0,74,5.2,16.4,0.76,1013.4,-99,0.0,12.1,79,2017-12-06T11:10:00+08:00,新北市,06,三峽區,057
24.940806,121.361500,三峽,C0AC60,2017-12-06T13:00:00+08:00,55.0,75,3.4,16.4,0.78,1012.8,-99,0.0,12.1,73,2017-12-06T12:22:00+08:00,新北市,06,三峽區,057
24.940806,121.361500,三峽,C0AC60,2017-12-06T14:00:00+08:00,55.0,76,3.7,16.3,0.81,1012.2,-99,0.0,9.3,100,2017-12-06T13:01:00+08:00,新北市,06,三峽區,057
24.940806,121.361500,三峽,C0AC60,2017-12-06T15:00:00+08:00,55.0,86,2.6,15.8,0.88,1012.3,-99,0.0,9.9,99,2017-12-06T14:13:00+08:00,新北市,06,三峽區,057
24.940806,121.361500,三峽,C0AC60,2017-12-06T16:00:00+08:00,55.0,81,3.5,15.8,0.89,1012.2,-99,0.0,-99,-99,-99,新北市,06,三峽區,057
24.940806,121.361500,三峽,C0AC60,2017-12-06T17:00:00+08:00,55.0,82,1.9,16.2,0.86,1013.0,-99,0.0,-99,-99,-99,新北市,06,三峽區,057
24.940806,121.361500,三峽,C0AC60,2017-12-06T18:00:00+08:00,55.0,96,1.3,16.1,0.89,1013.1,-99,0.0,-99,-99,-99,新北市,06,三峽區,057
24.940806,121.361500,三峽,C0AC60,2017-12-06T19:00:00+08:00,55.0,82,2.8,16.5,0.87,1013.5,-99,0.0,-99,-99,-99,新北市,06,三峽區,057
24.940806,121.361500,三峽,C0AC60,2017-12-06T20:00:00+08:00,55.0,84,2.5,16.5,0.88,1013.8,-99,0.0,-99,-99,-99,新北市,06,三峽區,057
24.940806,121.361500,三峽,C0AC60,2017-12-06T21:00:00+08:00,55.0,95,0.8,16.2,0.92,1013.6,-99,0.0,-99,-99,-99,新北市,06,三峽區,057
24.940806,121.361500,三峽,C0AC60,2017-12-06T22:00:00+08:00,55.0,84,2.3,16.4,0.9,1013.5,-99,0.0,7.1,70,2017-12-06T21:50:00+08:00,新北市,06,三峽區,057
24.940806,121.361500,三峽,C0AC60,2017-12-06T23:00:00+08:00,55.0,76,3.0,16.0,0.95,1013.0,-99,0.5,8.8,77,2017-12-06T22:41:00+08:00,新北市,06,三峽區,057
24.940806,121.361500,三峽,C0AC60,2017-12-07T00:00:00+08:00,55.0,82,1.9,15.9,0.97,1013.2,-99,1.0,-99,-99,-99,新北市,06,三峽區,057
24.940806,121.361500,三峽,C0AC60,2017-12-07T01:00:00+08:00,55.0,95,1.2,16.0,0.98,1012.1,-99,0.5,-99,-99,-99,新北市,06,三峽區,057
24.940806,121.361500,三峽,C0AC60,2017-12-07T02:00:00+08:00,55.0,84,2.4,16.4,0.95,1012.1,-99,0.5,-99,-99,-99,新北市,06,三峽區,057
24.940806,121.361500,三峽,C0AC60,2017-12-07T03:00:00+08:00,55.0,35,0.3,16.3,0.96,1012.8,-99,0.5,-99,-99,-99,新北市,06,三峽區,057
24.940806,121.361500,三峽,C0AC60,2017-12-07T04:00:00+08:00,55.0,89,1.4,15.9,0.99,1012.3,-99,1.5,-99,-99,-99,新北市,06,三峽區,057
24.940806,121.361500,三峽,C0AC60,2017-12-07T05:00:00+08:00,55.0,74,1.0,15.9,0.99,1012.2,-99,2.0,-99,-99,-99,新北市,06,三峽區,057
24.940806,121.361500,三峽,C0AC60,2017-12-07T06:00:00+08:00,55.0,69,1.1,16.1,0.99,1012.8,-99,2.0,-99,-99,-99,新北市,06,三峽區,057
24.940806,121.361500,三峽,C0AC60,2017-12-07T07:00:00+08:00,55.0,89,2.0,16.1,0.99,1012.2,-99,2.5,-99,-99,-99,新北市,06,三峽區,057
24.940806,121.361500,三峽,C0AC60,2017-12-07T08:00:00+08:00,55.0,88,2.0,16.6,0.97,1012.0,-99,2.5,-99,-99,-99,新北市,06,三峽區,057
24.940806,121.361500,三峽,C0AC60,2017-12-07T09:00:00+08:00,55.0,67,0.8,17.4,0.95,1012.3,-99,2.5,-99,-99,-99,新北市,06,三峽區,057
24.940806,121.361500,三峽,C0AC60,2017-12-07T10:00:00+08:00,55.0,82,2.5,18.0,0.93,1011.6,-99,2.5,-99,-99,-99,新北市,06,三峽區,057
24.940806,121.361500,三峽,C0AC60,2017-12-07T11:00:00+08:00,55.0,42,1.3,18.2,0.93,1011.7,-99,2.5,-99,-99,-99,新北市,06,三峽區,057
24.940806,121.361500,三峽,C0AC60,2017-12-07T12:00:00+08:00,55.0,84,0.8,18.2,0.95,1011.3,-99,2.5,-99,-99,-99,新北市,06,三峽區,057
24.940806,121.361500,三峽,C0AC60,2017-12-07T13:00:00+08:00,55.0,83,0.7,17.8,0.98,1010.8,-99,2.5,-99,-99,-99,新北市,06,三峽區,057
24.940806,121.361500,三峽,C0AC60,2017-12-07T14:00:00+08:00,55.0,0,0.2,17.4,0.99,1010.8,-99,3.0,-99,-99,-99,新北市,06,三峽區,057
24.940806,121.361500,三峽,C0AC60,2017-12-07T15:00:00+08:00,55.0,0,0.1,17.0,0.99,1010.9,-99,5.0,-99,-99,-99,新北市,06,三峽區,057
24.940806,121.361500,三峽,C0AC60,2017-12-07T16:00:00+08:00,55.0,95,0.8,16.7,0.99,1010.8,-99,6.0,-99,-99,-99,新北市,06,三峽區,057
24.940806,121.361500,三峽,C0AC60,2017-12-07T17:00:00+08:00,55.0,0,0.1,16.8,0.99,1011.0,-99,6.0,-99,-99,-99,新北市,06,三峽區,057
24.940806,121.361500,三峽,C0AC60,2017-12-07T18:00:00+08:00,55.0,93,0.4,16.9,0.99,1011.4,-99,6.5,-99,-99,-99,新北市,06,三峽區,057
24.940806,121.361500,三峽,C0AC60,2017-12-07T19:00:00+08:00,55.0,328,0.4,17.0,0.99,1012.6,-99,9.0,-99,-99,-99,新北市,06,三峽區,057
24.940806,121.361500,三峽,C0AC60,2017-12-07T20:00:00+08:00,55.0,96,1.1,16.5,0.99,1012.6,-99,10.5,-99,-99,-99,新北市,06,三峽區,057
24.940806,121.361500,三峽,C0AC60,2017-12-07T21:00:00+08:00,55.0,84,0.4,16.4,0.99,1012.8,-99,11.5,-99,-99,-99,新北市,06,三峽區,057
24.940806,121.361500,三峽,C0AC60,2017-12-07T22:00:00+08:00,55.0,89,0.5,16.4,0.99,1012.9,-99,12.5,-99,-99,-99,新北市,06,三峽區,057
24.940806,121.361500,三峽,C0AC60,2017-12-07T23:00:00+08:00,55.0,340,0.4,16.3,0.99,1013.4,-99,15.0,-99,-99,-99,新北市,06,三峽區,057
24.940806,121.361500,三峽,C0AC60,2017-12-08T00:00:00+08:00,55.0,83,0.9,15.7,0.99,1013.8,-99,21.5,-99,-99,-99,新北市,06,三峽區,057
24.940806,121.361500,三峽,C0AC60,2017-12-08T01:00:00+08:00,55.0,96,0.7,15.0,0.99,1014.9,-99,5.0,-99,-99,-99,新北市,06,三峽區,057
24.940806,121.361500,三峽,C0AC60,2017-12-08T02:00:00+08:00,55.0,203,0.5,14.7,0.99,1015.7,-99,6.5,-99,-99,-99,新北市,06,三峽區,057
24.940806,121.361500,三峽,C0AC60,2017-12-08T03:00:00+08:00,55.0,0,0.0,14.2,0.99,1016.4,-99,10.5,-99,-99,-99,新北市,06,三峽區,057
24.940806,121.361500,三峽,C0AC60,2017-12-08T04:00:00+08:00,55.0,164,0.9,14.2,0.99,1016.9,-99,11.5,-99,-99,-99,新北市,06,三峽區,057
24.940806,121.361500,三峽,C0AC60,2017-12-08T05:00:00+08:00,55.0,156,0.4,13.8,0.99,1016.7,-99,12.0,-99,-99,-99,新北市,06,三峽區,057
24.940806,121.361500,三峽,C0AC60,2017-12-08T06:00:00+08:00,55.0,86,0.3,13.6,0.99,1017.0,-99,12.0,-99,-99,-99,新北市,06,三峽區,057
24.940806,121.361500,三峽,C0AC60,2017-12-08T07:00:00+08:00,55.0,37,1.2,13.5,0.99,1018.0,-99,12.0,-99,-99,-99,新北市,06,三峽區,057
24.940806,121.361500,三峽,C0AC60,2017-12-08T08:00:00+08:00,55.0,88,1.1,13.7,0.91,1018.5,-99,12.5,7.7,77,2017-12-08T07:44:00+08:00,新北市,06,三峽區,057
24.940806,121.361500,三峽,C0AC60,2017-12-08T09:00:00+08:00,55.0,0,0.0,13.9,0.95,1019.2,-99,12.5,-99,-99,-99,新北市,06,三峽區,057
24.940806,121.361500,三峽,C0AC60,2017-12-08T10:00:00+08:00,55.0,47,0.4,14.2,0.89,1018.6,-99,12.5,-99,-99,-99,新北市,06,三峽區,057
24.940806,121.361500,三峽,C0AC60,2017-12-08T11:00:00+08:00,55.0,92,0.9,14.6,0.74,1017.2,-99,12.5,-99,-99,-99,新北市,06,三峽區,057
24.940806,121.361500,三峽,C0AC60,2017-12-08T12:00:00+08:00,55.0,42,0.8,14.7,0.72,1016.3,-99,12.5,-99,-99,-99,新北市,06,三峽區,057
24.940806,121.361500,三峽,C0AC60,2017-12-08T13:00:00+08:00,55.0,48,1.5,14.8,0.69,1016.0,-99,12.5,-99,-99,-99,新北市,06,三峽區,057
24.940806,121.361500,三峽,C0AC60,2017-12-08T14:00:00+08:00,55.0,54,0.8,14.7,0.68,1015.8,-99,12.5,-99,-99,-99,新北市,06,三峽區,057
24.940806,121.361500,三峽,C0AC60,2017-12-08T15:00:00+08:00,55.0,0,0.0,14.8,0.67,1015.9,-99,12.5,-99,-99,-99,新北市,06,三峽區,057
24.940806,121.361500,三峽,C0AC60,2017-12-08T16:00:00+08:00,55.0,71,1.5,14.9,0.61,1016.0,-99,12.5,-99,-99,-99,新北市,06,三峽區,057
24.940806,121.361500,三峽,C0AC60,2017-12-08T17:00:00+08:00,55.0,92,1.5,14.8,0.6,1016.7,-99,12.5,-99,-99,-99,新北市,06,三峽區,057
24.940806,121.361500,三峽,C0AC60,2017-12-08T18:00:00+08:00,55.0,91,1.2,14.3,0.65,1017.1,-99,12.5,-99,-99,-99,新北市,06,三峽區,057
24.940806,121.361500,三峽,C0AC60,2017-12-08T19:00:00+08:00,55.0,94,1.3,14.2,0.65,1017.3,-99,12.5,-99,-99,-99,新北市,06,三峽區,057
24.940806,121.361500,三峽,C0AC60,2017-12-08T20:00:00+08:00,55.0,96,1.2,14.0,0.7,1017.6,-99,12.5,-99,-99,-99,新北市,06,三峽區,057
24.940806,121.361500,三峽,C0AC60,2017-12-08T21:00:00+08:00,55.0,94,1.3,13.8,0.73,1017.3,-99,12.5,-99,-99,-99,新北市,06,三峽區,057
24.940806,121.361500,三峽,C0AC60,2017-12-08T22:00:00+08:00,55.0,108,1.2,12.7,0.9,1016.8,-99,12.5,-99,-99,-99,新北市,06,三峽區,057
24.940806,121.361500,三峽,C0AC60,2017-12-08T23:00:00+08:00,55.0,89,1.3,12.8,0.89,1016.5,-99,12.5,-99,-99,-99,新北市,06,三峽區,057
24.940806,121.361500,三峽,C0AC60,2017-12-09T00:00:00+08:00,55.0,91,0.6,13.5,0.82,1016.1,-99,13.0,-99,-99,-99,新北市,06,三峽區,057
24.940806,121.361500,三峽,C0AC60,2017-12-09T01:00:00+08:00,55.0,97,1.1,13.6,0.82,1015.6,-99,0.0,-99,-99,-99,新北市,06,三峽區,057
24.940806,121.361500,三峽,C0AC60,2017-12-09T02:00:00+08:00,55.0,99,0.9,13.7,0.83,1015.2,-99,0.0,-99,-99,-99,新北市,06,三峽區,057
24.940806,121.361500,三峽,C0AC60,2017-12-09T03:00:00+08:00,55.0,94,1.6,14.0,0.8,1014.9,-99,0.0,-99,-99,-99,新北市,06,三峽區,057
24.940806,121.361500,三峽,C0AC60,2017-12-09T04:00:00+08:00,55.0,97,1.6,13.4,0.86,1014.8,-99,0.0,-99,-99,-99,新北市,06,三峽區,057
24.940806,121.361500,三峽,C0AC60,2017-12-09T05:00:00+08:00,55.0,93,1.7,13.3,0.86,1014.4,-99,0.0,-99,-99,-99,新北市,06,三峽區,057
24.940806,121.361500,三峽,C0AC60,2017-12-09T06:00:00+08:00,55.0,97,1.4,13.1,0.89,1014.1,-99,1.0,-99,-99,-99,新北市,06,三峽區,057
24.940806,121.361500,三峽,C0AC60,2017-12-09T07:00:00+08:00,55.0,95,2.5,13.8,0.84,1013.6,-99,1.0,-99,-99,-99,新北市,06,三峽區,057
24.940806,121.361500,三峽,C0AC60,2017-12-09T08:00:00+08:00,55.0,83,2.7,14.4,0.83,1013.3,-99,1.0,8.2,79,2017-12-09T07:11:00+08:00,新北市,06,三峽區,057
24.940806,121.361500,三峽,C0AC60,2017-12-09T09:00:00+08:00,55.0,81,3.1,13.7,0.93,1013.5,-99,1.5,9.3,81,2017-12-09T08:36:00+08:00,新北市,06,三峽區,057
24.940806,121.361500,三峽,C0AC60,2017-12-09T10:00:00+08:00,55.0,77,3.1,14.3,0.92,1013.2,-99,1.5,8.8,50,2017-12-09T09:16:00+08:00,新北市,06,三峽區,057
24.940806,121.361500,三峽,C0AC60,2017-12-09T11:00:00+08:00,55.0,65,1.4,14.7,0.94,1013.2,-99,2.0,8.8,58,2017-12-09T10:04:00+08:00,新北市,06,三峽區,057
24.940806,121.361500,三峽,C0AC60,2017-12-09T12:00:00+08:00,55.0,78,1.8,15.0,0.96,1013.1,-99,2.0,-99,-99,-99,新北市,06,三峽區,057
24.940806,121.361500,三峽,C0AC60,2017-12-09T13:00:00+08:00,55.0,95,0.7,15.4,0.98,1012.1,-99,2.0,-99,-99,-99,新北市,06,三峽區,057
24.940806,121.361500,三峽,C0AC60,2017-12-09T14:00:00+08:00,55.0,93,0.9,15.6,0.97,1011.1,-99,2.0,-99,-99,-99,新北市,06,三峽區,057
24.940806,121.361500,三峽,C0AC60,2017-12-09T15:00:00+08:00,55.0,91,0.8,15.9,0.94,1011.0,-99,2.0,-99,-99,-99,新北市,06,三峽區,057
24.940806,121.361500,三峽,C0AC60,2017-12-09T16:00:00+08:00,55.0,80,1.2,16.0,0.93,1010.6,-99,2.0,-99,-99,-99,新北市,06,三峽區,057
24.940806,121.361500,三峽,C0AC60,2017-12-09T17:00:00+08:00,55.0,104,0.5,15.9,0.93,1010.8,-99,2.0,-99,-99,-99,新北市,06,三峽區,057
24.940806,121.361500,三峽,C0AC60,2017-12-09T18:00:00+08:00,55.0,144,0.6,15.6,0.94,1011.0,-99,2.0,-99,-99,-99,新北市,06,三峽區,057
24.940806,121.361500,三峽,C0AC60,2017-12-09T19:00:00+08:00,55.0,0,0.1,15.2,0.94,1010.6,-99,2.0,-99,-99,-99,新北市,06,三峽區,057
24.940806,121.361500,三峽,C0AC60,2017-12-09T20:00:00+08:00,55.0,0,0.2,14.5,0.97,1010.6,-99,2.0,-99,-99,-99,新北市,06,三峽區,057
24.940806,121.361500,三峽,C0AC60,2017-12-09T21:00:00+08:00,55.0,170,1.3,13.3,0.99,1011.3,-99,2.0,-99,-99,-99,新北市,06,三峽區,057
24.940806,121.361500,三峽,C0AC60,2017-12-09T22:00:00+08:00,55.0,160,0.5,13.1,0.99,1011.4,-99,2.0,-99,-99,-99,新北市,06,三峽區,057
24.940806,121.361500,三峽,C0AC60,2017-12-09T23:00:00+08:00,55.0,182,0.7,13.0,0.99,1011.2,-99,2.0,-99,-99,-99,新北市,06,三峽區,057
24.940806,121.361500,三峽,C0AC60,2017-12-10T00:00:00+08:00,55.0,202,1.0,12.7,0.98,1010.9,-99,2.0,-99,-99,-99,新北市,06,三峽區,057
24.940806,121.361500,三峽,C0AC60,2017-12-10T01:00:00+08:00,55.0,0,0.0,12.6,0.97,1010.8,-99,0.0,-99,-99,-99,新北市,06,三峽區,057
24.940806,121.361500,三峽,C0AC60,2017-12-10T02:00:00+08:00,55.0,0,0.0,12.4,0.98,1011.0,-99,0.0,-99,-99,-99,新北市,06,三峽區,057
24.940806,121.361500,三峽,C0AC60,2017-12-10T03:00:00+08:00,55.0,0,0.0,12.2,0.99,1010.9,-99,0.0,-99,-99,-99,新北市,06,三峽區,057
24.940806,121.361500,三峽,C0AC60,2017-12-10T04:00:00+08:00,55.0,0,0.0,11.9,0.99,1010.7,-99,0.0,-99,-99,-99,新北市,06,三峽區,057
24.940806,121.361500,三峽,C0AC60,2017-12-10T05:00:00+08:00,55.0,0,0.1,11.9,0.99,1011.1,-99,0.0,-99,-99,-99,新北市,06,三峽區,057
24.940806,121.361500,三峽,C0AC60,2017-12-10T06:00:00+08:00,55.0,0,0.0,11.7,0.99,1011.2,-99,0.0,-99,-99,-99,新北市,06,三峽區,057
24.940806,121.361500,三峽,C0AC60,2017-12-10T07:00:00+08:00,55.0,0,0.0,11.7,0.99,1011.7,-99,0.0,-99,-99,-99,新北市,06,三峽區,057
24.940806,121.361500,三峽,C0AC60,2017-12-10T08:00:00+08:00,55.0,313,0.3,12.7,0.99,1012.4,-99,0.0,-99,-99,-99,新北市,06,三峽區,057
24.940806,121.361500,三峽,C0AC60,2017-12-10T09:00:00+08:00,55.0,0,0.1,15.3,0.89,1012.7,-99,0.0,-99,-99,-99,新北市,06,三峽區,057
24.940806,121.361500,三峽,C0AC60,2017-12-10T10:00:00+08:00,55.0,180,0.4,18.0,0.7,1012.7,-99,0.0,-99,-99,-99,新北市,06,三峽區,057
24.940806,121.361500,三峽,C0AC60,2017-12-10T11:00:00+08:00,55.0,186,0.3,20.3,0.69,1012.0,-99,0.0,-99,-99,-99,新北市,06,三峽區,057
24.940806,121.361500,三峽,C0AC60,2017-12-10T12:00:00+08:00,55.0,0,0.2,20.1,0.73,1011.5,-99,0.0,-99,-99,-99,新北市,06,三峽區,057
24.940806,121.361500,三峽,C0AC60,2017-12-10T13:00:00+08:00,55.0,355,1.0,20.5,0.74,1010.9,-99,0.0,-99,-99,-99,新北市,06,三峽區,057
24.940806,121.361500,三峽,C0AC60,2017-12-10T14:00:00+08:00,55.0,95,0.3,20.7,0.77,1010.4,-99,0.0,-99,-99,-99,新北市,06,三峽區,057
24.940806,121.361500,三峽,C0AC60,2017-12-10T15:00:00+08:00,55.0,223,0.6,22.3,0.67,1010.2,-99,0.0,-99,-99,-99,新北市,06,三峽區,057
24.940806,121.361500,三峽,C0AC60,2017-12-10T16:00:00+08:00,55.0,320,0.6,21.5,0.72,1010.7,-99,0.0,-99,-99,-99,新北市,06,三峽區,057
24.940806,121.361500,三峽,C0AC60,2017-12-10T17:00:00+08:00,55.0,107,0.5,18.9,0.85,1011.0,-99,0.0,-99,-99,-99,新北市,06,三峽區,057
24.940806,121.361500,三峽,C0AC60,2017-12-10T18:00:00+08:00,55.0,93,1.5,17.6,0.92,1011.9,-99,0.0,-99,-99,-99,新北市,06,三峽區,057
24.940806,121.361500,三峽,C0AC60,2017-12-10T19:00:00+08:00,55.0,90,0.6,17.3,0.95,1012.6,-99,0.0,-99,-99,-99,新北市,06,三峽區,057
24.940806,121.361500,三峽,C0AC60,2017-12-10T20:00:00+08:00,55.0,0,0.0,16.6,0.98,1012.9,-99,0.0,-99,-99,-99,新北市,06,三峽區,057
24.940806,121.361500,三峽,C0AC60,2017-12-10T21:00:00+08:00,55.0,0,0.1,16.6,0.98,1013.0,-99,0.0,-99,-99,-99,新北市,06,三峽區,057
24.940806,121.361500,三峽,C0AC60,2017-12-10T22:00:00+08:00,55.0,87,1.4,17.5,0.95,1013.3,-99,0.0,-99,-99,-99,新北市,06,三峽區,057
24.940806,121.361500,三峽,C0AC60,2017-12-10T23:00:00+08:00,55.0,102,1.4,17.9,0.88,1013.6,-99,0.0,-99,-99,-99,新北市,06,三峽區,057
24.940806,121.361500,三峽,C0AC60,2017-12-11T00:00:00+08:00,55.0,103,1.5,18.1,0.81,1013.6,-99,0.0,-99,-99,-99,新北市,06,三峽區,057
24.940806,121.361500,三峽,C0AC60,2017-12-11T01:00:00+08:00,55.0,98,1.9,18.0,0.78,1013.7,-99,0.0,-99,-99,-99,新北市,06,三峽區,057
24.940806,121.361500,三峽,C0AC60,2017-12-11T02:00:00+08:00,55.0,94,2.3,17.9,0.76,1013.4,-99,0.0,7.7,93,2017-12-11T01:59:00+08:00,新北市,06,三峽區,057
24.940806,121.361500,三峽,C0AC60,2017-12-11T03:00:00+08:00,55.0,101,1.7,17.7,0.74,1013.7,-99,0.0,-99,-99,-99,新北市,06,三峽區,057
24.940806,121.361500,三峽,C0AC60,2017-12-11T05:00:00+08:00,55.0,93,1.7,17.0,0.72,1014.4,-99,0.0,-99,-99,-99,新北市,06,三峽區,057
24.940806,121.361500,三峽,C0AC60,2017-12-11T06:00:00+08:00,55.0,93,2.1,16.9,0.71,1014.5,-99,0.0,-99,-99,-99,新北市,06,三峽區,057
24.940806,121.361500,三峽,C0AC60,2017-12-11T07:00:00+08:00,55.0,98,2.1,16.9,0.71,1014.7,-99,0.0,-99,-99,-99,新北市,06,三峽區,057
24.940806,121.361500,三峽,C0AC60,2017-12-11T08:00:00+08:00,55.0,95,2.4,17.0,0.69,1014.5,-99,0.0,-99,-99,-99,新北市,06,三峽區,057
24.940806,121.361500,三峽,C0AC60,2017-12-11T09:00:00+08:00,55.0,91,2.5,17.4,0.67,1014.5,-99,0.0,7.7,85,2017-12-11T08:07:00+08:00,新北市,06,三峽區,057
24.940806,121.361500,三峽,C0AC60,2017-12-11T10:00:00+08:00,55.0,92,2.4,17.9,0.66,1014.6,-99,0.0,9.3,83,2017-12-11T09:30:00+08:00,新北市,06,三峽區,057
24.940806,121.361500,三峽,C0AC60,2017-12-11T11:00:00+08:00,55.0,90,2.7,18.0,0.66,1014.2,-99,0.0,8.8,61,2017-12-11T10:07:00+08:00,新北市,06,三峽區,057
24.940806,121.361500,三峽,C0AC60,2017-12-11T12:00:00+08:00,55.0,90,2.7,18.2,0.65,1013.7,-99,0.0,10.4,96,2017-12-11T11:16:00+08:00,新北市,06,三峽區,057
24.940806,121.361500,三峽,C0AC60,2017-12-11T13:00:00+08:00,55.0,94,3.1,17.9,0.67,1013.1,-99,0.0,8.2,78,2017-12-11T12:22:00+08:00,新北市,06,三峽區,057
24.940806,121.361500,三峽,C0AC60,2017-12-11T14:00:00+08:00,55.0,94,2.4,17.5,0.69,1012.9,-99,0.0,8.2,96,2017-12-11T13:01:00+08:00,新北市,06,三峽區,057
24.940806,121.361500,三峽,C0AC60,2017-12-11T15:00:00+08:00,55.0,98,2.6,17.3,0.7,1013.0,-99,0.0,-99,-99,-99,新北市,06,三峽區,057
24.940806,121.361500,三峽,C0AC60,2017-12-11T16:00:00+08:00,55.0,97,2.6,17.2,0.71,1013.2,-99,0.0,-99,-99,-99,新北市,06,三峽區,057
24.940806,121.361500,三峽,C0AC60,2017-12-11T17:00:00+08:00,55.0,95,1.9,17.0,0.72,1013.5,-99,0.0,8.2,86,2017-12-11T16:40:00+08:00,新北市,06,三峽區,057
24.940806,121.361500,三峽,C0AC60,2017-12-11T18:00:00+08:00,55.0,97,2.6,17.0,0.71,1013.8,-99,0.0,8.2,95,2017-12-11T17:25:00+08:00,新北市,06,三峽區,057
24.940806,121.361500,三峽,C0AC60,2017-12-11T19:00:00+08:00,55.0,96,2.4,17.0,0.7,1014.0,-99,0.0,-99,-99,-99,新北市,06,三峽區,057
24.940806,121.361500,三峽,C0AC60,2017-12-11T20:00:00+08:00,55.0,92,2.2,17.2,0.69,1014.2,-99,0.0,8.2,87,2017-12-11T19:06:00+08:00,新北市,06,三峽區,057
24.940806,121.361500,三峽,C0AC60,2017-12-11T21:00:00+08:00,55.0,93,2.1,17.2,0.69,1014.1,-99,0.0,8.8,60,2017-12-11T20:15:00+08:00,新北市,06,三峽區,057
24.940806,121.361500,三峽,C0AC60,2017-12-11T22:00:00+08:00,55.0,93,2.6,17.2,0.69,1013.8,-99,0.0,8.8,86,2017-12-11T21:14:00+08:00,新北市,06,三峽區,057
24.940806,121.361500,三峽,C0AC60,2017-12-11T23:00:00+08:00,55.0,90,2.8,17.3,0.69,1013.4,-99,0.0,9.3,90,2017-12-11T22:29:00+08:00,新北市,06,三峽區,057
24.940806,121.361500,三峽,C0AC60,2017-12-12T00:00:00+08:00,55.0,94,3.2,17.4,0.68,1013.1,-99,0.0,9.3,98,2017-12-11T23:59:00+08:00,新北市,06,三峽區,057
24.940806,121.361500,三峽,C0AC60,2017-12-12T02:00:00+08:00,55.0,84,2.8,17.2,0.73,1012.8,-99,0.0,9.3,104,2017-12-12T01:38:00+08:00,新北市,06,三峽區,057
24.940806,121.361500,三峽,C0AC60,2017-12-12T03:00:00+08:00,55.0,87,2.7,17.3,0.73,1012.7,-99,0.0,8.2,88,2017-12-12T02:27:00+08:00,新北市,06,三峽區,057
24.940806,121.361500,三峽,C0AC60,2017-12-12T04:00:00+08:00,55.0,81,2.9,17.3,0.74,1012.7,-99,0.0,10.4,68,2017-12-12T03:55:00+08:00,新北市,06,三峽區,057
24.940806,121.361500,三峽,C0AC60,2017-12-12T05:00:00+08:00,55.0,76,3.3,17.1,0.81,1012.7,-99,0.0,9.3,92,2017-12-12T04:31:00+08:00,新北市,06,三峽區,057
24.940806,121.361500,三峽,C0AC60,2017-12-12T06:00:00+08:00,55.0,86,3.3,16.6,0.91,1013.4,-99,0.0,10.4,76,2017-12-12T05:09:00+08:00,新北市,06,三峽區,057
24.940806,121.361500,三峽,C0AC60,2017-12-12T07:00:00+08:00,55.0,76,3.2,16.5,0.93,1014.3,-99,0.0,8.8,71,2017-12-12T06:54:00+08:00,新北市,06,三峽區,057
24.940806,121.361500,三峽,C0AC60,2017-12-12T08:00:00+08:00,55.0,81,2.8,16.2,0.97,1015.2,-99,0.5,9.9,86,2017-12-12T07:10:00+08:00,新北市,06,三峽區,057
24.940806,121.361500,三峽,C0AC60,2017-12-12T09:00:00+08:00,55.0,78,2.9,16.0,0.99,1015.6,-99,0.5,8.8,70,2017-12-12T08:45:00+08:00,新北市,06,三峽區,057
24.940806,121.361500,三峽,C0AC60,2017-12-12T10:00:00+08:00,55.0,83,2.0,16.1,0.99,1015.5,-99,1.0,-99,-99,-99,新北市,06,三峽區,057
24.940806,121.361500,三峽,C0AC60,2017-12-12T11:00:00+08:00,55.0,81,2.3,16.4,0.99,1015.2,-99,1.5,-99,-99,-99,新北市,06,三峽區,057
24.940806,121.361500,三峽,C0AC60,2017-12-12T12:00:00+08:00,55.0,73,1.4,16.3,0.99,1015.0,-99,2.5,9.9,88,2017-12-12T11:37:00+08:00,新北市,06,三峽區,057
24.940806,121.361500,三峽,C0AC60,2017-12-12T13:00:00+08:00,55.0,84,1.9,16.6,0.99,1013.2,-99,3.0,8.2,83,2017-12-12T12:04:00+08:00,新北市,06,三峽區,057
24.940806,121.361500,三峽,C0AC60,2017-12-12T14:00:00+08:00,55.0,75,2.8,16.5,0.99,1013.1,-99,3.5,6.6,84,2017-12-12T13:01:00+08:00,新北市,06,三峽區,057
24.940806,121.361500,三峽,C0AC60,2017-12-12T15:00:00+08:00,55.0,91,2.3,16.3,0.99,1012.5,-99,4.0,-99,-99,-99,新北市,06,三峽區,057
24.940806,121.361500,三峽,C0AC60,2017-12-12T16:00:00+08:00,55.0,74,3.2,16.5,0.99,1012.5,-99,5.0,9.9,65,2017-12-12T15:47:00+08:00,新北市,06,三峽區,057
24.940806,121.361500,三峽,C0AC60,2017-12-12T17:00:00+08:00,55.0,75,4.1,16.5,0.98,1013.2,-99,5.5,9.9,81,2017-12-12T16:17:00+08:00,新北市,06,三峽區,057
24.940806,121.361500,三峽,C0AC60,2017-12-12T18:00:00+08:00,55.0,91,2.7,16.5,0.99,1013.2,-99,5.5,10.4,90,2017-12-12T17:07:00+08:00,新北市,06,三峽區,057
24.940806,121.361500,三峽,C0AC60,2017-12-12T19:00:00+08:00,55.0,81,2.7,16.7,0.98,1013.7,-99,5.5,8.2,78,2017-12-12T18:13:00+08:00,新北市,06,三峽區,057
24.940806,121.361500,三峽,C0AC60,2017-12-12T20:00:00+08:00,55.0,80,2.8,16.6,0.98,1014.2,-99,5.5,10.4,94,2017-12-12T19:33:00+08:00,新北市,06,三峽區,057
24.940806,121.361500,三峽,C0AC60,2017-12-12T21:00:00+08:00,55.0,83,2.6,16.4,0.99,1014.1,-99,5.5,9.3,78,2017-12-12T20:04:00+08:00,新北市,06,三峽區,057
24.940806,121.361500,三峽,C0AC60,2017-12-12T22:00:00+08:00,55.0,83,2.4,16.7,0.96,1013.7,-99,5.5,10.4,83,2017-12-12T21:48:00+08:00,新北市,06,三峽區,057
24.940806,121.361500,三峽,C0AC60,2017-12-12T23:00:00+08:00,55.0,78,4.2,17.0,0.94,1013.3,-99,5.5,9.9,84,2017-12-12T22:19:00+08:00,新北市,06,三峽區,057
24.940806,121.361500,三峽,C0AC60,2017-12-13T00:00:00+08:00,55.0,84,3.0,17.1,0.93,1013.1,-99,5.5,-99,-99,-99,新北市,06,三峽區,057
24.940806,121.361500,三峽,C0AC60,2017-12-13T01:00:00+08:00,55.0,83,2.9,17.0,0.96,1012.9,-99,0.0,10.4,70,2017-12-13T00:20:00+08:00,新北市,06,三峽區,057
24.940806,121.361500,三峽,C0AC60,2017-12-13T02:00:00+08:00,55.0,86,2.6,16.8,0.98,1012.4,-99,0.0,9.3,71,2017-12-13T01:50:00+08:00,新北市,06,三峽區,057
24.940806,121.361500,三峽,C0AC60,2017-12-13T03:00:00+08:00,55.0,84,3.7,17.0,0.97,1012.0,-99,0.0,-99,-99,-99,新北市,06,三峽區,057
24.940806,121.361500,三峽,C0AC60,2017-12-13T04:00:00+08:00,55.0,74,2.9,17.4,0.95,1011.7,-99,0.0,8.8,54,2017-12-13T03:35:00+08:00,新北市,06,三峽區,057
24.940806,121.361500,三峽,C0AC60,2017-12-13T05:00:00+08:00,55.0,85,3.0,17.5,0.95,1011.5,-99,0.0,8.8,66,2017-12-13T04:11:00+08:00,新北市,06,三峽區,057
24.940806,121.361500,三峽,C0AC60,2017-12-13T06:00:00+08:00,55.0,73,3.8,17.7,0.94,1012.4,-99,0.0,9.9,77,2017-12-13T05:37:00+08:00,新北市,06,三峽區,057
24.940806,121.361500,三峽,C0AC60,2017-12-13T07:00:00+08:00,55.0,74,3.3,17.6,0.95,1013.3,-99,0.0,9.9,75,2017-12-13T06:02:00+08:00,新北市,06,三峽區,057
24.940806,121.361500,三峽,C0AC60,2017-12-13T08:00:00+08:00,55.0,75,3.3,17.9,0.95,1013.9,-99,0.0,8.2,75,2017-12-13T07:34:00+08:00,新北市,06,三峽區,057
24.940806,121.361500,三峽,C0AC60,2017-12-13T09:00:00+08:00,55.0,88,3.3,18.3,0.93,1014.4,-99,0.0,8.8,83,2017-12-13T09:00:00+08:00,新北市,06,三峽區,057
24.940806,121.361500,三峽,C0AC60,2017-12-13T10:00:00+08:00,55.0,77,3.2,18.6,0.91,1014.8,-99,0.0,9.3,79,2017-12-13T09:20:00+08:00,新北市,06,三峽區,057
24.940806,121.361500,三峽,C0AC60,2017-12-13T11:00:00+08:00,55.0,95,2.6,18.3,0.94,1014.4,-99,0.0,11.0,87,2017-12-13T10:22:00+08:00,新北市,06,三峽區,057
24.940806,121.361500,三峽,C0AC60,2017-12-13T12:00:00+08:00,55.0,84,4.1,18.2,0.9,1013.7,-99,0.0,10.4,60,2017-12-13T11:56:00+08:00,新北市,06,三峽區,057
24.940806,121.361500,三峽,C0AC60,2017-12-13T13:00:00+08:00,55.0,89,2.3,18.6,0.88,1012.7,-99,0.0,9.3,80,2017-12-13T12:03:00+08:00,新北市,06,三峽區,057
24.940806,121.361500,三峽,C0AC60,2017-12-13T14:00:00+08:00,55.0,82,3.4,19.1,0.83,1011.5,-99,0.0,12.6,92,2017-12-13T13:35:00+08:00,新北市,06,三峽區,057
24.940806,121.361500,三峽,C0AC60,2017-12-13T15:00:00+08:00,55.0,76,5.4,18.5,0.87,1011.9,-99,0.0,13.2,73,2017-12-13T14:20:00+08:00,新北市,06,三峽區,057
24.940806,121.361500,三峽,C0AC60,2017-12-13T16:00:00+08:00,55.0,84,3.9,18.0,0.9,1012.4,-99,0.0,11.5,95,2017-12-13T15:13:00+08:00,新北市,06,三峽區,057
24.940806,121.361500,三峽,C0AC60,2017-12-13T17:00:00+08:00,55.0,68,5.4,17.5,0.93,1012.8,-99,0.0,10.4,85,2017-12-13T16:09:00+08:00,新北市,06,三峽區,057
24.940806,121.361500,三峽,C0AC60,2017-12-13T18:00:00+08:00,55.0,80,3.5,16.4,0.98,1014.4,-99,0.0,12.1,95,2017-12-13T17:20:00+08:00,新北市,06,三峽區,057
24.940806,121.361500,三峽,C0AC60,2017-12-13T19:00:00+08:00,55.0,87,3.3,15.7,1,1015.1,-99,1.0,12.1,68,2017-12-13T18:07:00+08:00,新北市,06,三峽區,057
24.940806,121.361500,三峽,C0AC60,2017-12-13T20:00:00+08:00,55.0,91,1.6,15.9,0.99,1015.4,-99,1.5,11.5,65,2017-12-13T19:07:00+08:00,新北市,06,三峽區,057
24.940806,121.361500,三峽,C0AC60,2017-12-13T21:00:00+08:00,55.0,86,2.4,15.9,0.99,1015.1,-99,2.0,9.3,59,2017-12-13T20:13:00+08:00,新北市,06,三峽區,057
24.940806,121.361500,三峽,C0AC60,2017-12-13T22:00:00+08:00,55.0,84,3.0,15.8,0.97,1015.3,-99,2.0,8.2,70,2017-12-13T21:14:00+08:00,新北市,06,三峽區,057
24.940806,121.361500,三峽,C0AC60,2017-12-13T23:00:00+08:00,55.0,94,2.5,15.8,0.96,1015.3,-99,2.0,7.7,85,2017-12-13T22:40:00+08:00,新北市,06,三峽區,057
24.940806,121.361500,三峽,C0AC60,2017-12-14T00:00:00+08:00,55.0,95,3.1,16.0,0.94,1014.6,-99,2.0,-99,-99,-99,新北市,06,三峽區,057
24.940806,121.361500,三峽,C0AC60,2017-12-14T01:00:00+08:00,55.0,81,2.9,16.1,0.92,1013.7,-99,0.0,8.8,81,2017-12-14T00:01:00+08:00,新北市,06,三峽區,057
24.940806,121.361500,三峽,C0AC60,2017-12-14T02:00:00+08:00,55.0,79,4.2,16.5,0.88,1012.4,-99,0.0,11.0,53,2017-12-14T01:33:00+08:00,新北市,06,三峽區,057
24.940806,121.361500,三峽,C0AC60,2017-12-14T03:00:00+08:00,55.0,79,4.3,17.3,0.83,1012.1,-99,0.0,12.1,90,2017-12-14T02:56:00+08:00,新北市,06,三峽區,057
24.940806,121.361500,三峽,C0AC60,2017-12-14T04:00:00+08:00,55.0,71,3.9,17.0,0.84,1011.7,-99,0.0,12.1,52,2017-12-14T03:07:00+08:00,新北市,06,三峽區,057
24.940806,121.361500,三峽,C0AC60,2017-12-14T05:00:00+08:00,55.0,74,4.6,17.2,0.87,1012.0,-99,0.0,13.2,94,2017-12-14T04:20:00+08:00,新北市,06,三峽區,057
24.940806,121.361500,三峽,C0AC60,2017-12-14T06:00:00+08:00,55.0,74,5.1,17.4,0.88,1012.8,-99,0.0,11.5,89,2017-12-14T05:10:00+08:00,新北市,06,三峽區,057
24.940806,121.361500,三峽,C0AC60,2017-12-14T07:00:00+08:00,55.0,81,3.8,17.7,0.85,1013.0,-99,0.0,10.4,69,2017-12-14T06:03:00+08:00,新北市,06,三峽區,057
24.940806,121.361500,三峽,C0AC60,2017-12-14T08:00:00+08:00,55.0,76,3.5,18.3,0.83,1013.2,-99,0.0,10.4,89,2017-12-14T07:25:00+08:00,新北市,06,三峽區,057
24.940806,121.361500,三峽,C0AC60,2017-12-14T09:00:00+08:00,55.0,76,3.8,19.6,0.77,1013.4,-99,0.0,10.4,68,2017-12-14T08:27:00+08:00,新北市,06,三峽區,057
24.940806,121.361500,三峽,C0AC60,2017-12-14T10:00:00+08:00,55.0,78,3.8,20.9,0.75,1013.1,-99,0.0,13.2,80,2017-12-14T09:51:00+08:00,新北市,06,三峽區,057
24.940806,121.361500,三峽,C0AC60,2017-12-14T11:00:00+08:00,55.0,76,4.4,21.4,0.75,1012.6,-99,0.0,12.6,83,2017-12-14T10:54:00+08:00,新北市,06,三峽區,057
24.940806,121.361500,三峽,C0AC60,2017-12-14T12:00:00+08:00,55.0,70,4.7,21.8,0.73,1012.0,-99,0.0,12.1,55,2017-12-14T11:05:00+08:00,新北市,06,三峽區,057
24.940806,121.361500,三峽,C0AC60,2017-12-14T13:00:00+08:00,55.0,73,4.2,21.2,0.77,1011.4,-99,0.0,13.7,83,2017-12-14T12:47:00+08:00,新北市,06,三峽區,057
24.940806,121.361500,三峽,C0AC60,2017-12-14T14:00:00+08:00,55.0,76,4.9,21.0,0.78,1011.2,-99,0.0,12.6,86,2017-12-14T13:26:00+08:00,新北市,06,三峽區,057
24.940806,121.361500,三峽,C0AC60,2017-12-14T15:00:00+08:00,55.0,78,4.0,20.1,0.81,1011.2,-99,0.0,11.5,70,2017-12-14T14:05:00+08:00,新北市,06,三峽區,057
24.940806,121.361500,三峽,C0AC60,2017-12-14T16:00:00+08:00,55.0,76,4.4,19.9,0.82,1011.5,-99,0.0,10.4,63,2017-12-14T15:12:00+08:00,新北市,06,三峽區,057
24.940806,121.361500,三峽,C0AC60,2017-12-14T17:00:00+08:00,55.0,78,4.3,19.3,0.84,1011.7,-99,0.0,11.0,78,2017-12-14T16:15:00+08:00,新北市,06,三峽區,057
24.940806,121.361500,三峽,C0AC60,2017-12-14T18:00:00+08:00,55.0,77,4.1,19.2,0.85,1012.2,-99,0.0,11.5,81,2017-12-14T17:28:00+08:00,新北市,06,三峽區,057
24.940806,121.361500,三峽,C0AC60,2017-12-14T19:00:00+08:00,55.0,74,4.2,19.4,0.84,1012.4,-99,0.0,11.0,94,2017-12-14T18:04:00+08:00,新北市,06,三峽區,057
24.940806,121.361500,三峽,C0AC60,2017-12-14T20:00:00+08:00,55.0,77,4.2,19.5,0.84,1012.5,-99,0.0,11.0,73,2017-12-14T19:53:00+08:00,新北市,06,三峽區,057
24.940806,121.361500,三峽,C0AC60,2017-12-14T21:00:00+08:00,55.0,73,3.0,19.6,0.85,1012.6,-99,0.0,11.5,78,2017-12-14T20:44:00+08:00,新北市,06,三峽區,057
24.940806,121.361500,三峽,C0AC60,2017-12-14T22:00:00+08:00,55.0,76,2.9,19.2,0.91,1012.5,-99,0.0,10.4,53,2017-12-14T21:05:00+08:00,新北市,06,三峽區,057
24.940806,121.361500,三峽,C0AC60,2017-12-14T23:00:00+08:00,55.0,74,4.3,19.0,0.94,1012.3,-99,0.0,11.0,98,2017-12-14T22:33:00+08:00,新北市,06,三峽區,057
24.940806,121.361500,三峽,C0AC60,2017-12-15T00:00:00+08:00,55.0,84,2.8,18.7,0.96,1012.5,-99,0.0,8.2,65,2017-12-14T23:54:00+08:00,新北市,06,三峽區,057
24.940806,121.361500,三峽,C0AC60,2017-12-15T01:00:00+08:00,55.0,80,3.1,18.5,0.96,1012.2,-99,0.0,8.8,83,2017-12-15T00:47:00+08:00,新北市,06,三峽區,057
24.940806,121.361500,三峽,C0AC60,2017-12-15T02:00:00+08:00,55.0,79,3.5,18.6,0.95,1012.3,-99,0.0,9.9,43,2017-12-15T01:34:00+08:00,新北市,06,三峽區,057
24.940806,121.361500,三峽,C0AC60,2017-12-15T03:00:00+08:00,55.0,82,3.5,18.8,0.92,1012.0,-99,0.0,8.8,79,2017-12-15T02:47:00+08:00,新北市,06,三峽區,057
24.940806,121.361500,三峽,C0AC60,2017-12-15T04:00:00+08:00,55.0,75,3.6,18.8,0.91,1011.7,-99,0.0,11.5,64,2017-12-15T03:25:00+08:00,新北市,06,三峽區,057
24.940806,121.361500,三峽,C0AC60,2017-12-15T05:00:00+08:00,55.0,83,3.6,18.7,0.91,1011.9,-99,0.0,9.9,98,2017-12-15T04:16:00+08:00,新北市,06,三峽區,057
24.940806,121.361500,三峽,C0AC60,2017-12-15T06:00:00+08:00,55.0,78,4.5,18.8,0.91,1011.9,-99,0.0,8.2,66,2017-12-15T05:10:00+08:00,新北市,06,三峽區,057
24.940806,121.361500,三峽,C0AC60,2017-12-15T07:00:00+08:00,55.0,82,4.5,19.1,0.89,1012.1,-99,0.0,11.0,74,2017-12-15T06:48:00+08:00,新北市,06,三峽區,057
24.940806,121.361500,三峽,C0AC60,2017-12-15T08:00:00+08:00,55.0,78,3.7,20.4,0.79,1012.4,-99,0.0,9.9,88,2017-12-15T07:57:00+08:00,新北市,06,三峽區,057
24.940806,121.361500,三峽,C0AC60,2017-12-15T09:00:00+08:00,55.0,77,3.6,21.2,0.75,1012.5,-99,0.0,10.4,59,2017-12-15T08:02:00+08:00,新北市,06,三峽區,057
24.940806,121.361500,三峽,C0AC60,2017-12-15T10:00:00+08:00,55.0,73,4.2,22.4,0.71,1011.7,-99,0.0,11.5,45,2017-12-15T09:17:00+08:00,新北市,06,三峽區,057
24.940806,121.361500,三峽,C0AC60,2017-12-15T11:00:00+08:00,55.0,73,3.9,23.6,0.65,1011.1,-99,0.0,9.3,65,2017-12-15T10:16:00+08:00,新北市,06,三峽區,057
24.940806,121.361500,三峽,C0AC60,2017-12-15T12:00:00+08:00,55.0,60,3.9,24.2,0.63,1010.0,-99,0.0,8.8,70,2017-12-15T11:19:00+08:00,新北市,06,三峽區,057
24.940806,121.361500,三峽,C0AC60,2017-12-15T13:00:00+08:00,55.0,37,2.3,24.3,0.65,1009.2,-99,0.0,9.9,88,2017-12-15T12:12:00+08:00,新北市,06,三峽區,057
24.940806,121.361500,三峽,C0AC60,2017-12-15T14:00:00+08:00,55.0,45,2.0,24.9,0.62,1008.9,-99,0.0,-99,-99,-99,新北市,06,三峽區,057
24.940806,121.361500,三峽,C0AC60,2017-12-15T15:00:00+08:00,55.0,38,1.9,23.4,0.67,1009.4,-99,0.0,-99,-99,-99,新北市,06,三峽區,057
24.940806,121.361500,三峽,C0AC60,2017-12-15T16:00:00+08:00,55.0,68,2.5,22.6,0.67,1010.2,-99,0.0,-99,-99,-99,新北市,06,三峽區,057
24.940806,121.361500,三峽,C0AC60,2017-12-15T17:00:00+08:00,55.0,82,1.4,22.2,0.69,1010.9,-99,0.0,-99,-99,-99,新北市,06,三峽區,057
24.940806,121.361500,三峽,C0AC60,2017-12-15T18:00:00+08:00,55.0,107,0.3,21.5,0.7,1011.3,-99,0.0,-99,-99,-99,新北市,06,三峽區,057
24.940806,121.361500,三峽,C0AC60,2017-12-15T19:00:00+08:00,55.0,0,0.0,20.6,0.8,1011.7,-99,0.0,-99,-99,-99,新北市,06,三峽區,057
24.940806,121.361500,三峽,C0AC60,2017-12-15T20:00:00+08:00,55.0,171,0.8,19.5,0.88,1012.2,-99,0.0,-99,-99,-99,新北市,06,三峽區,057
24.940806,121.361500,三峽,C0AC60,2017-12-15T21:00:00+08:00,55.0,163,1.8,19.1,0.91,1012.5,-99,0.0,-99,-99,-99,新北市,06,三峽區,057
24.940806,121.361500,三峽,C0AC60,2017-12-15T22:00:00+08:00,55.0,0,0.0,19.0,0.91,1012.8,-99,0.0,-99,-99,-99,新北市,06,三峽區,057
24.940806,121.361500,三峽,C0AC60,2017-12-15T23:00:00+08:00,55.0,0,0.2,18.9,0.91,1013.0,-99,0.0,-99,-99,-99,新北市,06,三峽區,057
24.940806,121.361500,三峽,C0AC60,2017-12-16T00:00:00+08:00,55.0,0,0.0,18.9,0.92,1012.9,-99,0.0,-99,-99,-99,新北市,06,三峽區,057
24.940806,121.361500,三峽,C0AC60,2017-12-16T01:00:00+08:00,55.0,0,0.0,18.9,0.94,1013.0,-99,0.0,-99,-99,-99,新北市,06,三峽區,057
24.940806,121.361500,三峽,C0AC60,2017-12-16T02:00:00+08:00,55.0,0,0.0,19.0,0.97,1013.1,-99,0.0,-99,-99,-99,新北市,06,三峽區,057
24.940806,121.361500,三峽,C0AC60,2017-12-16T03:00:00+08:00,55.0,0,0.0,19.0,0.95,1013.2,-99,0.0,-99,-99,-99,新北市,06,三峽區,057
24.940806,121.361500,三峽,C0AC60,2017-12-16T04:00:00+08:00,55.0,0,0.1,19.0,0.96,1013.2,-99,0.0,-99,-99,-99,新北市,06,三峽區,057
24.940806,121.361500,三峽,C0AC60,2017-12-16T05:00:00+08:00,55.0,0,0.1,18.8,0.98,1013.6,-99,0.0,-99,-99,-99,新北市,06,三峽區,057
24.940806,121.361500,三峽,C0AC60,2017-12-16T06:00:00+08:00,55.0,79,1.7,18.6,0.98,1013.7,-99,0.0,-99,-99,-99,新北市,06,三峽區,057
24.940806,121.361500,三峽,C0AC60,2017-12-16T07:00:00+08:00,55.0,96,0.5,18.4,1,1014.6,-99,0.0,-99,-99,-99,新北市,06,三峽區,057
24.940806,121.361500,三峽,C0AC60,2017-12-16T08:00:00+08:00,55.0,88,0.5,18.3,0.99,1015.3,-99,2.0,-99,-99,-99,新北市,06,三峽區,057
24.940806,121.361500,三峽,C0AC60,2017-12-16T09:00:00+08:00,55.0,91,1.1,17.9,1,1016.1,-99,2.5,-99,-99,-99,新北市,06,三峽區,057
24.940806,121.361500,三峽,C0AC60,2017-12-16T14:00:00+08:00,55.0,48,2.0,15.6,1,1016.7,-99,18.0,7.1,48,2017-12-16T13:57:00+08:00,新北市,06,三峽區,057
24.940806,121.361500,三峽,C0AC60,2017-12-16T15:00:00+08:00,55.0,44,2.9,14.9,0.95,1017.4,-99,18.0,8.8,55,2017-12-16T14:01:00+08:00,新北市,06,三峽區,057
24.940806,121.361500,三峽,C0AC60,2017-12-16T16:00:00+08:00,55.0,43,1.5,14.3,0.96,1018.5,-99,19.0,7.1,43,2017-12-16T15:41:00+08:00,新北市,06,三峽區,057
24.940806,121.361500,三峽,C0AC60,2017-12-16T17:00:00+08:00,55.0,53,2.0,13.7,0.96,1019.8,-99,20.5,7.7,49,2017-12-16T16:47:00+08:00,新北市,06,三峽區,057
24.940806,121.361500,三峽,C0AC60,2017-12-16T18:00:00+08:00,55.0,31,0.9,13.9,0.94,1020.6,-99,20.5,-99,-99,-99,新北市,06,三峽區,057
24.940806,121.361500,三峽,C0AC60,2017-12-16T19:00:00+08:00,55.0,66,0.7,14.1,0.94,1021.1,-99,20.5,-99,-99,-99,新北市,06,三峽區,057
24.940806,121.361500,三峽,C0AC60,2017-12-16T20:00:00+08:00,55.0,91,1.3,13.9,0.93,1021.6,-99,20.5,-99,-99,-99,新北市,06,三峽區,057
24.940806,121.361500,三峽,C0AC60,2017-12-16T21:00:00+08:00,55.0,94,1.5,13.4,0.95,1021.8,-99,20.5,6.6,96,2017-12-16T20:23:00+08:00,新北市,06,三峽區,057
24.940806,121.361500,三峽,C0AC60,2017-12-16T22:00:00+08:00,55.0,91,1.5,13.4,0.94,1021.9,-99,20.5,-99,-99,-99,新北市,06,三峽區,057
24.940806,121.361500,三峽,C0AC60,2017-12-16T23:00:00+08:00,55.0,95,1.9,13.1,0.93,1022.0,-99,21.0,7.1,88,2017-12-16T22:41:00+08:00,新北市,06,三峽區,057
24.940806,121.361500,三峽,C0AC60,2017-12-17T00:00:00+08:00,55.0,95,1.7,12.9,0.92,1021.8,-99,21.0,-99,-99,-99,新北市,06,三峽區,057
24.940806,121.361500,三峽,C0AC60,2017-12-17T01:00:00+08:00,55.0,97,1.9,12.5,0.96,1021.9,-99,0.0,-99,-99,-99,新北市,06,三峽區,057
24.940806,121.361500,三峽,C0AC60,2017-12-17T02:00:00+08:00,55.0,97,2.2,12.3,0.94,1022.0,-99,0.0,-99,-99,-99,新北市,06,三峽區,057
24.940806,121.361500,三峽,C0AC60,2017-12-17T03:00:00+08:00,55.0,94,2.4,12.1,0.93,1022.1,-99,0.5,8.2,100,2017-12-17T02:27:00+08:00,新北市,06,三峽區,057
24.940806,121.361500,三峽,C0AC60,2017-12-17T04:00:00+08:00,55.0,95,2.5,12.0,0.92,1022.1,-99,0.5,8.2,86,2017-12-17T03:35:00+08:00,新北市,06,三峽區,057
24.940806,121.361500,三峽,C0AC60,2017-12-17T05:00:00+08:00,55.0,94,2.4,12.0,0.9,1022.0,-99,0.5,7.7,78,2017-12-17T04:12:00+08:00,新北市,06,三峽區,057
24.940806,121.361500,三峽,C0AC60,2017-12-17T06:00:00+08:00,55.0,99,1.4,12.0,0.9,1022.3,-99,0.5,7.1,90,2017-12-17T05:07:00+08:00,新北市,06,三峽區,057
24.940806,121.361500,三峽,C0AC60,2017-12-17T07:00:00+08:00,55.0,92,1.3,12.1,0.88,1022.5,-99,0.5,-99,-99,-99,新北市,06,三峽區,057
24.940806,121.361500,三峽,C0AC60,2017-12-17T08:00:00+08:00,55.0,94,2.1,12.3,0.86,1022.6,-99,0.5,-99,-99,-99,新北市,06,三峽區,057
24.940806,121.361500,三峽,C0AC60,2017-12-17T09:00:00+08:00,55.0,92,2.1,12.1,0.92,1022.7,-99,0.5,-99,-99,-99,新北市,06,三峽區,057
24.940806,121.361500,三峽,C0AC60,2017-12-17T10:00:00+08:00,55.0,96,1.8,12.9,0.89,1022.3,-99,0.5,-99,-99,-99,新北市,06,三峽區,057
24.940806,121.361500,三峽,C0AC60,2017-12-17T11:00:00+08:00,55.0,101,2.0,13.3,0.87,1021.6,-99,0.5,-99,-99,-99,新北市,06,三峽區,057
24.940806,121.361500,三峽,C0AC60,2017-12-17T12:00:00+08:00,55.0,91,2.8,13.5,0.9,1020.8,-99,0.5,8.2,71,2017-12-17T11:44:00+08:00,新北市,06,三峽區,057
24.940806,121.361500,三峽,C0AC60,2017-12-17T13:00:00+08:00,55.0,93,2.0,13.5,0.9,1019.9,-99,0.5,7.7,80,2017-12-17T12:03:00+08:00,新北市,06,三峽區,057
24.940806,121.361500,三峽,C0AC60,2017-12-17T14:00:00+08:00,55.0,95,1.7,13.0,0.97,1019.3,-99,0.5,-99,-99,-99,新北市,06,三峽區,057
24.940806,121.361500,三峽,C0AC60,2017-12-17T15:00:00+08:00,55.0,95,2.2,13.3,0.93,1018.8,-99,0.5,-99,-99,-99,新北市,06,三峽區,057
24.940806,121.361500,三峽,C0AC60,2017-12-18T12:00:00+08:00,55.0,-99,-99,-99,-99,-99,-99,-99,-99,-99,-99,新北市,06,三峽區,057
24.940806,121.361500,三峽,C0AC60,2017-12-18T13:00:00+08:00,55.0,-99,-99,-99,-99,-99,-99,-99,-99,-99,-99,新北市,06,三峽區,057
24.940806,121.361500,三峽,C0AC60,2017-12-18T14:00:00+08:00,55.0,-99,-99,-99,-99,-99,-99,-99,-99,-99,-99,新北市,06,三峽區,057
24.940806,121.361500,三峽,C0AC60,2017-12-18T15:00:00+08:00,55.0,-99,-99,-99,-99,-99,-99,-99,-99,-99,-99,新北市,06,三峽區,057
24.940806,121.361500,三峽,C0AC60,2017-12-18T16:00:00+08:00,55.0,-99,-99,-99,-99,-99,-99,-99,-99,-99,-99,新北市,06,三峽區,057
24.940806,121.361500,三峽,C0AC60,2017-12-18T17:00:00+08:00,55.0,-99,-99,-99,-99,-99,-99,-99,-99,-99,-99,新北市,06,三峽區,057
24.940806,121.361500,三峽,C0AC60,2017-12-18T18:00:00+08:00,55.0,91,1.5,14.2,0.99,1018.4,-99,1.5,7.1,74,2017-12-18T17:44:00+08:00,新北市,06,三峽區,057
24.940806,121.361500,三峽,C0AC60,2017-12-18T19:00:00+08:00,55.0,100,1.5,14.0,0.99,1019.1,-99,1.5,7.1,66,2017-12-18T18:05:00+08:00,新北市,06,三峽區,057
24.940806,121.361500,三峽,C0AC60,2017-12-18T20:00:00+08:00,55.0,96,1.9,14.1,0.99,1019.4,-99,2.5,-99,-99,-99,新北市,06,三峽區,057
24.940806,121.361500,三峽,C0AC60,2017-12-18T21:00:00+08:00,55.0,103,1.7,14.0,0.99,1019.8,-99,3.0,-99,-99,-99,新北市,06,三峽區,057
24.940806,121.361500,三峽,C0AC60,2017-12-18T22:00:00+08:00,55.0,98,1.7,13.9,0.99,1019.5,-99,3.5,-99,-99,-99,新北市,06,三峽區,057
24.940806,121.361500,三峽,C0AC60,2017-12-18T23:00:00+08:00,55.0,97,0.7,13.9,0.99,1019.5,-99,4.5,-99,-99,-99,新北市,06,三峽區,057
24.940806,121.361500,三峽,C0AC60,2017-12-19T00:00:00+08:00,55.0,96,1.1,13.9,0.99,1019.5,-99,5.0,-99,-99,-99,新北市,06,三峽區,057
24.940806,121.361500,三峽,C0AC60,2017-12-19T01:00:00+08:00,55.0,90,1.5,13.9,0.99,1019.8,-99,0.5,-99,-99,-99,新北市,06,三峽區,057
24.940806,121.361500,三峽,C0AC60,2017-12-19T02:00:00+08:00,55.0,85,0.8,13.9,0.99,1019.7,-99,1.5,-99,-99,-99,新北市,06,三峽區,057
24.940806,121.361500,三峽,C0AC60,2017-12-19T03:00:00+08:00,55.0,97,1.5,13.9,0.99,1019.9,-99,2.5,-99,-99,-99,新北市,06,三峽區,057
24.940806,121.361500,三峽,C0AC60,2017-12-19T04:00:00+08:00,55.0,95,0.9,13.8,0.99,1020.1,-99,3.0,-99,-99,-99,新北市,06,三峽區,057
24.940806,121.361500,三峽,C0AC60,2017-12-19T05:00:00+08:00,55.0,90,2.2,13.5,0.99,1020.2,-99,5.0,-99,-99,-99,新北市,06,三峽區,057
24.940806,121.361500,三峽,C0AC60,2017-12-19T06:00:00+08:00,55.0,90,1.2,13.4,0.99,1020.8,-99,7.0,-99,-99,-99,新北市,06,三峽區,057
24.940806,121.361500,三峽,C0AC60,2017-12-19T07:00:00+08:00,55.0,89,1.8,13.4,0.99,1021.5,-99,8.0,8.2,90,2017-12-19T06:30:00+08:00,新北市,06,三峽區,057
24.940806,121.361500,三峽,C0AC60,2017-12-19T08:00:00+08:00,55.0,95,1.9,13.2,0.99,1021.7,-99,9.0,-99,-99,-99,新北市,06,三峽區,057
24.940806,121.361500,三峽,C0AC60,2017-12-19T09:00:00+08:00,55.0,94,2.4,12.9,0.98,1022.5,-99,10.0,6.0,86,2017-12-19T08:41:00+08:00,新北市,06,三峽區,057
24.940806,121.361500,三峽,C0AC60,2017-12-19T10:00:00+08:00,55.0,96,2.8,13.0,0.97,1022.7,-99,10.5,-99,-99,-99,新北市,06,三峽區,057
24.940806,121.361500,三峽,C0AC60,2017-12-19T11:00:00+08:00,55.0,97,1.4,13.4,0.97,1022.0,-99,11.5,8.2,104,2017-12-19T10:24:00+08:00,新北市,06,三峽區,057
24.940806,121.361500,三峽,C0AC60,2017-12-19T12:00:00+08:00,55.0,100,2.0,13.6,0.96,1021.0,-99,11.5,-99,-99,-99,新北市,06,三峽區,057
24.940806,121.361500,三峽,C0AC60,2017-12-19T13:00:00+08:00,55.0,92,1.1,13.6,0.98,1019.9,-99,12.5,-99,-99,-99,新北市,06,三峽區,057
24.940806,121.361500,三峽,C0AC60,2017-12-19T14:00:00+08:00,55.0,91,1.8,13.8,0.99,1019.3,-99,12.5,-99,-99,-99,新北市,06,三峽區,057
24.940806,121.361500,三峽,C0AC60,2017-12-19T15:00:00+08:00,55.0,97,2.2,14.0,0.98,1019.1,-99,13.0,-99,-99,-99,新北市,06,三峽區,057
24.940806,121.361500,三峽,C0AC60,2017-12-19T16:00:00+08:00,55.0,93,1.9,14.2,0.98,1019.4,-99,13.0,7.1,78,2017-12-19T15:46:00+08:00,新北市,06,三峽區,057
24.940806,121.361500,三峽,C0AC60,2017-12-19T17:00:00+08:00,55.0,95,1.8,14.1,0.98,1020.3,-99,13.0,-99,-99,-99,新北市,06,三峽區,057
24.940806,121.361500,三峽,C0AC60,2017-12-19T18:00:00+08:00,55.0,98,1.9,14.4,0.96,1021.2,-99,13.0,7.7,79,2017-12-19T17:20:00+08:00,新北市,06,三峽區,057
24.940806,121.361500,三峽,C0AC60,2017-12-19T19:00:00+08:00,55.0,94,2.7,14.1,0.97,1021.7,-99,13.0,-99,-99,-99,新北市,06,三峽區,057
24.940806,121.361500,三峽,C0AC60,2017-12-19T20:00:00+08:00,55.0,93,1.3,14.2,0.94,1022.1,-99,13.5,-99,-99,-99,新北市,06,三峽區,057
24.940806,121.361500,三峽,C0AC60,2017-12-19T21:00:00+08:00,55.0,94,2.7,13.8,0.97,1022.3,-99,13.5,8.2,87,2017-12-19T20:56:00+08:00,新北市,06,三峽區,057
24.940806,121.361500,三峽,C0AC60,2017-12-19T22:00:00+08:00,55.0,96,2.5,13.9,0.96,1022.4,-99,13.5,8.2,71,2017-12-19T21:46:00+08:00,新北市,06,三峽區,057
24.940806,121.361500,三峽,C0AC60,2017-12-19T23:00:00+08:00,55.0,96,1.8,14.2,0.93,1022.4,-99,13.5,7.7,87,2017-12-19T22:38:00+08:00,新北市,06,三峽區,057
24.940806,121.361500,三峽,C0AC60,2017-12-20T00:00:00+08:00,55.0,99,0.6,14.6,0.88,1022.3,-99,13.5,6.0,58,2017-12-19T23:52:00+08:00,新北市,06,三峽區,057
24.940806,121.361500,三峽,C0AC60,2017-12-20T01:00:00+08:00,55.0,99,1.7,14.7,0.9,1022.3,-99,0.0,-99,-99,-99,新北市,06,三峽區,057
24.940806,121.361500,三峽,C0AC60,2017-12-20T02:00:00+08:00,55.0,91,2.3,14.5,0.93,1022.4,-99,0.0,8.2,93,2017-12-20T01:25:00+08:00,新北市,06,三峽區,057
24.940806,121.361500,三峽,C0AC60,2017-12-20T03:00:00+08:00,55.0,95,1.9,14.5,0.91,1022.5,-99,0.0,-99,-99,-99,新北市,06,三峽區,057
24.940806,121.361500,三峽,C0AC60,2017-12-20T04:00:00+08:00,55.0,93,0.8,14.4,0.91,1022.6,-99,0.0,-99,-99,-99,新北市,06,三峽區,057
24.940806,121.361500,三峽,C0AC60,2017-12-20T05:00:00+08:00,55.0,120,0.7,14.4,0.9,1023.0,-99,0.0,-99,-99,-99,新北市,06,三峽區,057
24.940806,121.361500,三峽,C0AC60,2017-12-20T06:00:00+08:00,55.0,96,1.6,14.8,0.83,1023.6,-99,0.0,-99,-99,-99,新北市,06,三峽區,057
24.940806,121.361500,三峽,C0AC60,2017-12-20T07:00:00+08:00,55.0,93,1.3,14.6,0.82,1023.3,-99,0.0,-99,-99,-99,新北市,06,三峽區,057
24.940806,121.361500,三峽,C0AC60,2017-12-20T08:00:00+08:00,55.0,93,2.3,15.7,0.7,1023.0,-99,0.0,-99,-99,-99,新北市,06,三峽區,057
24.940806,121.361500,三峽,C0AC60,2017-12-20T09:00:00+08:00,55.0,95,1.9,16.2,0.71,1024.1,-99,0.0,-99,-99,-99,新北市,06,三峽區,057
24.940806,121.361500,三峽,C0AC60,2017-12-20T10:00:00+08:00,55.0,96,3.3,17.2,0.61,1023.9,-99,0.0,8.2,93,2017-12-20T09:20:00+08:00,新北市,06,三峽區,057
24.940806,121.361500,三峽,C0AC60,2017-12-20T11:00:00+08:00,55.0,72,3.7,18.2,0.53,1022.9,-99,0.0,8.8,75,2017-12-20T10:58:00+08:00,新北市,06,三峽區,057
24.940806,121.361500,三峽,C0AC60,2017-12-20T12:00:00+08:00,55.0,90,2.3,18.8,0.51,1021.8,-99,0.0,11.0,78,2017-12-20T11:13:00+08:00,新北市,06,三峽區,057
24.940806,121.361500,三峽,C0AC60,2017-12-20T13:00:00+08:00,55.0,69,3.8,18.6,0.48,1021.0,-99,0.0,11.5,78,2017-12-20T12:26:00+08:00,新北市,06,三峽區,057
24.940806,121.361500,三峽,C0AC60,2017-12-20T14:00:00+08:00,55.0,89,3.2,18.4,0.53,1020.9,-99,0.0,11.5,59,2017-12-20T13:19:00+08:00,新北市,06,三峽區,057
24.940806,121.361500,三峽,C0AC60,2017-12-20T15:00:00+08:00,55.0,77,4.1,18.2,0.59,1021.2,-99,0.0,9.9,81,2017-12-20T15:00:00+08:00,新北市,06,三峽區,057
24.940806,121.361500,三峽,C0AC60,2017-12-20T16:00:00+08:00,55.0,96,2.5,17.6,0.62,1022.0,-99,0.0,8.2,82,2017-12-20T15:24:00+08:00,新北市,06,三峽區,057
24.940806,121.361500,三峽,C0AC60,2017-12-20T17:00:00+08:00,55.0,97,3.0,16.2,0.69,1022.6,-99,0.0,-99,-99,-99,新北市,06,三峽區,057
24.940806,121.361500,三峽,C0AC60,2017-12-20T18:00:00+08:00,55.0,92,2.2,15.3,0.71,1023.2,-99,0.0,-99,-99,-99,新北市,06,三峽區,057
24.940806,121.361500,三峽,C0AC60,2017-12-20T19:00:00+08:00,55.0,94,1.8,14.8,0.72,1023.5,-99,0.0,-99,-99,-99,新北市,06,三峽區,057
24.940806,121.361500,三峽,C0AC60,2017-12-20T20:00:00+08:00,55.0,94,1.7,14.4,0.73,1023.4,-99,0.0,-99,-99,-99,新北市,06,三峽區,057
24.940806,121.361500,三峽,C0AC60,2017-12-20T21:00:00+08:00,55.0,92,1.7,14.4,0.69,1023.4,-99,0.0,8.8,93,2017-12-20T20:40:00+08:00,新北市,06,三峽區,057
24.940806,121.361500,三峽,C0AC60,2017-12-20T22:00:00+08:00,55.0,90,1.9,14.0,0.69,1023.5,-99,0.0,-99,-99,-99,新北市,06,三峽區,057
24.940806,121.361500,三峽,C0AC60,2017-12-20T23:00:00+08:00,55.0,92,2.2,14.2,0.66,1023.2,-99,0.0,-99,-99,-99,新北市,06,三峽區,057
24.940806,121.361500,三峽,C0AC60,2017-12-21T00:00:00+08:00,55.0,92,2.2,14.1,0.66,1023.2,-99,0.0,-99,-99,-99,新北市,06,三峽區,057
24.940806,121.361500,三峽,C0AC60,2017-12-21T01:00:00+08:00,55.0,94,2.0,13.8,0.67,1023.1,-99,0.0,-99,-99,-99,新北市,06,三峽區,057
24.940806,121.361500,三峽,C0AC60,2017-12-21T02:00:00+08:00,55.0,91,2.2,14.3,0.63,1022.5,-99,0.0,-99,-99,-99,新北市,06,三峽區,057
24.940806,121.361500,三峽,C0AC60,2017-12-21T03:00:00+08:00,55.0,88,2.4,14.1,0.66,1022.1,-99,0.0,-99,-99,-99,新北市,06,三峽區,057
24.940806,121.361500,三峽,C0AC60,2017-12-21T04:00:00+08:00,55.0,94,2.4,14.1,0.65,1022.1,-99,0.0,-99,-99,-99,新北市,06,三峽區,057
24.940806,121.361500,三峽,C0AC60,2017-12-21T05:00:00+08:00,55.0,92,2.4,13.6,0.68,1022.1,-99,0.0,-99,-99,-99,新北市,06,三峽區,057
24.940806,121.361500,三峽,C0AC60,2017-12-21T06:00:00+08:00,55.0,94,2.1,13.9,0.66,1022.6,-99,0.0,-99,-99,-99,新北市,06,三峽區,057
24.940806,121.361500,三峽,C0AC60,2017-12-21T07:00:00+08:00,55.0,96,2.7,14.0,0.66,1022.9,-99,0.0,7.7,74,2017-12-21T06:36:00+08:00,新北市,06,三峽區,057
24.940806,121.361500,三峽,C0AC60,2017-12-21T08:00:00+08:00,55.0,94,3.0,14.3,0.62,1023.0,-99,0.0,-99,-99,-99,新北市,06,三峽區,057
24.940806,121.361500,三峽,C0AC60,2017-12-21T09:00:00+08:00,55.0,90,3.7,15.4,0.58,1022.6,-99,0.0,8.8,78,2017-12-21T08:55:00+08:00,新北市,06,三峽區,057
24.940806,121.361500,三峽,C0AC60,2017-12-21T10:00:00+08:00,55.0,83,3.3,16.5,0.54,1021.8,-99,0.0,13.7,50,2017-12-21T09:44:00+08:00,新北市,06,三峽區,057
24.940806,121.361500,三峽,C0AC60,2017-12-21T11:00:00+08:00,55.0,84,4.0,16.9,0.53,1020.5,-99,0.0,14.3,59,2017-12-21T10:45:00+08:00,新北市,06,三峽區,057
24.940806,121.361500,三峽,C0AC60,2017-12-21T12:00:00+08:00,55.0,83,4.5,17.7,0.51,1019.0,-99,0.0,13.2,79,2017-12-21T11:21:00+08:00,新北市,06,三峽區,057
24.940806,121.361500,三峽,C0AC60,2017-12-21T13:00:00+08:00,55.0,80,4.1,18.0,0.51,1017.6,-99,0.0,12.6,74,2017-12-21T12:34:00+08:00,新北市,06,三峽區,057
24.940806,121.361500,三峽,C0AC60,2017-12-21T14:00:00+08:00,55.0,80,4.5,18.3,0.51,1016.7,-99,0.0,13.2,82,2017-12-21T13:44:00+08:00,新北市,06,三峽區,057
24.940806,121.361500,三峽,C0AC60,2017-12-21T15:00:00+08:00,55.0,74,3.9,18.3,0.54,1016.8,-99,0.0,13.2,68,2017-12-21T14:06:00+08:00,新北市,06,三峽區,057
24.940806,121.361500,三峽,C0AC60,2017-12-21T16:00:00+08:00,55.0,81,3.5,17.8,0.57,1016.9,-99,0.0,13.7,68,2017-12-21T15:20:00+08:00,新北市,06,三峽區,057
24.940806,121.361500,三峽,C0AC60,2017-12-21T17:00:00+08:00,55.0,84,3.8,16.6,0.63,1017.1,-99,0.0,11.5,87,2017-12-21T16:18:00+08:00,新北市,06,三峽區,057
24.940806,121.361500,三峽,C0AC60,2017-12-21T18:00:00+08:00,55.0,81,3.9,16.2,0.66,1017.3,-99,0.0,12.1,100,2017-12-21T17:16:00+08:00,新北市,06,三峽區,057
24.940806,121.361500,三峽,C0AC60,2017-12-21T19:00:00+08:00,55.0,80,3.8,16.2,0.64,1017.7,-99,0.0,11.5,67,2017-12-21T18:34:00+08:00,新北市,06,三峽區,057
24.940806,121.361500,三峽,C0AC60,2017-12-21T20:00:00+08:00,55.0,81,4.1,16.2,0.62,1018.0,-99,0.0,12.1,82,2017-12-21T19:10:00+08:00,新北市,06,三峽區,057
24.940806,121.361500,三峽,C0AC60,2017-12-21T21:00:00+08:00,55.0,80,4.4,16.3,0.63,1018.1,-99,0.0,11.5,58,2017-12-21T20:07:00+08:00,新北市,06,三峽區,057
24.940806,121.361500,三峽,C0AC60,2017-12-21T22:00:00+08:00,55.0,78,4.1,16.3,0.64,1017.7,-99,0.0,11.0,97,2017-12-21T21:01:00+08:00,新北市,06,三峽區,057
24.940806,121.361500,三峽,C0AC60,2017-12-21T23:00:00+08:00,55.0,82,3.8,16.3,0.66,1017.4,-99,0.0,11.0,61,2017-12-21T22:10:00+08:00,新北市,06,三峽區,057
24.940806,121.361500,三峽,C0AC60,2017-12-22T00:00:00+08:00,55.0,83,3.7,16.3,0.68,1017.1,-99,0.0,11.0,83,2017-12-21T23:57:00+08:00,新北市,06,三峽區,057
24.940806,121.361500,三峽,C0AC60,2017-12-22T01:00:00+08:00,55.0,79,4.0,16.3,0.7,1016.6,-99,0.0,9.9,62,2017-12-22T00:56:00+08:00,新北市,06,三峽區,057
24.940806,121.361500,三峽,C0AC60,2017-12-22T02:00:00+08:00,55.0,85,2.9,16.3,0.74,1016.1,-99,0.0,11.0,81,2017-12-22T01:57:00+08:00,新北市,06,三峽區,057
24.940806,121.361500,三峽,C0AC60,2017-12-22T03:00:00+08:00,55.0,84,2.5,16.3,0.72,1015.7,-99,0.0,-99,-99,-99,新北市,06,三峽區,057
24.940806,121.361500,三峽,C0AC60,2017-12-22T04:00:00+08:00,55.0,170,1.7,13.2,0.84,1016.0,-99,0.0,9.3,97,2017-12-22T03:07:00+08:00,新北市,06,三峽區,057
24.940806,121.361500,三峽,C0AC60,2017-12-22T05:00:00+08:00,55.0,169,2.0,12.3,0.88,1016.2,-99,0.0,-99,-99,-99,新北市,06,三峽區,057
24.940806,121.361500,三峽,C0AC60,2017-12-22T06:00:00+08:00,55.0,167,1.8,12.1,0.89,1016.4,-99,0.0,-99,-99,-99,新北市,06,三峽區,057
24.940806,121.361500,三峽,C0AC60,2017-12-22T07:00:00+08:00,55.0,163,2.7,12.2,0.88,1016.6,-99,0.0,-99,-99,-99,新北市,06,三峽區,057
24.940806,121.361500,三峽,C0AC60,2017-12-22T08:00:00+08:00,55.0,156,1.8,13.6,0.82,1016.4,-99,0.0,-99,-99,-99,新北市,06,三峽區,057
24.940806,121.361500,三峽,C0AC60,2017-12-22T09:00:00+08:00,55.0,165,1.4,16.6,0.71,1015.8,-99,0.0,-99,-99,-99,新北市,06,三峽區,057
24.940806,121.361500,三峽,C0AC60,2017-12-22T10:00:00+08:00,55.0,80,3.3,20.8,0.6,1015.0,-99,0.0,7.1,118,2017-12-22T09:41:00+08:00,新北市,06,三峽區,057
24.940806,121.361500,三峽,C0AC60,2017-12-22T11:00:00+08:00,55.0,77,3.2,21.8,0.56,1014.6,-99,0.0,10.4,86,2017-12-22T10:05:00+08:00,新北市,06,三峽區,057
24.940806,121.361500,三峽,C0AC60,2017-12-22T12:00:00+08:00,55.0,69,2.2,22.8,0.5,1013.6,-99,0.0,7.7,94,2017-12-22T11:51:00+08:00,新北市,06,三峽區,057
24.940806,121.361500,三峽,C0AC60,2017-12-22T13:00:00+08:00,55.0,61,2.3,23.5,0.48,1012.4,-99,0.0,-99,-99,-99,新北市,06,三峽區,057
24.940806,121.361500,三峽,C0AC60,2017-12-22T14:00:00+08:00,55.0,71,3.3,23.6,0.48,1011.6,-99,0.0,10.4,97,2017-12-22T13:06:00+08:00,新北市,06,三峽區,057
24.940806,121.361500,三峽,C0AC60,2017-12-22T15:00:00+08:00,55.0,74,2.7,23.3,0.51,1011.1,-99,0.0,8.2,63,2017-12-22T14:11:00+08:00,新北市,06,三峽區,057
24.940806,121.361500,三峽,C0AC60,2017-12-22T16:00:00+08:00,55.0,76,3.1,22.4,0.56,1010.9,-99,0.0,10.4,73,2017-12-22T15:40:00+08:00,新北市,06,三峽區,057
24.940806,121.361500,三峽,C0AC60,2017-12-22T17:00:00+08:00,55.0,82,3.4,20.8,0.62,1011.0,-99,0.0,11.5,72,2017-12-22T16:36:00+08:00,新北市,06,三峽區,057
24.940806,121.361500,三峽,C0AC60,2017-12-22T18:00:00+08:00,55.0,78,3.4,20.2,0.62,1010.9,-99,0.0,9.9,82,2017-12-22T17:13:00+08:00,新北市,06,三峽區,057
24.940806,121.361500,三峽,C0AC60,2017-12-22T19:00:00+08:00,55.0,90,1.9,19.9,0.63,1011.5,-99,0.0,8.2,77,2017-12-22T18:25:00+08:00,新北市,06,三峽區,057
24.940806,121.361500,三峽,C0AC60,2017-12-22T20:00:00+08:00,55.0,164,0.6,17.2,0.8,1012.1,-99,0.0,-99,-99,-99,新北市,06,三峽區,057
24.940806,121.361500,三峽,C0AC60,2017-12-22T21:00:00+08:00,55.0,164,3.1,15.5,0.88,1012.5,-99,0.0,-99,-99,-99,新北市,06,三峽區,057
24.940806,121.361500,三峽,C0AC60,2017-12-22T22:00:00+08:00,55.0,161,2.4,15.4,0.86,1012.5,-99,0.0,-99,-99,-99,新北市,06,三峽區,057
24.940806,121.361500,三峽,C0AC60,2017-12-22T23:00:00+08:00,55.0,161,2.4,15.0,0.88,1012.3,-99,0.0,-99,-99,-99,新北市,06,三峽區,057
24.940806,121.361500,三峽,C0AC60,2017-12-23T00:00:00+08:00,55.0,160,2.4,14.7,0.87,1012.2,-99,0.0,-99,-99,-99,新北市,06,三峽區,057
24.940806,121.361500,三峽,C0AC60,2017-12-23T01:00:00+08:00,55.0,159,1.0,15.1,0.85,1011.8,-99,0.0,-99,-99,-99,新北市,06,三峽區,057
24.940806,121.361500,三峽,C0AC60,2017-12-23T02:00:00+08:00,55.0,174,1.3,15.0,0.88,1011.7,-99,0.0,-99,-99,-99,新北市,06,三峽區,057
24.940806,121.361500,三峽,C0AC60,2017-12-23T03:00:00+08:00,55.0,0,0.0,14.9,0.9,1011.4,-99,0.0,-99,-99,-99,新北市,06,三峽區,057
24.940806,121.361500,三峽,C0AC60,2017-12-23T04:00:00+08:00,55.0,204,0.9,14.9,0.89,1011.4,-99,0.0,-99,-99,-99,新北市,06,三峽區,057
24.940806,121.361500,三峽,C0AC60,2017-12-23T05:00:00+08:00,55.0,320,0.3,14.9,0.89,1011.8,-99,0.0,-99,-99,-99,新北市,06,三峽區,057
24.940806,121.361500,三峽,C0AC60,2017-12-24T01:00:00+08:00,55.0,0,0.2,16.4,0.95,1010.0,-99,0.0,-99,-99,-99,新北市,06,三峽區,057
24.940806,121.361500,三峽,C0AC60,2017-12-24T02:00:00+08:00,55.0,203,1.4,15.7,0.98,1010.4,-99,0.0,-99,-99,-99,新北市,06,三峽區,057
24.940806,121.361500,三峽,C0AC60,2017-12-24T03:00:00+08:00,55.0,194,0.5,15.4,0.98,1010.3,-99,0.0,-99,-99,-99,新北市,06,三峽區,057
24.940806,121.361500,三峽,C0AC60,2017-12-24T04:00:00+08:00,55.0,0,0.2,15.2,0.99,1010.1,-99,0.0,-99,-99,-99,新北市,06,三峽區,057
24.940806,121.361500,三峽,C0AC60,2017-12-24T05:00:00+08:00,55.0,308,0.7,15.3,0.99,1010.7,-99,0.0,-99,-99,-99,新北市,06,三峽區,057
24.940806,121.361500,三峽,C0AC60,2017-12-24T06:00:00+08:00,55.0,201,1.5,15.3,0.99,1011.4,-99,0.0,-99,-99,-99,新北市,06,三峽區,057
24.940806,121.361500,三峽,C0AC60,2017-12-24T07:00:00+08:00,55.0,246,0.4,16.8,0.99,1012.2,-99,0.0,-99,-99,-99,新北市,06,三峽區,057
24.940806,121.361500,三峽,C0AC60,2017-12-24T08:00:00+08:00,55.0,206,1.0,17.3,0.94,1012.9,-99,0.0,-99,-99,-99,新北市,06,三峽區,057
24.940806,121.361500,三峽,C0AC60,2017-12-24T09:00:00+08:00,55.0,261,1.4,18.8,0.87,1013.5,-99,0.0,-99,-99,-99,新北市,06,三峽區,057
24.940806,121.361500,三峽,C0AC60,2017-12-24T10:00:00+08:00,55.0,231,2.1,19.6,0.81,1013.6,-99,0.0,-99,-99,-99,新北市,06,三峽區,057
24.940806,121.361500,三峽,C0AC60,2017-12-24T11:00:00+08:00,55.0,249,0.4,20.5,0.8,1013.1,-99,0.0,-99,-99,-99,新北市,06,三峽區,057
24.940806,121.361500,三峽,C0AC60,2017-12-24T12:00:00+08:00,55.0,294,1.3,21.9,0.73,1012.0,-99,0.0,-99,-99,-99,新北市,06,三峽區,057
24.940806,121.361500,三峽,C0AC60,2017-12-24T13:00:00+08:00,55.0,340,1.2,22.4,0.65,1011.2,-99,0.0,-99,-99,-99,新北市,06,三峽區,057
24.940806,121.361500,三峽,C0AC60,2017-12-24T14:00:00+08:00,55.0,8,0.5,22.9,0.57,1010.6,-99,0.0,-99,-99,-99,新北市,06,三峽區,057
24.940806,121.361500,三峽,C0AC60,2017-12-24T15:00:00+08:00,55.0,43,1.8,22.0,0.62,1010.7,-99,0.0,-99,-99,-99,新北市,06,三峽區,057
24.940806,121.361500,三峽,C0AC60,2017-12-24T16:00:00+08:00,55.0,50,1.7,21.3,0.69,1011.2,-99,0.0,-99,-99,-99,新北市,06,三峽區,057
24.940806,121.361500,三峽,C0AC60,2017-12-24T17:00:00+08:00,55.0,85,1.3,20.2,0.78,1011.8,-99,0.0,-99,-99,-99,新北市,06,三峽區,057
24.940806,121.361500,三峽,C0AC60,2017-12-24T19:00:00+08:00,55.0,95,0.9,18.9,0.71,1013.7,-99,0.0,-99,-99,-99,新北市,06,三峽區,057
24.940806,121.361500,三峽,C0AC60,2017-12-24T20:00:00+08:00,55.0,94,2.0,18.5,0.71,1014.2,-99,0.0,-99,-99,-99,新北市,06,三峽區,057
24.940806,121.361500,三峽,C0AC60,2017-12-24T21:00:00+08:00,55.0,96,1.9,18.4,0.72,1014.4,-99,0.0,-99,-99,-99,新北市,06,三峽區,057
24.940806,121.361500,三峽,C0AC60,2017-12-24T22:00:00+08:00,55.0,93,3.0,18.3,0.69,1014.8,-99,0.0,7.7,78,2017-12-24T21:17:00+08:00,新北市,06,三峽區,057
24.940806,121.361500,三峽,C0AC60,2017-12-24T23:00:00+08:00,55.0,92,2.6,18.0,0.67,1015.1,-99,0.0,-99,-99,-99,新北市,06,三峽區,057
24.940806,121.361500,三峽,C0AC60,2017-12-25T00:00:00+08:00,55.0,96,2.4,17.6,0.65,1015.3,-99,0.0,-99,-99,-99,新北市,06,三峽區,057
24.940806,121.361500,三峽,C0AC60,2017-12-25T02:00:00+08:00,55.0,94,3.0,16.9,0.61,1015.5,-99,0.0,8.2,84,2017-12-25T01:51:00+08:00,新北市,06,三峽區,057
24.940806,121.361500,三峽,C0AC60,2017-12-25T20:00:00+08:00,55.0,82,4.5,16.9,0.66,1014.5,-99,0.0,10.4,82,2017-12-25T19:57:00+08:00,新北市,06,三峽區,057
24.940806,121.361500,三峽,C0AC60,2017-12-25T21:00:00+08:00,55.0,84,4.3,16.8,0.67,1014.3,-99,0.0,11.5,103,2017-12-25T20:03:00+08:00,新北市,06,三峽區,057
24.940806,121.361500,三峽,C0AC60,2017-12-25T22:00:00+08:00,55.0,84,4.5,16.8,0.68,1014.2,-99,0.0,10.4,74,2017-12-25T22:00:00+08:00,新北市,06,三峽區,057
24.940806,121.361500,三峽,C0AC60,2017-12-25T23:00:00+08:00,55.0,79,3.3,16.8,0.68,1013.9,-99,0.0,10.4,96,2017-12-25T22:09:00+08:00,新北市,06,三峽區,057
24.940806,121.361500,三峽,C0AC60,2017-12-26T08:00:00+08:00,55.0,83,3.0,17.3,0.75,1016.4,-99,0.0,10.4,70,2017-12-26T07:51:00+08:00,新北市,06,三峽區,057
24.940806,121.361500,三峽,C0AC60,2017-12-26T09:00:00+08:00,55.0,73,4.4,18.0,0.73,1016.6,-99,0.0,11.0,67,2017-12-26T08:59:00+08:00,新北市,06,三峽區,057
24.940806,121.361500,三峽,C0AC60,2017-12-26T10:00:00+08:00,55.0,72,3.6,18.6,0.72,1016.2,-99,0.0,12.1,85,2017-12-26T09:50:00+08:00,新北市,06,三峽區,057
24.940806,121.361500,三峽,C0AC60,2017-12-26T11:00:00+08:00,55.0,84,3.9,19.5,0.69,1015.6,-99,0.0,13.7,91,2017-12-26T10:25:00+08:00,新北市,06,三峽區,057
24.940806,121.361500,三峽,C0AC60,2017-12-26T12:00:00+08:00,55.0,78,4.3,19.8,0.68,1014.6,-99,0.0,12.1,89,2017-12-26T11:46:00+08:00,新北市,06,三峽區,057
24.940806,121.361500,三峽,C0AC60,2017-12-26T13:00:00+08:00,55.0,81,3.5,20.5,0.65,1013.5,-99,0.0,11.5,72,2017-12-26T12:07:00+08:00,新北市,06,三峽區,057
24.940806,121.361500,三峽,C0AC60,2017-12-26T14:00:00+08:00,55.0,78,4.2,20.3,0.65,1013.0,-99,0.0,12.1,85,2017-12-26T13:51:00+08:00,新北市,06,三峽區,057
24.940806,121.361500,三峽,C0AC60,2017-12-26T15:00:00+08:00,55.0,78,4.1,19.9,0.66,1013.2,-99,0.0,13.2,80,2017-12-26T14:18:00+08:00,新北市,06,三峽區,057
24.940806,121.361500,三峽,C0AC60,2017-12-26T16:00:00+08:00,55.0,81,4.0,19.1,0.68,1013.8,-99,0.0,13.7,97,2017-12-26T15:13:00+08:00,新北市,06,三峽區,057
24.940806,121.361500,三峽,C0AC60,2017-12-26T17:00:00+08:00,55.0,80,3.6,18.2,0.72,1014.3,-99,0.0,11.5,94,2017-12-26T16:14:00+08:00,新北市,06,三峽區,057
24.940806,121.361500,三峽,C0AC60,2017-12-26T18:00:00+08:00,55.0,76,4.2,17.8,0.75,1015.0,-99,0.0,12.6,56,2017-12-26T17:25:00+08:00,新北市,06,三峽區,057
24.940806,121.361500,三峽,C0AC60,2017-12-26T19:00:00+08:00,55.0,81,3.7,17.8,0.74,1015.5,-99,0.0,11.0,99,2017-12-26T18:33:00+08:00,新北市,06,三峽區,057
24.940806,121.361500,三峽,C0AC60,2017-12-26T20:00:00+08:00,55.0,90,3.1,17.7,0.75,1016.0,-99,0.0,12.1,77,2017-12-26T19:14:00+08:00,新北市,06,三峽區,057
24.940806,121.361500,三峽,C0AC60,2017-12-26T21:00:00+08:00,55.0,88,3.4,17.7,0.74,1016.2,-99,0.0,8.8,71,2017-12-26T20:34:00+08:00,新北市,06,三峽區,057
24.940806,121.361500,三峽,C0AC60,2017-12-26T22:00:00+08:00,55.0,80,4.5,17.3,0.75,1016.5,-99,0.0,10.4,99,2017-12-26T22:00:00+08:00,新北市,06,三峽區,057
24.940806,121.361500,三峽,C0AC60,2017-12-26T23:00:00+08:00,55.0,77,4.0,17.1,0.76,1016.2,-99,0.0,12.1,80,2017-12-26T22:12:00+08:00,新北市,06,三峽區,057
24.940806,121.361500,三峽,C0AC60,2017-12-27T00:00:00+08:00,55.0,79,4.1,17.0,0.76,1016.0,-99,0.0,9.9,86,2017-12-26T23:51:00+08:00,新北市,06,三峽區,057
24.940806,121.361500,三峽,C0AC60,2017-12-27T01:00:00+08:00,55.0,82,3.9,17.1,0.75,1015.8,-99,0.0,13.2,93,2017-12-27T00:19:00+08:00,新北市,06,三峽區,057
24.940806,121.361500,三峽,C0AC60,2017-12-27T02:00:00+08:00,55.0,79,4.4,17.1,0.73,1015.2,-99,0.0,13.2,64,2017-12-27T01:04:00+08:00,新北市,06,三峽區,057
24.940806,121.361500,三峽,C0AC60,2017-12-27T03:00:00+08:00,55.0,81,4.9,17.0,0.73,1015.6,-99,0.0,12.6,61,2017-12-27T02:49:00+08:00,新北市,06,三峽區,057
24.940806,121.361500,三峽,C0AC60,2017-12-27T04:00:00+08:00,55.0,78,3.9,16.9,0.73,1015.8,-99,0.0,9.9,75,2017-12-27T03:03:00+08:00,新北市,06,三峽區,057
24.940806,121.361500,三峽,C0AC60,2017-12-27T05:00:00+08:00,55.0,74,4.2,16.9,0.75,1016.1,-99,0.0,9.9,64,2017-12-27T04:29:00+08:00,新北市,06,三峽區,057
24.940806,121.361500,三峽,C0AC60,2017-12-27T06:00:00+08:00,55.0,85,2.5,16.8,0.75,1016.6,-99,0.0,12.1,89,2017-12-27T05:04:00+08:00,新北市,06,三峽區,057
24.940806,121.361500,三峽,C0AC60,2017-12-27T07:00:00+08:00,55.0,82,3.2,16.8,0.76,1016.6,-99,0.0,8.8,49,2017-12-27T06:37:00+08:00,新北市,06,三峽區,057
24.940806,121.361500,三峽,C0AC60,2017-12-27T08:00:00+08:00,55.0,85,2.6,17.2,0.74,1016.6,-99,0.0,9.3,77,2017-12-27T07:28:00+08:00,新北市,06,三峽區,057
24.940806,121.361500,三峽,C0AC60,2017-12-27T09:00:00+08:00,55.0,80,4.1,18.1,0.7,1017.5,-99,0.0,9.9,54,2017-12-27T08:31:00+08:00,新北市,06,三峽區,057
24.940806,121.361500,三峽,C0AC60,2017-12-27T10:00:00+08:00,55.0,83,3.0,18.8,0.7,1017.2,-99,0.0,12.1,57,2017-12-27T09:13:00+08:00,新北市,06,三峽區,057
24.940806,121.361500,三峽,C0AC60,2017-12-27T11:00:00+08:00,55.0,79,3.8,19.2,0.69,1016.4,-99,0.0,12.6,85,2017-12-27T10:29:00+08:00,新北市,06,三峽區,057
24.940806,121.361500,三峽,C0AC60,2017-12-27T12:00:00+08:00,55.0,81,3.7,20.1,0.65,1015.1,-99,0.0,12.6,96,2017-12-27T11:47:00+08:00,新北市,06,三峽區,057
24.940806,121.361500,三峽,C0AC60,2017-12-27T13:00:00+08:00,55.0,83,3.8,20.9,0.61,1013.7,-99,0.0,9.9,78,2017-12-27T12:04:00+08:00,新北市,06,三峽區,057
24.940806,121.361500,三峽,C0AC60,2017-12-27T14:00:00+08:00,55.0,79,3.5,21.1,0.58,1012.9,-99,0.0,10.4,74,2017-12-27T13:13:00+08:00,新北市,06,三峽區,057
24.940806,121.361500,三峽,C0AC60,2017-12-27T15:00:00+08:00,55.0,82,2.8,21.0,0.59,1012.8,-99,0.0,8.8,67,2017-12-27T14:30:00+08:00,新北市,06,三峽區,057
24.940806,121.361500,三峽,C0AC60,2017-12-27T16:00:00+08:00,55.0,76,2.9,20.6,0.62,1013.1,-99,0.0,9.3,81,2017-12-27T15:57:00+08:00,新北市,06,三峽區,057
24.940806,121.361500,三峽,C0AC60,2017-12-27T17:00:00+08:00,55.0,82,3.0,19.5,0.67,1013.6,-99,0.0,9.9,80,2017-12-27T16:17:00+08:00,新北市,06,三峽區,057
24.940806,121.361500,三峽,C0AC60,2017-12-27T18:00:00+08:00,55.0,81,3.1,19.0,0.7,1014.0,-99,0.0,8.8,97,2017-12-27T17:55:00+08:00,新北市,06,三峽區,057
24.940806,121.361500,三峽,C0AC60,2017-12-27T19:00:00+08:00,55.0,81,3.4,18.9,0.72,1014.6,-99,0.0,8.8,66,2017-12-27T18:09:00+08:00,新北市,06,三峽區,057
24.940806,121.361500,三峽,C0AC60,2017-12-27T20:00:00+08:00,55.0,85,2.9,18.8,0.71,1015.0,-99,0.0,9.3,65,2017-12-27T19:10:00+08:00,新北市,06,三峽區,057
24.940806,121.361500,三峽,C0AC60,2017-12-27T21:00:00+08:00,55.0,79,4.1,18.9,0.72,1015.1,-99,0.0,11.5,71,2017-12-27T20:23:00+08:00,新北市,06,三峽區,057
24.940806,121.361500,三峽,C0AC60,2017-12-27T22:00:00+08:00,55.0,88,1.9,18.6,0.74,1015.3,-99,0.0,-99,-99,-99,新北市,06,三峽區,057
24.940806,121.361500,三峽,C0AC60,2017-12-27T23:00:00+08:00,55.0,80,2.4,18.6,0.76,1015.2,-99,0.0,7.1,86,2017-12-27T22:31:00+08:00,新北市,06,三峽區,057
24.940806,121.361500,三峽,C0AC60,2017-12-28T00:00:00+08:00,55.0,88,2.3,18.7,0.74,1014.9,-99,0.0,-99,-99,-99,新北市,06,三峽區,057
24.940806,121.361500,三峽,C0AC60,2017-12-28T01:00:00+08:00,55.0,83,2.8,18.8,0.71,1014.8,-99,0.0,-99,-99,-99,新北市,06,三峽區,057
24.940806,121.361500,三峽,C0AC60,2017-12-28T02:00:00+08:00,55.0,78,2.5,18.8,0.72,1014.5,-99,0.0,8.2,59,2017-12-28T01:02:00+08:00,新北市,06,三峽區,057
24.940806,121.361500,三峽,C0AC60,2017-12-28T03:00:00+08:00,55.0,81,2.9,18.9,0.71,1014.1,-99,0.0,8.2,81,2017-12-28T03:00:00+08:00,新北市,06,三峽區,057
24.940806,121.361500,三峽,C0AC60,2017-12-28T04:00:00+08:00,55.0,73,3.4,18.8,0.72,1014.0,-99,0.0,-99,-99,-99,新北市,06,三峽區,057
24.940806,121.361500,三峽,C0AC60,2017-12-28T05:00:00+08:00,55.0,76,2.7,18.6,0.73,1013.8,-99,0.0,-99,-99,-99,新北市,06,三峽區,057
24.940806,121.361500,三峽,C0AC60,2017-12-28T06:00:00+08:00,55.0,68,2.7,18.6,0.72,1013.6,-99,0.0,-99,-99,-99,新北市,06,三峽區,057
24.940806,121.361500,三峽,C0AC60,2017-12-28T07:00:00+08:00,55.0,178,1.2,18.1,0.76,1014.4,-99,0.0,-99,-99,-99,新北市,06,三峽區,057
24.940806,121.361500,三峽,C0AC60,2017-12-28T08:00:00+08:00,55.0,0,0.1,18.9,0.77,1015.3,-99,0.0,-99,-99,-99,新北市,06,三峽區,057
24.940806,121.361500,三峽,C0AC60,2017-12-28T09:00:00+08:00,55.0,71,2.6,20.8,0.68,1015.2,-99,0.0,-99,-99,-99,新北市,06,三峽區,057
24.940806,121.361500,三峽,C0AC60,2017-12-28T10:00:00+08:00,55.0,89,2.1,22.2,0.61,1013.9,-99,0.0,7.7,76,2017-12-28T09:22:00+08:00,新北市,06,三峽區,057
24.940806,121.361500,三峽,C0AC60,2017-12-28T11:00:00+08:00,55.0,74,1.4,22.9,0.58,1012.9,-99,0.0,-99,-99,-99,新北市,06,三峽區,057
24.940806,121.361500,三峽,C0AC60,2017-12-28T12:00:00+08:00,55.0,73,1.8,24.1,0.54,1012.4,-99,0.0,-99,-99,-99,新北市,06,三峽區,057
24.940806,121.361500,三峽,C0AC60,2017-12-28T13:00:00+08:00,55.0,45,1.1,24.3,0.54,1011.5,-99,0.0,-99,-99,-99,新北市,06,三峽區,057
24.940806,121.361500,三峽,C0AC60,2017-12-28T14:00:00+08:00,55.0,79,1.2,24.5,0.55,1011.2,-99,0.0,-99,-99,-99,新北市,06,三峽區,057
24.940806,121.361500,三峽,C0AC60,2017-12-28T15:00:00+08:00,55.0,67,1.0,23.5,0.59,1011.2,-99,0.0,-99,-99,-99,新北市,06,三峽區,057
24.940806,121.361500,三峽,C0AC60,2017-12-28T16:00:00+08:00,55.0,47,1.7,22.4,0.65,1011.8,-99,0.0,-99,-99,-99,新北市,06,三峽區,057
24.940806,121.361500,三峽,C0AC60,2017-12-28T17:00:00+08:00,55.0,71,0.6,21.8,0.67,1012.7,-99,0.0,-99,-99,-99,新北市,06,三峽區,057
24.940806,121.361500,三峽,C0AC60,2017-12-28T18:00:00+08:00,55.0,99,0.8,21.1,0.73,1013.0,-99,0.0,-99,-99,-99,新北市,06,三峽區,057
24.940806,121.361500,三峽,C0AC60,2017-12-28T19:00:00+08:00,55.0,96,1.3,20.2,0.82,1013.4,-99,0.0,-99,-99,-99,新北市,06,三峽區,057
24.940806,121.361500,三峽,C0AC60,2017-12-28T20:00:00+08:00,55.0,0,0.0,20.2,0.81,1014.1,-99,0.0,-99,-99,-99,新北市,06,三峽區,057
24.940806,121.361500,三峽,C0AC60,2017-12-28T21:00:00+08:00,55.0,98,0.4,19.7,0.84,1014.1,-99,0.0,-99,-99,-99,新北市,06,三峽區,057
24.940806,121.361500,三峽,C0AC60,2017-12-28T22:00:00+08:00,55.0,88,0.6,19.3,0.86,1014.6,-99,0.0,-99,-99,-99,新北市,06,三峽區,057
24.940806,121.361500,三峽,C0AC60,2017-12-28T23:00:00+08:00,55.0,104,0.4,19.5,0.85,1014.7,-99,0.0,-99,-99,-99,新北市,06,三峽區,057
24.940806,121.361500,三峽,C0AC60,2017-12-29T00:00:00+08:00,55.0,0,0.1,18.6,0.94,1014.9,-99,0.0,-99,-99,-99,新北市,06,三峽區,057
24.940806,121.361500,三峽,C0AC60,2017-12-29T01:00:00+08:00,55.0,0,0.0,18.2,0.96,1014.3,-99,0.0,-99,-99,-99,新北市,06,三峽區,057
24.940806,121.361500,三峽,C0AC60,2017-12-29T02:00:00+08:00,55.0,0,0.2,18.0,0.97,1014.6,-99,0.0,-99,-99,-99,新北市,06,三峽區,057
24.940806,121.361500,三峽,C0AC60,2017-12-29T03:00:00+08:00,55.0,158,1.3,17.6,0.98,1014.7,-99,0.0,-99,-99,-99,新北市,06,三峽區,057
24.940806,121.361500,三峽,C0AC60,2017-12-29T04:00:00+08:00,55.0,208,0.5,17.8,0.97,1014.8,-99,0.0,-99,-99,-99,新北市,06,三峽區,057
24.940806,121.361500,三峽,C0AC60,2017-12-29T05:00:00+08:00,55.0,160,0.9,17.5,0.98,1015.1,-99,0.0,-99,-99,-99,新北市,06,三峽區,057
24.940806,121.361500,三峽,C0AC60,2017-12-29T06:00:00+08:00,55.0,0,0.0,17.5,0.98,1016.1,-99,0.0,-99,-99,-99,新北市,06,三峽區,057
24.940806,121.361500,三峽,C0AC60,2017-12-29T07:00:00+08:00,55.0,0,0.1,17.7,0.96,1017.1,-99,0.0,-99,-99,-99,新北市,06,三峽區,057
24.940806,121.361500,三峽,C0AC60,2017-12-29T08:00:00+08:00,55.0,166,0.6,18.1,0.95,1017.7,-99,0.0,-99,-99,-99,新北市,06,三峽區,057
24.940806,121.361500,三峽,C0AC60,2017-12-29T09:00:00+08:00,55.0,214,0.7,19.0,0.92,1018.3,-99,0.0,-99,-99,-99,新北市,06,三峽區,057
24.940806,121.361500,三峽,C0AC60,2017-12-29T10:00:00+08:00,55.0,293,0.7,19.7,0.9,1018.1,-99,0.0,-99,-99,-99,新北市,06,三峽區,057
24.940806,121.361500,三峽,C0AC60,2017-12-29T11:00:00+08:00,55.0,9,0.6,19.5,0.88,1017.1,-99,0.0,-99,-99,-99,新北市,06,三峽區,057
24.940806,121.361500,三峽,C0AC60,2017-12-29T12:00:00+08:00,55.0,320,0.6,21.2,0.79,1015.4,-99,0.0,-99,-99,-99,新北市,06,三峽區,057
24.940806,121.361500,三峽,C0AC60,2017-12-29T13:00:00+08:00,55.0,44,1.0,23.3,0.66,1014.0,-99,0.0,-99,-99,-99,新北市,06,三峽區,057
24.940806,121.361500,三峽,C0AC60,2017-12-29T14:00:00+08:00,55.0,84,3.1,22.6,0.73,1013.7,-99,0.0,8.2,77,2017-12-29T13:56:00+08:00,新北市,06,三峽區,057
24.940806,121.361500,三峽,C0AC60,2017-12-29T15:00:00+08:00,55.0,70,3.3,21.9,0.76,1013.4,-99,0.0,9.3,71,2017-12-29T14:05:00+08:00,新北市,06,三峽區,057
24.940806,121.361500,三峽,C0AC60,2017-12-29T16:00:00+08:00,55.0,72,2.7,20.8,0.83,1013.8,-99,0.0,11.0,82,2017-12-29T15:17:00+08:00,新北市,06,三峽區,057
24.940806,121.361500,三峽,C0AC60,2017-12-29T17:00:00+08:00,55.0,76,3.0,19.9,0.86,1014.5,-99,0.0,9.9,55,2017-12-29T16:46:00+08:00,新北市,06,三峽區,057
24.940806,121.361500,三峽,C0AC60,2017-12-29T18:00:00+08:00,55.0,78,3.7,19.0,0.93,1015.0,-99,0.0,11.5,81,2017-12-29T17:13:00+08:00,新北市,06,三峽區,057
24.940806,121.361500,三峽,C0AC60,2017-12-29T19:00:00+08:00,55.0,93,2.1,18.4,0.98,1015.2,-99,0.0,8.2,77,2017-12-29T18:21:00+08:00,新北市,06,三峽區,057
24.940806,121.361500,三峽,C0AC60,2017-12-29T20:00:00+08:00,55.0,86,2.8,18.3,0.98,1015.2,-99,0.0,8.8,77,2017-12-29T19:21:00+08:00,新北市,06,三峽區,057
24.940806,121.361500,三峽,C0AC60,2017-12-29T21:00:00+08:00,55.0,87,2.0,18.4,0.99,1015.3,-99,0.0,7.1,68,2017-12-29T20:07:00+08:00,新北市,06,三峽區,057
24.940806,121.361500,三峽,C0AC60,2017-12-29T22:00:00+08:00,55.0,72,3.2,18.6,0.96,1015.6,-99,0.0,8.8,100,2017-12-29T21:40:00+08:00,新北市,06,三峽區,057
24.940806,121.361500,三峽,C0AC60,2017-12-29T23:00:00+08:00,55.0,76,2.2,18.1,0.99,1015.7,-99,0.0,8.8,91,2017-12-29T22:19:00+08:00,新北市,06,三峽區,057
24.940806,121.361500,三峽,C0AC60,2017-12-30T00:00:00+08:00,55.0,76,2.4,17.8,1,1015.8,-99,0.0,-99,-99,-99,新北市,06,三峽區,057
24.940806,121.361500,三峽,C0AC60,2017-12-30T01:00:00+08:00,55.0,77,2.5,17.5,0.99,1016.1,-99,1.0,7.1,55,2017-12-30T00:04:00+08:00,新北市,06,三峽區,057
24.940806,121.361500,三峽,C0AC60,2017-12-30T02:00:00+08:00,55.0,70,1.4,17.3,1,1016.2,-99,1.5,6.6,69,2017-12-30T01:55:00+08:00,新北市,06,三峽區,057
24.940806,121.361500,三峽,C0AC60,2017-12-30T03:00:00+08:00,55.0,83,2.3,17.1,0.99,1016.2,-99,1.5,-99,-99,-99,新北市,06,三峽區,057
24.940806,121.361500,三峽,C0AC60,2017-12-30T04:00:00+08:00,55.0,83,2.2,17.0,1,1016.1,-99,2.0,-99,-99,-99,新北市,06,三峽區,057
24.940806,121.361500,三峽,C0AC60,2017-12-30T05:00:00+08:00,55.0,85,0.8,17.1,0.99,1016.4,-99,2.0,-99,-99,-99,新北市,06,三峽區,057
24.940806,121.361500,三峽,C0AC60,2017-12-30T06:00:00+08:00,55.0,86,0.9,17.0,0.99,1016.8,-99,2.5,-99,-99,-99,新北市,06,三峽區,057
24.940806,121.361500,三峽,C0AC60,2017-12-30T07:00:00+08:00,55.0,75,1.8,17.0,0.99,1017.0,-99,2.5,-99,-99,-99,新北市,06,三峽區,057
24.940806,121.361500,三峽,C0AC60,2017-12-30T08:00:00+08:00,55.0,84,2.3,17.2,0.99,1017.4,-99,2.5,-99,-99,-99,新北市,06,三峽區,057
24.940806,121.361500,三峽,C0AC60,2017-12-30T09:00:00+08:00,55.0,69,2.4,17.2,0.99,1017.4,-99,2.5,8.2,75,2017-12-30T08:50:00+08:00,新北市,06,三峽區,057
24.940806,121.361500,三峽,C0AC60,2017-12-30T10:00:00+08:00,55.0,72,2.0,17.2,0.99,1017.4,-99,2.5,8.2,70,2017-12-30T09:11:00+08:00,新北市,06,三峽區,057
24.940806,121.361500,三峽,C0AC60,2017-12-30T11:00:00+08:00,55.0,84,3.9,17.8,0.97,1016.5,-99,2.5,8.8,88,2017-12-30T10:40:00+08:00,新北市,06,三峽區,057
24.940806,121.361500,三峽,C0AC60,2017-12-30T12:00:00+08:00,55.0,93,2.8,19.3,0.9,1014.9,-99,2.5,9.9,87,2017-12-30T11:02:00+08:00,新北市,06,三峽區,057
24.940806,121.361500,三峽,C0AC60,2017-12-30T13:00:00+08:00,55.0,88,3.1,20.4,0.83,1013.1,-99,2.5,9.3,65,2017-12-30T12:29:00+08:00,新北市,06,三峽區,057
24.940806,121.361500,三峽,C0AC60,2017-12-30T14:00:00+08:00,55.0,75,4.6,20.8,0.78,1012.1,-99,2.5,11.0,79,2017-12-30T13:16:00+08:00,新北市,06,三峽區,057
24.940806,121.361500,三峽,C0AC60,2017-12-30T15:00:00+08:00,55.0,77,4.1,20.1,0.79,1012.4,-99,2.5,11.5,88,2017-12-30T14:13:00+08:00,新北市,06,三峽區,057
24.940806,121.361500,三峽,C0AC60,2017-12-30T16:00:00+08:00,55.0,77,4.0,18.8,0.88,1013.8,-99,2.5,11.0,59,2017-12-30T15:49:00+08:00,新北市,06,三峽區,057
24.940806,121.361500,三峽,C0AC60,2017-12-30T17:00:00+08:00,55.0,93,1.2,18.1,0.91,1015.0,-99,2.5,7.1,52,2017-12-30T16:31:00+08:00,新北市,06,三峽區,057
24.940806,121.361500,三峽,C0AC60,2017-12-30T18:00:00+08:00,55.0,97,1.8,17.7,0.91,1015.0,-99,2.5,-99,-99,-99,新北市,06,三峽區,057
24.940806,121.361500,三峽,C0AC60,2017-12-30T19:00:00+08:00,55.0,89,2.2,17.7,0.9,1015.7,-99,2.5,-99,-99,-99,新北市,06,三峽區,057
24.940806,121.361500,三峽,C0AC60,2017-12-30T20:00:00+08:00,55.0,92,2.4,17.9,0.87,1015.9,-99,2.5,-99,-99,-99,新北市,06,三峽區,057
24.940806,121.361500,三峽,C0AC60,2017-12-30T21:00:00+08:00,55.0,87,0.8,17.4,0.94,1016.4,-99,2.5,-99,-99,-99,新北市,06,三峽區,057
24.940806,121.361500,三峽,C0AC60,2017-12-30T22:00:00+08:00,55.0,55,0.8,17.3,0.98,1016.4,-99,2.5,-99,-99,-99,新北市,06,三峽區,057
24.940806,121.361500,三峽,C0AC60,2017-12-30T23:00:00+08:00,55.0,97,0.6,17.0,1,1016.6,-99,3.0,-99,-99,-99,新北市,06,三峽區,057
24.940806,121.361500,三峽,C0AC60,2017-12-31T00:00:00+08:00,55.0,95,1.5,16.8,0.98,1016.0,-99,3.0,-99,-99,-99,新北市,06,三峽區,057
24.940806,121.361500,三峽,C0AC60,2017-12-31T01:00:00+08:00,55.0,92,1.1,17.1,0.94,1016.1,-99,0.0,-99,-99,-99,新北市,06,三峽區,057
24.940806,121.361500,三峽,C0AC60,2017-12-31T02:00:00+08:00,55.0,89,0.3,16.6,0.98,1016.0,-99,0.0,-99,-99,-99,新北市,06,三峽區,057
24.940806,121.361500,三峽,C0AC60,2017-12-31T03:00:00+08:00,55.0,89,0.8,16.3,0.99,1016.0,-99,0.0,-99,-99,-99,新北市,06,三峽區,057
24.940806,121.361500,三峽,C0AC60,2017-12-31T04:00:00+08:00,55.0,86,1.1,15.9,0.99,1015.8,-99,0.0,-99,-99,-99,新北市,06,三峽區,057
24.940806,121.361500,三峽,C0AC60,2017-12-31T05:00:00+08:00,55.0,101,1.0,16.0,0.99,1016.0,-99,0.0,-99,-99,-99,新北市,06,三峽區,057
24.940806,121.361500,三峽,C0AC60,2017-12-31T06:00:00+08:00,55.0,0,0.0,15.9,0.99,1016.3,-99,0.0,-99,-99,-99,新北市,06,三峽區,057
24.940806,121.361500,三峽,C0AC60,2017-12-31T07:00:00+08:00,55.0,99,1.0,15.8,0.99,1016.7,-99,0.0,-99,-99,-99,新北市,06,三峽區,057
24.940806,121.361500,三峽,C0AC60,2017-12-31T08:00:00+08:00,55.0,85,1.4,16.0,0.95,1017.6,-99,0.0,-99,-99,-99,新北市,06,三峽區,057
24.940806,121.361500,三峽,C0AC60,2017-12-31T09:00:00+08:00,55.0,91,1.2,15.8,0.92,1018.5,-99,0.0,-99,-99,-99,新北市,06,三峽區,057
24.940806,121.361500,三峽,C0AC60,2017-12-31T10:00:00+08:00,55.0,94,1.9,15.3,0.96,1018.8,-99,0.0,-99,-99,-99,新北市,06,三峽區,057
24.940806,121.361500,三峽,C0AC60,2017-12-31T11:00:00+08:00,55.0,29,1.7,14.4,0.97,1018.7,-99,0.0,-99,-99,-99,新北市,06,三峽區,057
24.940806,121.361500,三峽,C0AC60,2017-12-31T12:00:00+08:00,55.0,26,1.5,14.2,0.97,1018.0,-99,0.0,-99,-99,-99,新北市,06,三峽區,057
24.940806,121.361500,三峽,C0AC60,2017-12-31T13:00:00+08:00,55.0,27,1.4,13.8,0.98,1017.3,-99,0.5,-99,-99,-99,新北市,06,三峽區,057
24.940806,121.361500,三峽,C0AC60,2017-12-31T14:00:00+08:00,55.0,26,0.5,13.7,0.99,1017.1,-99,1.0,-99,-99,-99,新北市,06,三峽區,057
24.940806,121.361500,三峽,C0AC60,2017-12-31T15:00:00+08:00,55.0,95,1.5,14.4,0.97,1016.5,-99,1.0,-99,-99,-99,新北市,06,三峽區,057
24.940806,121.361500,三峽,C0AC60,2017-12-31T16:00:00+08:00,55.0,93,1.1,14.5,0.92,1016.6,-99,1.0,-99,-99,-99,新北市,06,三峽區,057
24.940806,121.361500,三峽,C0AC60,2017-12-31T17:00:00+08:00,55.0,96,2.0,14.3,0.9,1016.8,-99,1.0,7.7,54,2017-12-31T16:33:00+08:00,新北市,06,三峽區,057
24.940806,121.361500,三峽,C0AC60,2017-12-31T18:00:00+08:00,55.0,98,1.7,14.5,0.85,1017.1,-99,1.0,-99,-99,-99,新北市,06,三峽區,057
24.940806,121.361500,三峽,C0AC60,2017-12-31T19:00:00+08:00,55.0,90,1.3,14.7,0.83,1017.2,-99,1.0,-99,-99,-99,新北市,06,三峽區,057
24.940806,121.361500,三峽,C0AC60,2017-12-31T20:00:00+08:00,55.0,94,2.3,14.7,0.81,1017.6,-99,1.0,-99,-99,-99,新北市,06,三峽區,057
24.940806,121.361500,三峽,C0AC60,2017-12-31T21:00:00+08:00,55.0,95,2.3,15.0,0.79,1017.5,-99,1.0,-99,-99,-99,新北市,06,三峽區,057
24.940806,121.361500,三峽,C0AC60,2017-12-31T22:00:00+08:00,55.0,95,2.3,15.1,0.8,1017.2,-99,1.0,8.8,77,2017-12-31T21:04:00+08:00,新北市,06,三峽區,057
24.940806,121.361500,三峽,C0AC60,2017-12-31T23:00:00+08:00,55.0,94,1.7,15.1,0.79,1017.0,-99,1.0,-99,-99,-99,新北市,06,三峽區,057
