24.9408,121.3615,三峽,C0AC60,2017-06-01T00:00:00+08:00,55.0,0.0,0.2,26.9,0.89,997.8,-99.0,0.0,-9.9,-99,-999,新北市,06,三峽區,057
24.9408,121.3615,三峽,C0AC60,2017-06-01T01:00:00+08:00,55.0,172.0,0.3,26.6,0.91,997.6,-99.0,0.0,-9.9,-99,-999,新北市,06,三峽區,057
24.9408,121.3615,三峽,C0AC60,2017-06-01T02:00:00+08:00,55.0,152.0,0.3,26.2,0.92,997.3,-99.0,0.0,-9.9,-99,-999,新北市,06,三峽區,057
24.9408,121.3615,三峽,C0AC60,2017-06-01T03:00:00+08:00,55.0,0.0,0.1,26.3,0.91,997.2,-99.0,0.0,-9.9,-99,-999,新北市,06,三峽區,057
24.9408,121.3615,三峽,C0AC60,2017-06-01T04:00:00+08:00,55.0,0.0,0.0,26.2,0.92,997.4,-99.0,0.0,-9.9,-99,-999,新北市,06,三峽區,057
24.9408,121.3615,三峽,C0AC60,2017-06-01T05:00:00+08:00,55.0,0.0,0.1,26.0,0.93,997.5,-99.0,0.0,-9.9,-99,-999,新北市,06,三峽區,057
24.9408,121.3615,三峽,C0AC60,2017-06-01T06:00:00+08:00,55.0,186.0,0.3,25.8,0.94,997.7,-99.0,0.0,-9.9,-99,-999,新北市,06,三峽區,057
24.9408,121.3615,三峽,C0AC60,2017-06-01T07:00:00+08:00,55.0,200.0,0.4,26.7,0.89,998.0,-99.0,0.0,-9.9,-99,-999,新北市,06,三峽區,057
24.9408,121.3615,三峽,C0AC60,2017-06-01T08:00:00+08:00,55.0,81.0,0.8,28.6,0.78,997.6,-99.0,0.0,-9.9,-99,-999,新北市,06,三峽區,057
24.9408,121.3615,三峽,C0AC60,2017-06-01T09:00:00+08:00,55.0,183.0,0.5,29.6,0.72,997.4,-99.0,0.0,-9.9,-99,-999,新北市,06,三峽區,057
24.9408,121.3615,三峽,C0AC60,2017-06-01T10:00:00+08:00,55.0,189.0,0.9,30.9,0.66,997.2,-99.0,0.0,-9.9,-99,-999,新北市,06,三峽區,057
24.9408,121.3615,三峽,C0AC60,2017-06-01T11:00:00+08:00,55.0,261.0,1.0,31.6,0.64,996.7,-99.0,0.0,-9.9,-99,-999,新北市,06,三峽區,057
24.9408,121.3615,三峽,C0AC60,2017-06-01T12:00:00+08:00,55.0,257.0,2.4,31.5,0.63,996.2,-99.0,0.0,-9.9,-99,-999,新北市,06,三峽區,057
24.9408,121.3615,三峽,C0AC60,2017-06-01T13:00:00+08:00,55.0,269.0,3.5,33.2,0.55,995.1,-99.0,0.0,-9.9,-99,-999,新北市,06,三峽區,057
24.9408,121.3615,三峽,C0AC60,2017-06-01T14:00:00+08:00,55.0,255.0,3.0,33.4,0.49,994.3,-99.0,0.0,-9.9,-99,-999,新北市,06,三峽區,057
24.9408,121.3615,三峽,C0AC60,2017-06-01T15:00:00+08:00,55.0,256.0,2.7,32.5,0.56,994.0,-99.0,0.0,-9.9,-99,-999,新北市,06,三峽區,057
24.9408,121.3615,三峽,C0AC60,2017-06-01T17:00:00+08:00,55.0,244.0,4.1,31.6,0.60,993.6,-99.0,0.0,-9.9,-99,-999,新北市,06,三峽區,057
24.9408,121.3615,三峽,C0AC60,2017-06-01T18:00:00+08:00,55.0,246.0,2.2,31.1,0.60,993.8,-99.0,0.0,-9.9,-99,-999,新北市,06,三峽區,057
24.9408,121.3615,三峽,C0AC60,2017-06-01T19:00:00+08:00,55.0,243.0,2.3,30.4,0.66,994.7,-99.0,0.0,-9.9,-99,-999,新北市,06,三峽區,057
24.9408,121.3615,三峽,C0AC60,2017-06-01T20:00:00+08:00,55.0,256.0,1.6,29.8,0.71,995.2,-99.0,0.0,-9.9,-99,-999,新北市,06,三峽區,057
24.9408,121.3615,三峽,C0AC60,2017-06-01T21:00:00+08:00,55.0,222.0,1.1,29.6,0.71,995.5,-99.0,0.0,-9.9,-99,-999,新北市,06,三峽區,057
24.9408,121.3615,三峽,C0AC60,2017-06-01T22:00:00+08:00,55.0,0.0,0.1,29.6,0.72,995.6,-99.0,0.0,-9.9,-99,-999,新北市,06,三峽區,057
24.9408,121.3615,三峽,C0AC60,2017-06-01T23:00:00+08:00,55.0,257.0,1.4,29.5,0.74,994.9,-99.0,0.0,-9.9,-99,-999,新北市,06,三峽區,057
24.9408,121.3615,三峽,C0AC60,2017-06-02T00:00:00+08:00,55.0,264.0,1.6,29.3,0.73,994.4,-99.0,0.0,-9.9,-99,-999,新北市,06,三峽區,057
24.9408,121.3615,三峽,C0AC60,2017-06-02T01:00:00+08:00,55.0,256.0,1.1,29.2,0.73,993.8,-99.0,0.0,-9.9,-99,-999,新北市,06,三峽區,057
24.9408,121.3615,三峽,C0AC60,2017-06-02T02:00:00+08:00,55.0,239.0,3.3,28.9,0.76,993.8,-99.0,0.0,-9.9,-99,-999,新北市,06,三峽區,057
24.9408,121.3615,三峽,C0AC60,2017-06-02T03:00:00+08:00,55.0,257.0,1.7,27.0,0.89,993.6,-99.0,0.5,-9.9,-99,-999,新北市,06,三峽區,057
24.9408,121.3615,三峽,C0AC60,2017-06-02T04:00:00+08:00,55.0,234.0,1.7,26.9,0.90,993.9,-99.0,0.5,-9.9,-99,-999,新北市,06,三峽區,057
24.9408,121.3615,三峽,C0AC60,2017-06-02T05:00:00+08:00,55.0,250.0,2.8,28.0,0.82,994.4,-99.0,0.5,-9.9,-99,-999,新北市,06,三峽區,057
24.9408,121.3615,三峽,C0AC60,2017-06-02T06:00:00+08:00,55.0,244.0,3.1,28.5,0.79,994.3,-99.0,0.5,-9.9,-99,-999,新北市,06,三峽區,057
24.9408,121.3615,三峽,C0AC60,2017-06-02T07:00:00+08:00,55.0,247.0,2.0,28.6,0.79,995.0,-99.0,0.5,-9.9,-99,-999,新北市,06,三峽區,057
24.9408,121.3615,三峽,C0AC60,2017-06-02T08:00:00+08:00,55.0,254.0,3.1,29.8,0.76,994.6,-99.0,0.5,-9.9,-99,-999,新北市,06,三峽區,057
24.9408,121.3615,三峽,C0AC60,2017-06-02T10:00:00+08:00,55.0,240.0,4.1,30.1,0.72,994.5,-99.0,0.5,-9.9,-99,-999,新北市,06,三峽區,057
24.9408,121.3615,三峽,C0AC60,2017-06-02T11:00:00+08:00,55.0,238.0,3.1,27.9,0.90,995.2,-99.0,2.0,-9.9,-99,-999,新北市,06,三峽區,057
24.9408,121.3615,三峽,C0AC60,2017-06-02T12:00:00+08:00,55.0,347.0,1.9,24.5,0.98,996.3,-99.0,16.0,-9.9,-99,-999,新北市,06,三峽區,057
24.9408,121.3615,三峽,C0AC60,2017-06-02T14:00:00+08:00,55.0,229.0,1.2,24.0,0.99,996.5,-99.0,79.5,-9.9,-99,-999,新北市,06,三峽區,057
24.9408,121.3615,三峽,C0AC60,2017-06-02T15:00:00+08:00,55.0,239.0,1.7,24.9,0.95,996.5,-99.0,79.5,-9.9,-99,-999,新北市,06,三峽區,057
24.9408,121.3615,三峽,C0AC60,2017-06-02T16:00:00+08:00,55.0,314.0,0.4,25.1,0.94,996.7,-99.0,79.5,-9.9,-99,-999,新北市,06,三峽區,057
24.9408,121.3615,三峽,C0AC60,2017-06-02T17:00:00+08:00,55.0,325.0,1.2,24.7,0.95,997.0,-99.0,80.5,-9.9,-99,-999,新北市,06,三峽區,057
24.9408,121.3615,三峽,C0AC60,2017-06-02T18:00:00+08:00,55.0,0.0,0.0,24.3,0.99,997.9,-99.0,88.5,-9.9,-99,-999,新北市,06,三峽區,057
24.9408,121.3615,三峽,C0AC60,2017-06-02T19:00:00+08:00,55.0,0.0,0.0,24.2,0.99,998.0,-99.0,89.0,-9.9,-99,-999,新北市,06,三峽區,057
24.9408,121.3615,三峽,C0AC60,2017-06-02T20:00:00+08:00,55.0,231.0,0.5,24.1,0.99,998.5,-99.0,96.5,-9.9,-99,-999,新北市,06,三峽區,057
24.9408,121.3615,三峽,C0AC60,2017-06-02T21:00:00+08:00,55.0,113.0,0.6,23.9,0.99,998.8,-99.0,97.5,-9.9,-99,-999,新北市,06,三峽區,057
24.9408,121.3615,三峽,C0AC60,2017-06-02T22:00:00+08:00,55.0,90.0,1.3,23.9,0.99,999.6,-99.0,102.5,-9.9,-99,-999,新北市,06,三峽區,057
24.9408,121.3615,三峽,C0AC60,2017-06-02T23:00:00+08:00,55.0,0.0,0.0,23.9,0.99,999.2,-99.0,111.0,-9.9,-99,-999,新北市,06,三峽區,057
24.9408,121.3615,三峽,C0AC60,2017-06-03T00:00:00+08:00,55.0,90.0,0.5,23.8,0.99,998.7,-99.0,111.0,-9.9,-99,-999,新北市,06,三峽區,057
24.9408,121.3615,三峽,C0AC60,2017-06-03T01:00:00+08:00,55.0,0.0,0.0,23.9,0.99,998.3,-99.0,0.0,-9.9,-99,-999,新北市,06,三峽區,057
24.9408,121.3615,三峽,C0AC60,2017-06-03T02:00:00+08:00,55.0,84.0,0.6,23.8,0.99,997.8,-99.0,0.0,-9.9,-99,-999,新北市,06,三峽區,057
24.9408,121.3615,三峽,C0AC60,2017-06-03T03:00:00+08:00,55.0,0.0,0.1,24.0,0.99,997.8,-99.0,0.0,-9.9,-99,-999,新北市,06,三峽區,057
24.9408,121.3615,三峽,C0AC60,2017-06-03T04:00:00+08:00,55.0,0.0,0.0,24.0,0.98,998.2,-99.0,0.0,-9.9,-99,-999,新北市,06,三峽區,057
24.9408,121.3615,三峽,C0AC60,2017-06-03T05:00:00+08:00,55.0,174.0,0.6,24.0,0.98,998.4,-99.0,0.0,-9.9,-99,-999,新北市,06,三峽區,057
24.9408,121.3615,三峽,C0AC60,2017-06-03T06:00:00+08:00,55.0,101.0,0.5,24.1,0.98,999.0,-99.0,0.0,-9.9,-99,-999,新北市,06,三峽區,057
24.9408,121.3615,三峽,C0AC60,2017-06-03T07:00:00+08:00,55.0,93.0,0.3,24.5,0.96,999.2,-99.0,0.0,-9.9,-99,-999,新北市,06,三峽區,057
24.9408,121.3615,三峽,C0AC60,2017-06-03T08:00:00+08:00,55.0,89.0,1.1,25.0,0.94,999.5,-99.0,0.0,-9.9,-99,-999,新北市,06,三峽區,057
24.9408,121.3615,三峽,C0AC60,2017-06-03T10:00:00+08:00,55.0,153.0,0.6,25.9,0.91,999.5,-99.0,0.0,-9.9,-99,-999,新北市,06,三峽區,057
24.9408,121.3615,三峽,C0AC60,2017-06-03T11:00:00+08:00,55.0,63.0,0.7,25.7,0.94,999.1,-99.0,0.5,-9.9,-99,-999,新北市,06,三峽區,057
24.9408,121.3615,三峽,C0AC60,2017-06-03T12:00:00+08:00,55.0,72.0,0.4,25.6,0.95,998.8,-99.0,1.0,-9.9,-99,-999,新北市,06,三峽區,057
24.9408,121.3615,三峽,C0AC60,2017-06-03T13:00:00+08:00,55.0,38.0,1.7,24.9,0.98,998.7,-99.0,5.0,-9.9,-99,-999,新北市,06,三峽區,057
24.9408,121.3615,三峽,C0AC60,2017-06-03T14:00:00+08:00,55.0,97.0,0.7,24.5,0.99,998.3,-99.0,19.0,-9.9,-99,-999,新北市,06,三峽區,057
24.9408,121.3615,三峽,C0AC60,2017-06-03T15:00:00+08:00,55.0,90.0,1.5,24.3,0.99,997.8,-99.0,43.0,-9.9,-99,-999,新北市,06,三峽區,057
24.9408,121.3615,三峽,C0AC60,2017-06-03T17:00:00+08:00,55.0,85.0,1.7,24.2,0.99,998.0,-99.0,72.0,-9.9,-99,-999,新北市,06,三峽區,057
24.9408,121.3615,三峽,C0AC60,2017-06-03T19:00:00+08:00,55.0,108.0,0.5,23.8,0.99,999.1,-99.0,106.5,-9.9,-99,-999,新北市,06,三峽區,057
24.9408,121.3615,三峽,C0AC60,2017-06-03T20:00:00+08:00,55.0,56.0,0.3,23.5,0.99,1000.1,-99.0,129.0,-9.9,-99,-999,新北市,06,三峽區,057
24.9408,121.3615,三峽,C0AC60,2017-06-03T21:00:00+08:00,55.0,87.0,1.4,23.6,0.99,999.9,-99.0,133.0,-9.9,-99,-999,新北市,06,三峽區,057
24.9408,121.3615,三峽,C0AC60,2017-06-03T22:00:00+08:00,55.0,99.0,1.5,24.0,0.98,999.0,-99.0,133.0,-9.9,-99,-999,新北市,06,三峽區,057
24.9408,121.3615,三峽,C0AC60,2017-06-03T23:00:00+08:00,55.0,101.0,0.3,24.0,0.98,998.1,-99.0,133.0,-9.9,-99,-999,新北市,06,三峽區,057
24.9408,121.3615,三峽,C0AC60,2017-06-04T00:00:00+08:00,55.0,0.0,0.1,24.0,0.99,998.1,-99.0,133.0,-9.9,-99,-999,新北市,06,三峽區,057
24.9408,121.3615,三峽,C0AC60,2017-06-04T01:00:00+08:00,55.0,204.0,1.4,23.8,0.98,998.3,-99.0,0.0,-9.9,-99,-999,新北市,06,三峽區,057
24.9408,121.3615,三峽,C0AC60,2017-06-04T02:00:00+08:00,55.0,206.0,0.8,23.8,0.98,998.0,-99.0,0.0,-9.9,-99,-999,新北市,06,三峽區,057
24.9408,121.3615,三峽,C0AC60,2017-06-04T03:00:00+08:00,55.0,0.0,0.0,24.0,0.99,998.2,-99.0,0.0,-9.9,-99,-999,新北市,06,三峽區,057
24.9408,121.3615,三峽,C0AC60,2017-06-04T04:00:00+08:00,55.0,0.0,0.0,23.8,0.99,998.3,-99.0,5.0,-9.9,-99,-999,新北市,06,三峽區,057
24.9408,121.3615,三峽,C0AC60,2017-06-04T05:00:00+08:00,55.0,0.0,0.0,23.8,0.99,998.4,-99.0,7.5,-9.9,-99,-999,新北市,06,三峽區,057
24.9408,121.3615,三峽,C0AC60,2017-06-04T06:00:00+08:00,55.0,0.0,0.0,23.9,0.99,999.1,-99.0,7.5,-9.9,-99,-999,新北市,06,三峽區,057
24.9408,121.3615,三峽,C0AC60,2017-06-04T07:00:00+08:00,55.0,155.0,0.7,24.1,0.99,999.7,-99.0,7.5,-9.9,-99,-999,新北市,06,三峽區,057
24.9408,121.3615,三峽,C0AC60,2017-06-04T08:00:00+08:00,55.0,0.0,0.0,24.7,0.99,1000.2,-99.0,7.5,-9.9,-99,-999,新北市,06,三峽區,057
24.9408,121.3615,三峽,C0AC60,2017-06-04T09:00:00+08:00,55.0,242.0,0.8,25.7,0.97,1000.3,-99.0,7.5,-9.9,-99,-999,新北市,06,三峽區,057
24.9408,121.3615,三峽,C0AC60,2017-06-04T10:00:00+08:00,55.0,316.0,1.4,27.3,0.92,1000.1,-99.0,7.5,-9.9,-99,-999,新北市,06,三峽區,057
24.9408,121.3615,三峽,C0AC60,2017-06-04T11:00:00+08:00,55.0,306.0,1.5,27.7,0.88,1000.0,-99.0,7.5,-9.9,-99,-999,新北市,06,三峽區,057
24.9408,121.3615,三峽,C0AC60,2017-06-04T12:00:00+08:00,55.0,313.0,1.3,27.4,0.89,1000.0,-99.0,7.5,-9.9,-99,-999,新北市,06,三峽區,057
24.9408,121.3615,三峽,C0AC60,2017-06-04T13:00:00+08:00,55.0,306.0,1.4,27.3,0.89,999.8,-99.0,7.5,-9.9,-99,-999,新北市,06,三峽區,057
24.9408,121.3615,三峽,C0AC60,2017-06-04T14:00:00+08:00,55.0,332.0,1.4,26.8,0.91,999.7,-99.0,7.5,-9.9,-99,-999,新北市,06,三峽區,057
24.9408,121.3615,三峽,C0AC60,2017-06-04T15:00:00+08:00,55.0,317.0,1.0,26.8,0.92,999.9,-99.0,7.5,-9.9,-99,-999,新北市,06,三峽區,057
24.9408,121.3615,三峽,C0AC60,2017-06-04T16:00:00+08:00,55.0,306.0,0.8,26.2,0.96,999.9,-99.0,7.5,-9.9,-99,-999,新北市,06,三峽區,057
24.9408,121.3615,三峽,C0AC60,2017-06-04T17:00:00+08:00,55.0,242.0,0.7,25.3,0.97,1000.5,-99.0,10.5,-9.9,-99,-999,新北市,06,三峽區,057
24.9408,121.3615,三峽,C0AC60,2017-06-04T18:00:00+08:00,55.0,205.0,0.3,25.1,0.99,1000.7,-99.0,16.5,-9.9,-99,-999,新北市,06,三峽區,057
24.9408,121.3615,三峽,C0AC60,2017-06-04T19:00:00+08:00,55.0,0.0,0.0,25.1,0.99,1001.6,-99.0,17.0,-9.9,-99,-999,新北市,06,三峽區,057
24.9408,121.3615,三峽,C0AC60,2017-06-04T20:00:00+08:00,55.0,0.0,0.0,25.2,0.99,1002.1,-99.0,17.0,-9.9,-99,-999,新北市,06,三峽區,057
24.9408,121.3615,三峽,C0AC60,2017-06-04T21:00:00+08:00,55.0,89.0,0.7,25.1,0.99,1002.5,-99.0,17.0,-9.9,-99,-999,新北市,06,三峽區,057
24.9408,121.3615,三峽,C0AC60,2017-06-04T22:00:00+08:00,55.0,96.0,0.4,24.9,0.99,1003.0,-99.0,17.0,-9.9,-99,-999,新北市,06,三峽區,057
24.9408,121.3615,三峽,C0AC60,2017-06-04T23:00:00+08:00,55.0,0.0,0.0,25.0,0.98,1003.1,-99.0,17.0,-9.9,-99,-999,新北市,06,三峽區,057
24.9408,121.3615,三峽,C0AC60,2017-06-05T00:00:00+08:00,55.0,0.0,0.1,24.9,0.97,1002.9,-99.0,17.0,-9.9,-99,-999,新北市,06,三峽區,057
24.9408,121.3615,三峽,C0AC60,2017-06-05T01:00:00+08:00,55.0,87.0,0.7,24.9,0.97,1002.3,-99.0,0.0,-9.9,-99,-999,新北市,06,三峽區,057
24.9408,121.3615,三峽,C0AC60,2017-06-05T02:00:00+08:00,55.0,0.0,0.0,24.9,0.98,1002.0,-99.0,0.0,-9.9,-99,-999,新北市,06,三峽區,057
24.9408,121.3615,三峽,C0AC60,2017-06-05T03:00:00+08:00,55.0,176.0,0.5,24.7,0.99,1001.7,-99.0,0.0,-9.9,-99,-999,新北市,06,三峽區,057
24.9408,121.3615,三峽,C0AC60,2017-06-05T04:00:00+08:00,55.0,186.0,0.6,24.7,0.99,1002.0,-99.0,0.0,-9.9,-99,-999,新北市,06,三峽區,057
24.9408,121.3615,三峽,C0AC60,2017-06-05T05:00:00+08:00,55.0,0.0,0.0,24.6,0.99,1002.3,-99.0,0.0,-9.9,-99,-999,新北市,06,三峽區,057
24.9408,121.3615,三峽,C0AC60,2017-06-05T06:00:00+08:00,55.0,87.0,0.4,24.7,0.99,1002.4,-99.0,0.0,-9.9,-99,-999,新北市,06,三峽區,057
24.9408,121.3615,三峽,C0AC60,2017-06-05T07:00:00+08:00,55.0,0.0,0.0,25.7,0.95,1003.0,-99.0,0.0,-9.9,-99,-999,新北市,06,三峽區,057
24.9408,121.3615,三峽,C0AC60,2017-06-05T08:00:00+08:00,55.0,48.0,0.4,27.2,0.87,1003.6,-99.0,0.0,-9.9,-99,-999,新北市,06,三峽區,057
24.9408,121.3615,三峽,C0AC60,2017-06-05T10:00:00+08:00,55.0,314.0,0.4,28.8,0.78,1003.3,-99.0,0.0,-9.9,-99,-999,新北市,06,三峽區,057
24.9408,121.3615,三峽,C0AC60,2017-06-05T11:00:00+08:00,55.0,311.0,1.1,29.1,0.79,1003.1,-99.0,0.0,-9.9,-99,-999,新北市,06,三峽區,057
24.9408,121.3615,三峽,C0AC60,2017-06-05T12:00:00+08:00,55.0,310.0,1.0,28.9,0.82,1002.8,-99.0,0.0,-9.9,-99,-999,新北市,06,三峽區,057
24.9408,121.3615,三峽,C0AC60,2017-06-05T13:00:00+08:00,55.0,311.0,2.0,29.2,0.80,1002.5,-99.0,0.0,-9.9,-99,-999,新北市,06,三峽區,057
24.9408,121.3615,三峽,C0AC60,2017-06-05T14:00:00+08:00,55.0,259.0,1.8,30.5,0.75,1002.1,-99.0,0.0,-9.9,-99,-999,新北市,06,三峽區,057
24.9408,121.3615,三峽,C0AC60,2017-06-05T15:00:00+08:00,55.0,300.0,1.8,29.3,0.80,1001.8,-99.0,0.0,-9.9,-99,-999,新北市,06,三峽區,057
24.9408,121.3615,三峽,C0AC60,2017-06-05T16:00:00+08:00,55.0,311.0,1.1,28.6,0.83,1001.8,-99.0,0.0,-9.9,-99,-999,新北市,06,三峽區,057
24.9408,121.3615,三峽,C0AC60,2017-06-05T17:00:00+08:00,55.0,323.0,1.0,28.3,0.85,1002.1,-99.0,0.0,-9.9,-99,-999,新北市,06,三峽區,057
24.9408,121.3615,三峽,C0AC60,2017-06-05T18:00:00+08:00,55.0,0.0,0.1,28.1,0.86,1002.3,-99.0,0.0,-9.9,-99,-999,新北市,06,三峽區,057
24.9408,121.3615,三峽,C0AC60,2017-06-05T19:00:00+08:00,55.0,0.0,0.0,27.9,0.86,1002.9,-99.0,0.0,-9.9,-99,-999,新北市,06,三峽區,057
24.9408,121.3615,三峽,C0AC60,2017-06-05T20:00:00+08:00,55.0,84.0,0.9,27.6,0.90,1003.4,-99.0,0.0,-9.9,-99,-999,新北市,06,三峽區,057
24.9408,121.3615,三峽,C0AC60,2017-06-05T21:00:00+08:00,55.0,86.0,1.1,27.2,0.93,1004.0,-99.0,0.0,-9.9,-99,-999,新北市,06,三峽區,057
24.9408,121.3615,三峽,C0AC60,2017-06-05T22:00:00+08:00,55.0,91.0,0.9,27.2,0.92,1004.5,-99.0,0.0,-9.9,-99,-999,新北市,06,三峽區,057
24.9408,121.3615,三峽,C0AC60,2017-06-05T23:00:00+08:00,55.0,156.0,0.5,26.7,0.94,1004.8,-99.0,0.0,-9.9,-99,-999,新北市,06,三峽區,057
24.9408,121.3615,三峽,C0AC60,2017-06-06T00:00:00+08:00,55.0,0.0,0.0,26.2,0.95,1004.5,-99.0,0.0,-9.9,-99,-999,新北市,06,三峽區,057
24.9408,121.3615,三峽,C0AC60,2017-06-06T01:00:00+08:00,55.0,185.0,1.2,25.9,0.95,1004.4,-99.0,0.0,-9.9,-99,-999,新北市,06,三峽區,057
24.9408,121.3615,三峽,C0AC60,2017-06-06T02:00:00+08:00,55.0,191.0,0.4,25.7,0.94,1004.0,-99.0,0.0,-9.9,-99,-999,新北市,06,三峽區,057
24.9408,121.3615,三峽,C0AC60,2017-06-06T03:00:00+08:00,55.0,0.0,0.1,25.4,0.95,1003.9,-99.0,0.0,-9.9,-99,-999,新北市,06,三峽區,057
24.9408,121.3615,三峽,C0AC60,2017-06-06T04:00:00+08:00,55.0,206.0,0.4,25.2,0.95,1004.4,-99.0,0.0,-9.9,-99,-999,新北市,06,三峽區,057
24.9408,121.3615,三峽,C0AC60,2017-06-06T05:00:00+08:00,55.0,0.0,0.0,25.0,0.98,1004.8,-99.0,0.0,-9.9,-99,-999,新北市,06,三峽區,057
24.9408,121.3615,三峽,C0AC60,2017-06-06T06:00:00+08:00,55.0,0.0,0.0,25.4,0.94,1005.0,-99.0,0.0,-9.9,-99,-999,新北市,06,三峽區,057
24.9408,121.3615,三峽,C0AC60,2017-06-06T07:00:00+08:00,55.0,221.0,0.8,26.1,0.91,1005.3,-99.0,0.0,-9.9,-99,-999,新北市,06,三峽區,057
24.9408,121.3615,三峽,C0AC60,2017-06-06T08:00:00+08:00,55.0,0.0,0.1,28.3,0.85,1005.2,-99.0,0.0,-9.9,-99,-999,新北市,06,三峽區,057
24.9408,121.3615,三峽,C0AC60,2017-06-06T10:00:00+08:00,55.0,315.0,1.5,31.1,0.69,1004.5,-99.0,0.0,-9.9,-99,-999,新北市,06,三峽區,057
24.9408,121.3615,三峽,C0AC60,2017-06-06T11:00:00+08:00,55.0,233.0,1.8,32.8,0.63,1004.1,-99.0,0.0,-9.9,-99,-999,新北市,06,三峽區,057
24.9408,121.3615,三峽,C0AC60,2017-06-06T12:00:00+08:00,55.0,342.0,1.5,32.1,0.71,1003.8,-99.0,0.0,-9.9,-99,-999,新北市,06,三峽區,057
24.9408,121.3615,三峽,C0AC60,2017-06-06T13:00:00+08:00,55.0,306.0,1.3,31.9,0.73,1003.4,-99.0,0.0,-9.9,-99,-999,新北市,06,三峽區,057
24.9408,121.3615,三峽,C0AC60,2017-06-06T14:00:00+08:00,55.0,316.0,2.3,31.7,0.73,1003.0,-99.0,0.0,-9.9,-99,-999,新北市,06,三峽區,057
24.9408,121.3615,三峽,C0AC60,2017-06-06T15:00:00+08:00,55.0,302.0,1.6,31.3,0.74,1003.1,-99.0,0.0,-9.9,-99,-999,新北市,06,三峽區,057
24.9408,121.3615,三峽,C0AC60,2017-06-06T16:00:00+08:00,55.0,232.0,1.6,30.7,0.75,1003.0,-99.0,0.0,-9.9,-99,-999,新北市,06,三峽區,057
24.9408,121.3615,三峽,C0AC60,2017-06-06T17:00:00+08:00,55.0,291.0,0.8,30.8,0.74,1003.4,-99.0,0.0,-9.9,-99,-999,新北市,06,三峽區,057
24.9408,121.3615,三峽,C0AC60,2017-06-06T18:00:00+08:00,55.0,0.0,0.0,30.8,0.74,1003.7,-99.0,0.0,-9.9,-99,-999,新北市,06,三峽區,057
24.9408,121.3615,三峽,C0AC60,2017-06-06T19:00:00+08:00,55.0,0.0,0.2,29.6,0.81,1003.6,-99.0,0.0,-9.9,-99,-999,新北市,06,三峽區,057
24.9408,121.3615,三峽,C0AC60,2017-06-06T20:00:00+08:00,55.0,87.0,1.0,28.7,0.87,1004.3,-99.0,0.0,-9.9,-99,-999,新北市,06,三峽區,057
24.9408,121.3615,三峽,C0AC60,2017-06-06T21:00:00+08:00,55.0,191.0,0.6,28.4,0.89,1005.1,-99.0,0.0,-9.9,-99,-999,新北市,06,三峽區,057
24.9408,121.3615,三峽,C0AC60,2017-06-06T22:00:00+08:00,55.0,0.0,0.2,27.8,0.92,1005.1,-99.0,0.0,-9.9,-99,-999,新北市,06,三峽區,057
24.9408,121.3615,三峽,C0AC60,2017-06-06T23:00:00+08:00,55.0,0.0,0.1,27.6,0.90,1004.6,-99.0,0.0,-9.9,-99,-999,新北市,06,三峽區,057
24.9408,121.3615,三峽,C0AC60,2017-06-07T00:00:00+08:00,55.0,0.0,0.0,27.1,0.92,1004.4,-99.0,0.0,-9.9,-99,-999,新北市,06,三峽區,057
24.9408,121.3615,三峽,C0AC60,2017-06-07T01:00:00+08:00,55.0,181.0,0.8,26.6,0.93,1004.2,-99.0,0.0,-9.9,-99,-999,新北市,06,三峽區,057
24.9408,121.3615,三峽,C0AC60,2017-06-07T02:00:00+08:00,55.0,208.0,1.2,26.3,0.92,1003.9,-99.0,0.0,-9.9,-99,-999,新北市,06,三峽區,057
24.9408,121.3615,三峽,C0AC60,2017-06-07T03:00:00+08:00,55.0,192.0,0.7,26.0,0.92,1003.7,-99.0,0.0,-9.9,-99,-999,新北市,06,三峽區,057
24.9408,121.3615,三峽,C0AC60,2017-06-07T04:00:00+08:00,55.0,157.0,0.3,25.7,0.93,1003.5,-99.0,0.0,-9.9,-99,-999,新北市,06,三峽區,057
24.9408,121.3615,三峽,C0AC60,2017-06-07T05:00:00+08:00,55.0,162.0,2.0,25.4,0.93,1003.9,-99.0,0.0,-9.9,-99,-999,新北市,06,三峽區,057
24.9408,121.3615,三峽,C0AC60,2017-06-07T06:00:00+08:00,55.0,158.0,0.3,25.7,0.90,1004.5,-99.0,0.0,-9.9,-99,-999,新北市,06,三峽區,057
24.9408,121.3615,三峽,C0AC60,2017-06-07T07:00:00+08:00,55.0,163.0,0.7,27.2,0.84,1005.3,-99.0,0.0,-9.9,-99,-999,新北市,06,三峽區,057
24.9408,121.3615,三峽,C0AC60,2017-06-07T08:00:00+08:00,55.0,192.0,0.5,29.4,0.77,1005.4,-99.0,0.0,-9.9,-99,-999,新北市,06,三峽區,057
24.9408,121.3615,三峽,C0AC60,2017-06-07T09:00:00+08:00,55.0,246.0,0.7,30.7,0.71,1005.5,-99.0,0.0,-9.9,-99,-999,新北市,06,三峽區,057
24.9408,121.3615,三峽,C0AC60,2017-06-07T10:00:00+08:00,55.0,298.0,1.3,31.1,0.70,1005.2,-99.0,0.0,-9.9,-99,-999,新北市,06,三峽區,057
24.9408,121.3615,三峽,C0AC60,2017-06-07T11:00:00+08:00,55.0,283.0,1.0,32.4,0.66,1004.9,-99.0,0.0,-9.9,-99,-999,新北市,06,三峽區,057
24.9408,121.3615,三峽,C0AC60,2017-06-07T12:00:00+08:00,55.0,229.0,1.9,33.4,0.63,1004.4,-99.0,0.0,-9.9,-99,-999,新北市,06,三峽區,057
24.9408,121.3615,三峽,C0AC60,2017-06-07T13:00:00+08:00,55.0,255.0,1.9,33.1,0.66,1003.5,-99.0,0.0,-9.9,-99,-999,新北市,06,三峽區,057
24.9408,121.3615,三峽,C0AC60,2017-06-07T14:00:00+08:00,55.0,307.0,2.3,33.4,0.64,1003.1,-99.0,0.0,-9.9,-99,-999,新北市,06,三峽區,057
24.9408,121.3615,三峽,C0AC60,2017-06-07T15:00:00+08:00,55.0,317.0,2.2,33.8,0.59,1002.6,-99.0,0.0,-9.9,-99,-999,新北市,06,三峽區,057
24.9408,121.3615,三峽,C0AC60,2017-06-07T16:00:00+08:00,55.0,250.0,1.4,34.1,0.54,1003.3,-99.0,0.0,-9.9,-99,-999,新北市,06,三峽區,057
24.9408,121.3615,三峽,C0AC60,2017-06-07T17:00:00+08:00,55.0,258.0,1.4,33.6,0.55,1003.0,-99.0,0.0,-9.9,-99,-999,新北市,06,三峽區,057
24.9408,121.3615,三峽,C0AC60,2017-06-07T18:00:00+08:00,55.0,302.0,1.1,33.2,0.54,1003.8,-99.0,0.0,-9.9,-99,-999,新北市,06,三峽區,057
24.9408,121.3615,三峽,C0AC60,2017-06-07T19:00:00+08:00,55.0,288.0,0.9,31.5,0.65,1004.5,-99.0,0.0,-9.9,-99,-999,新北市,06,三峽區,057
24.9408,121.3615,三峽,C0AC60,2017-06-07T20:00:00+08:00,55.0,0.0,0.0,30.3,0.75,1005.0,-99.0,0.0,-9.9,-99,-999,新北市,06,三峽區,057
24.9408,121.3615,三峽,C0AC60,2017-06-07T21:00:00+08:00,55.0,0.0,0.0,28.5,0.83,1005.4,-99.0,0.0,-9.9,-99,-999,新北市,06,三峽區,057
24.9408,121.3615,三峽,C0AC60,2017-06-07T22:00:00+08:00,55.0,193.0,0.4,27.8,0.87,1006.0,-99.0,0.0,-9.9,-99,-999,新北市,06,三峽區,057
24.9408,121.3615,三峽,C0AC60,2017-06-07T23:00:00+08:00,55.0,213.0,1.0,27.0,0.90,1005.6,-99.0,0.0,-9.9,-99,-999,新北市,06,三峽區,057
24.9408,121.3615,三峽,C0AC60,2017-06-08T00:00:00+08:00,55.0,211.0,1.2,26.9,0.89,1005.5,-99.0,0.0,-9.9,-99,-999,新北市,06,三峽區,057
24.9408,121.3615,三峽,C0AC60,2017-06-08T01:00:00+08:00,55.0,199.0,0.8,27.0,0.88,1005.3,-99.0,0.0,-9.9,-99,-999,新北市,06,三峽區,057
24.9408,121.3615,三峽,C0AC60,2017-06-08T02:00:00+08:00,55.0,202.0,1.2,26.0,0.92,1004.9,-99.0,0.0,-9.9,-99,-999,新北市,06,三峽區,057
24.9408,121.3615,三峽,C0AC60,2017-06-08T03:00:00+08:00,55.0,181.0,0.7,25.9,0.88,1004.7,-99.0,0.0,-9.9,-99,-999,新北市,06,三峽區,057
24.9408,121.3615,三峽,C0AC60,2017-06-08T04:00:00+08:00,55.0,207.0,0.7,25.4,0.89,1004.8,-99.0,0.0,-9.9,-99,-999,新北市,06,三峽區,057
24.9408,121.3615,三峽,C0AC60,2017-06-08T05:00:00+08:00,55.0,212.0,1.5,25.1,0.90,1005.4,-99.0,0.0,-9.9,-99,-999,新北市,06,三峽區,057
24.9408,121.3615,三峽,C0AC60,2017-06-08T06:00:00+08:00,55.0,209.0,1.7,25.5,0.88,1005.7,-99.0,0.0,-9.9,-99,-999,新北市,06,三峽區,057
24.9408,121.3615,三峽,C0AC60,2017-06-08T07:00:00+08:00,55.0,208.0,0.9,26.8,0.83,1005.8,-99.0,0.0,-9.9,-99,-999,新北市,06,三峽區,057
24.9408,121.3615,三峽,C0AC60,2017-06-08T08:00:00+08:00,55.0,355.0,0.3,29.1,0.75,1005.6,-99.0,0.0,-9.9,-99,-999,新北市,06,三峽區,057
24.9408,121.3615,三峽,C0AC60,2017-06-08T10:00:00+08:00,55.0,0.0,0.1,31.8,0.65,1005.5,-99.0,0.0,-9.9,-99,-999,新北市,06,三峽區,057
24.9408,121.3615,三峽,C0AC60,2017-06-08T11:00:00+08:00,55.0,346.0,1.5,32.3,0.67,1005.3,-99.0,0.0,-9.9,-99,-999,新北市,06,三峽區,057
24.9408,121.3615,三峽,C0AC60,2017-06-08T12:00:00+08:00,55.0,322.0,0.8,33.3,0.63,1004.6,-99.0,0.0,-9.9,-99,-999,新北市,06,三峽區,057
24.9408,121.3615,三峽,C0AC60,2017-06-08T13:00:00+08:00,55.0,307.0,2.2,32.7,0.68,1004.1,-99.0,0.0,-9.9,-99,-999,新北市,06,三峽區,057
24.9408,121.3615,三峽,C0AC60,2017-06-08T14:00:00+08:00,55.0,343.0,2.1,32.8,0.65,1003.8,-99.0,0.0,-9.9,-99,-999,新北市,06,三峽區,057
24.9408,121.3615,三峽,C0AC60,2017-06-08T15:00:00+08:00,55.0,332.0,1.8,32.3,0.63,1003.7,-99.0,0.0,-9.9,-99,-999,新北市,06,三峽區,057
24.9408,121.3615,三峽,C0AC60,2017-06-08T16:00:00+08:00,55.0,341.0,1.2,32.4,0.65,1003.3,-99.0,0.0,-9.9,-99,-999,新北市,06,三峽區,057
24.9408,121.3615,三峽,C0AC60,2017-06-08T17:00:00+08:00,55.0,52.0,1.0,31.1,0.74,1003.3,-99.0,0.0,-9.9,-99,-999,新北市,06,三峽區,057
24.9408,121.3615,三峽,C0AC60,2017-06-08T18:00:00+08:00,55.0,76.0,0.9,30.5,0.77,1003.3,-99.0,0.0,-9.9,-99,-999,新北市,06,三峽區,057
24.9408,121.3615,三峽,C0AC60,2017-06-08T19:00:00+08:00,55.0,88.0,1.1,29.8,0.79,1003.8,-99.0,0.0,-9.9,-99,-999,新北市,06,三峽區,057
24.9408,121.3615,三峽,C0AC60,2017-06-08T20:00:00+08:00,55.0,88.0,0.5,29.1,0.81,1004.1,-99.0,0.0,-9.9,-99,-999,新北市,06,三峽區,057
24.9408,121.3615,三峽,C0AC60,2017-06-08T21:00:00+08:00,55.0,0.0,0.1,28.9,0.82,1005.2,-99.0,0.0,-9.9,-99,-999,新北市,06,三峽區,057
24.9408,121.3615,三峽,C0AC60,2017-06-08T22:00:00+08:00,55.0,191.0,0.3,27.4,0.89,1005.8,-99.0,0.0,-9.9,-99,-999,新北市,06,三峽區,057
24.9408,121.3615,三峽,C0AC60,2017-06-08T23:00:00+08:00,55.0,175.0,0.9,27.0,0.90,1005.7,-99.0,0.0,-9.9,-99,-999,新北市,06,三峽區,057
24.9408,121.3615,三峽,C0AC60,2017-06-09T00:00:00+08:00,55.0,193.0,1.0,26.5,0.91,1005.1,-99.0,0.0,-9.9,-99,-999,新北市,06,三峽區,057
24.9408,121.3615,三峽,C0AC60,2017-06-09T01:00:00+08:00,55.0,204.0,0.5,26.1,0.92,1004.4,-99.0,0.0,-9.9,-99,-999,新北市,06,三峽區,057
24.9408,121.3615,三峽,C0AC60,2017-06-09T02:00:00+08:00,55.0,194.0,1.1,26.0,0.90,1003.8,-99.0,0.0,-9.9,-99,-999,新北市,06,三峽區,057
24.9408,121.3615,三峽,C0AC60,2017-06-09T03:00:00+08:00,55.0,0.0,0.1,25.6,0.91,1003.6,-99.0,0.0,-9.9,-99,-999,新北市,06,三峽區,057
24.9408,121.3615,三峽,C0AC60,2017-06-09T04:00:00+08:00,55.0,186.0,0.5,25.4,0.92,1004.1,-99.0,0.0,-9.9,-99,-999,新北市,06,三峽區,057
24.9408,121.3615,三峽,C0AC60,2017-06-09T05:00:00+08:00,55.0,0.0,0.0,25.8,0.91,1004.3,-99.0,0.0,-9.9,-99,-999,新北市,06,三峽區,057
24.9408,121.3615,三峽,C0AC60,2017-06-09T06:00:00+08:00,55.0,0.0,0.0,25.8,0.89,1004.3,-99.0,0.0,-9.9,-99,-999,新北市,06,三峽區,057
24.9408,121.3615,三峽,C0AC60,2017-06-09T07:00:00+08:00,55.0,206.0,0.8,26.7,0.83,1004.5,-99.0,0.0,-9.9,-99,-999,新北市,06,三峽區,057
24.9408,121.3615,三峽,C0AC60,2017-06-09T08:00:00+08:00,55.0,252.0,1.7,28.7,0.80,1004.5,-99.0,0.0,-9.9,-99,-999,新北市,06,三峽區,057
24.9408,121.3615,三峽,C0AC60,2017-06-09T10:00:00+08:00,55.0,266.0,1.4,31.8,0.63,1004.1,-99.0,0.0,-9.9,-99,-999,新北市,06,三峽區,057
24.9408,121.3615,三峽,C0AC60,2017-06-09T11:00:00+08:00,55.0,259.0,2.1,32.8,0.59,1004.2,-99.0,0.0,-9.9,-99,-999,新北市,06,三峽區,057
24.9408,121.3615,三峽,C0AC60,2017-06-09T12:00:00+08:00,55.0,292.0,1.3,31.6,0.69,1004.1,-99.0,0.0,-9.9,-99,-999,新北市,06,三峽區,057
24.9408,121.3615,三峽,C0AC60,2017-06-09T13:00:00+08:00,55.0,334.0,2.5,32.2,0.65,1003.6,-99.0,0.0,-9.9,-99,-999,新北市,06,三峽區,057
24.9408,121.3615,三峽,C0AC60,2017-06-09T14:00:00+08:00,55.0,314.0,1.9,31.8,0.67,1003.6,-99.0,0.0,-9.9,-99,-999,新北市,06,三峽區,057
24.9408,121.3615,三峽,C0AC60,2017-06-09T15:00:00+08:00,55.0,241.0,2.7,31.7,0.63,1003.4,-99.0,0.0,-9.9,-99,-999,新北市,06,三峽區,057
24.9408,121.3615,三峽,C0AC60,2017-06-09T16:00:00+08:00,55.0,224.0,1.5,31.2,0.69,1003.0,-99.0,0.0,-9.9,-99,-999,新北市,06,三峽區,057
24.9408,121.3615,三峽,C0AC60,2017-06-09T17:00:00+08:00,55.0,245.0,1.4,32.1,0.62,1002.6,-99.0,0.0,-9.9,-99,-999,新北市,06,三峽區,057
24.9408,121.3615,三峽,C0AC60,2017-06-09T18:00:00+08:00,55.0,223.0,1.2,31.0,0.71,1003.0,-99.0,0.0,-9.9,-99,-999,新北市,06,三峽區,057
24.9408,121.3615,三峽,C0AC60,2017-06-09T19:00:00+08:00,55.0,203.0,0.5,30.3,0.73,1003.3,-99.0,0.0,-9.9,-99,-999,新北市,06,三峽區,057
24.9408,121.3615,三峽,C0AC60,2017-06-09T20:00:00+08:00,55.0,204.0,1.2,29.3,0.81,1004.0,-99.0,0.0,-9.9,-99,-999,新北市,06,三峽區,057
24.9408,121.3615,三峽,C0AC60,2017-06-09T21:00:00+08:00,55.0,216.0,0.7,28.3,0.86,1004.4,-99.0,0.0,-9.9,-99,-999,新北市,06,三峽區,057
24.9408,121.3615,三峽,C0AC60,2017-06-09T22:00:00+08:00,55.0,216.0,1.0,27.8,0.87,1005.0,-99.0,0.0,-9.9,-99,-999,新北市,06,三峽區,057
24.9408,121.3615,三峽,C0AC60,2017-06-09T23:00:00+08:00,55.0,182.0,0.4,27.3,0.87,1004.9,-99.0,0.0,-9.9,-99,-999,新北市,06,三峽區,057
24.9408,121.3615,三峽,C0AC60,2017-06-10T00:00:00+08:00,55.0,213.0,1.2,26.5,0.91,1004.3,-99.0,0.0,-9.9,-99,-999,新北市,06,三峽區,057
24.9408,121.3615,三峽,C0AC60,2017-06-10T01:00:00+08:00,55.0,207.0,0.6,26.5,0.90,1004.0,-99.0,0.0,-9.9,-99,-999,新北市,06,三峽區,057
24.9408,121.3615,三峽,C0AC60,2017-06-10T02:00:00+08:00,55.0,0.0,0.2,26.0,0.90,1003.7,-99.0,0.0,-9.9,-99,-999,新北市,06,三峽區,057
24.9408,121.3615,三峽,C0AC60,2017-06-10T03:00:00+08:00,55.0,203.0,0.9,25.6,0.90,1003.6,-99.0,0.0,-9.9,-99,-999,新北市,06,三峽區,057
24.9408,121.3615,三峽,C0AC60,2017-06-10T04:00:00+08:00,55.0,196.0,0.7,26.0,0.87,1003.2,-99.0,0.0,-9.9,-99,-999,新北市,06,三峽區,057
24.9408,121.3615,三峽,C0AC60,2017-06-10T05:00:00+08:00,55.0,211.0,0.6,25.7,0.87,1003.3,-99.0,0.0,-9.9,-99,-999,新北市,06,三峽區,057
24.9408,121.3615,三峽,C0AC60,2017-06-10T06:00:00+08:00,55.0,205.0,1.0,25.6,0.87,1003.4,-99.0,0.0,-9.9,-99,-999,新北市,06,三峽區,057
24.9408,121.3615,三峽,C0AC60,2017-06-10T07:00:00+08:00,55.0,199.0,1.1,26.9,0.81,1003.5,-99.0,0.0,-9.9,-99,-999,新北市,06,三峽區,057
24.9408,121.3615,三峽,C0AC60,2017-06-10T08:00:00+08:00,55.0,307.0,0.9,29.6,0.72,1003.3,-99.0,0.0,-9.9,-99,-999,新北市,06,三峽區,057
24.9408,121.3615,三峽,C0AC60,2017-06-10T10:00:00+08:00,55.0,249.0,2.1,32.1,0.62,1003.2,-99.0,0.0,-9.9,-99,-999,新北市,06,三峽區,057
24.9408,121.3615,三峽,C0AC60,2017-06-10T11:00:00+08:00,55.0,255.0,1.1,33.1,0.59,1002.9,-99.0,0.0,-9.9,-99,-999,新北市,06,三峽區,057
24.9408,121.3615,三峽,C0AC60,2017-06-10T12:00:00+08:00,55.0,239.0,2.0,32.7,0.64,1002.9,-99.0,0.0,-9.9,-99,-999,新北市,06,三峽區,057
24.9408,121.3615,三峽,C0AC60,2017-06-10T13:00:00+08:00,55.0,261.0,1.6,32.1,0.72,1002.2,-99.0,0.0,-9.9,-99,-999,新北市,06,三峽區,057
24.9408,121.3615,三峽,C0AC60,2017-06-10T14:00:00+08:00,55.0,299.0,1.3,32.0,0.70,1001.8,-99.0,0.0,-9.9,-99,-999,新北市,06,三峽區,057
24.9408,121.3615,三峽,C0AC60,2017-06-10T15:00:00+08:00,55.0,304.0,1.4,31.4,0.74,1001.7,-99.0,0.0,-9.9,-99,-999,新北市,06,三峽區,057
24.9408,121.3615,三峽,C0AC60,2017-06-10T16:00:00+08:00,55.0,203.0,1.2,29.1,0.88,1001.7,-99.0,0.0,-9.9,-99,-999,新北市,06,三峽區,057
24.9408,121.3615,三峽,C0AC60,2017-06-10T17:00:00+08:00,55.0,87.0,1.1,29.1,0.87,1002.0,-99.0,0.0,-9.9,-99,-999,新北市,06,三峽區,057
24.9408,121.3615,三峽,C0AC60,2017-06-10T18:00:00+08:00,55.0,85.0,1.9,29.2,0.87,1001.7,-99.0,0.0,-9.9,-99,-999,新北市,06,三峽區,057
24.9408,121.3615,三峽,C0AC60,2017-06-10T19:00:00+08:00,55.0,89.0,0.8,28.8,0.88,1002.0,-99.0,0.0,-9.9,-99,-999,新北市,06,三峽區,057
24.9408,121.3615,三峽,C0AC60,2017-06-10T20:00:00+08:00,55.0,0.0,0.1,28.4,0.91,1002.3,-99.0,0.0,-9.9,-99,-999,新北市,06,三峽區,057
24.9408,121.3615,三峽,C0AC60,2017-06-10T21:00:00+08:00,55.0,0.0,0.2,28.2,0.92,1002.3,-99.0,0.0,-9.9,-99,-999,新北市,06,三峽區,057
24.9408,121.3615,三峽,C0AC60,2017-06-10T22:00:00+08:00,55.0,187.0,0.4,27.8,0.94,1002.8,-99.0,0.0,-9.9,-99,-999,新北市,06,三峽區,057
24.9408,121.3615,三峽,C0AC60,2017-06-10T23:00:00+08:00,55.0,206.0,0.3,27.6,0.92,1002.5,-99.0,0.0,-9.9,-99,-999,新北市,06,三峽區,057
24.9408,121.3615,三峽,C0AC60,2017-06-11T00:00:00+08:00,55.0,180.0,1.2,27.2,0.93,1002.5,-99.0,0.0,-9.9,-99,-999,新北市,06,三峽區,057
24.9408,121.3615,三峽,C0AC60,2017-06-11T01:00:00+08:00,55.0,0.0,0.2,26.9,0.93,1001.8,-99.0,0.0,-9.9,-99,-999,新北市,06,三峽區,057
24.9408,121.3615,三峽,C0AC60,2017-06-11T02:00:00+08:00,55.0,0.0,0.2,26.5,0.93,1001.5,-99.0,0.0,-9.9,-99,-999,新北市,06,三峽區,057
24.9408,121.3615,三峽,C0AC60,2017-06-11T03:00:00+08:00,55.0,217.0,0.9,26.3,0.94,1000.9,-99.0,0.0,-9.9,-99,-999,新北市,06,三峽區,057
24.9408,121.3615,三峽,C0AC60,2017-06-11T04:00:00+08:00,55.0,154.0,0.4,26.1,0.93,1000.8,-99.0,0.0,-9.9,-99,-999,新北市,06,三峽區,057
24.9408,121.3615,三峽,C0AC60,2017-06-11T05:00:00+08:00,55.0,180.0,1.1,25.8,0.93,1001.0,-99.0,0.0,-9.9,-99,-999,新北市,06,三峽區,057
24.9408,121.3615,三峽,C0AC60,2017-06-11T06:00:00+08:00,55.0,199.0,0.9,26.3,0.90,1001.6,-99.0,0.0,-9.9,-99,-999,新北市,06,三峽區,057
24.9408,121.3615,三峽,C0AC60,2017-06-11T07:00:00+08:00,55.0,198.0,0.7,27.5,0.85,1002.2,-99.0,0.0,-9.9,-99,-999,新北市,06,三峽區,057
24.9408,121.3615,三峽,C0AC60,2017-06-11T08:00:00+08:00,55.0,0.0,0.0,29.8,0.77,1002.3,-99.0,0.0,-9.9,-99,-999,新北市,06,三峽區,057
24.9408,121.3615,三峽,C0AC60,2017-06-11T09:00:00+08:00,55.0,269.0,0.9,31.0,0.70,1002.2,-99.0,0.0,-9.9,-99,-999,新北市,06,三峽區,057
24.9408,121.3615,三峽,C0AC60,2017-06-11T10:00:00+08:00,55.0,287.0,1.0,32.2,0.65,1002.1,-99.0,0.0,-9.9,-99,-999,新北市,06,三峽區,057
24.9408,121.3615,三峽,C0AC60,2017-06-11T11:00:00+08:00,55.0,301.0,1.4,32.5,0.69,1002.0,-99.0,0.0,-9.9,-99,-999,新北市,06,三峽區,057
24.9408,121.3615,三峽,C0AC60,2017-06-11T12:00:00+08:00,55.0,303.0,1.9,33.8,0.63,1001.6,-99.0,0.0,-9.9,-99,-999,新北市,06,三峽區,057
24.9408,121.3615,三峽,C0AC60,2017-06-11T13:00:00+08:00,55.0,337.0,1.9,32.3,0.73,1001.2,-99.0,0.0,-9.9,-99,-999,新北市,06,三峽區,057
24.9408,121.3615,三峽,C0AC60,2017-06-11T14:00:00+08:00,55.0,329.0,2.6,32.2,0.72,1000.9,-99.0,0.0,-9.9,-99,-999,新北市,06,三峽區,057
24.9408,121.3615,三峽,C0AC60,2017-06-11T15:00:00+08:00,55.0,73.0,1.4,30.3,0.79,1001.2,-99.0,0.0,-9.9,-99,-999,新北市,06,三峽區,057
24.9408,121.3615,三峽,C0AC60,2017-06-11T16:00:00+08:00,55.0,90.0,0.9,26.9,0.92,1001.3,-99.0,0.0,-9.9,-99,-999,新北市,06,三峽區,057
24.9408,121.3615,三峽,C0AC60,2017-06-11T17:00:00+08:00,55.0,183.0,0.4,27.1,0.90,1001.3,-99.0,0.5,-9.9,-99,-999,新北市,06,三峽區,057
24.9408,121.3615,三峽,C0AC60,2017-06-11T18:00:00+08:00,55.0,206.0,2.2,26.0,0.92,1002.2,-99.0,4.0,-9.9,-99,-999,新北市,06,三峽區,057
24.9408,121.3615,三峽,C0AC60,2017-06-11T19:00:00+08:00,55.0,0.0,0.2,26.3,0.92,1002.8,-99.0,5.0,-9.9,-99,-999,新北市,06,三峽區,057
24.9408,121.3615,三峽,C0AC60,2017-06-11T20:00:00+08:00,55.0,222.0,0.9,25.9,0.96,1003.1,-99.0,5.0,-9.9,-99,-999,新北市,06,三峽區,057
24.9408,121.3615,三峽,C0AC60,2017-06-11T21:00:00+08:00,55.0,205.0,0.5,25.5,0.96,1003.0,-99.0,6.0,-9.9,-99,-999,新北市,06,三峽區,057
24.9408,121.3615,三峽,C0AC60,2017-06-11T22:00:00+08:00,55.0,0.0,0.0,25.8,0.94,1003.4,-99.0,6.0,-9.9,-99,-999,新北市,06,三峽區,057
24.9408,121.3615,三峽,C0AC60,2017-06-11T23:00:00+08:00,55.0,197.0,1.2,25.5,0.96,1003.6,-99.0,6.0,-9.9,-99,-999,新北市,06,三峽區,057
24.9408,121.3615,三峽,C0AC60,2017-06-12T00:00:00+08:00,55.0,166.0,1.6,25.6,0.91,1002.9,-99.0,6.0,-9.9,-99,-999,新北市,06,三峽區,057
24.9408,121.3615,三峽,C0AC60,2017-06-12T01:00:00+08:00,55.0,198.0,0.9,25.3,0.91,1002.5,-99.0,0.0,-9.9,-99,-999,新北市,06,三峽區,057
24.9408,121.3615,三峽,C0AC60,2017-06-12T02:00:00+08:00,55.0,0.0,0.0,25.3,0.93,1002.3,-99.0,0.0,-9.9,-99,-999,新北市,06,三峽區,057
24.9408,121.3615,三峽,C0AC60,2017-06-12T03:00:00+08:00,55.0,176.0,0.7,25.2,0.91,1002.3,-99.0,0.0,-9.9,-99,-999,新北市,06,三峽區,057
24.9408,121.3615,三峽,C0AC60,2017-06-12T04:00:00+08:00,55.0,159.0,1.7,25.1,0.93,1002.4,-99.0,0.0,-9.9,-99,-999,新北市,06,三峽區,057
24.9408,121.3615,三峽,C0AC60,2017-06-12T05:00:00+08:00,55.0,203.0,0.6,25.2,0.91,1002.3,-99.0,0.0,-9.9,-99,-999,新北市,06,三峽區,057
24.9408,121.3615,三峽,C0AC60,2017-06-12T06:00:00+08:00,55.0,204.0,1.0,25.2,0.90,1002.8,-99.0,0.0,-9.9,-99,-999,新北市,06,三峽區,057
24.9408,121.3615,三峽,C0AC60,2017-06-12T07:00:00+08:00,55.0,163.0,0.8,25.8,0.89,1003.1,-99.0,0.0,-9.9,-99,-999,新北市,06,三峽區,057
24.9408,121.3615,三峽,C0AC60,2017-06-12T08:00:00+08:00,55.0,182.0,0.4,28.0,0.81,1003.6,-99.0,0.0,-9.9,-99,-999,新北市,06,三峽區,057
24.9408,121.3615,三峽,C0AC60,2017-06-12T10:00:00+08:00,55.0,205.0,0.5,31.1,0.75,1003.2,-99.0,0.0,-9.9,-99,-999,新北市,06,三峽區,057
24.9408,121.3615,三峽,C0AC60,2017-06-12T11:00:00+08:00,55.0,249.0,0.8,31.4,0.71,1002.9,-99.0,0.0,-9.9,-99,-999,新北市,06,三峽區,057
24.9408,121.3615,三峽,C0AC60,2017-06-12T12:00:00+08:00,55.0,312.0,0.9,33.0,0.65,1002.3,-99.0,0.0,-9.9,-99,-999,新北市,06,三峽區,057
24.9408,121.3615,三峽,C0AC60,2017-06-12T13:00:00+08:00,55.0,320.0,0.9,33.4,0.66,1001.6,-99.0,0.0,-9.9,-99,-999,新北市,06,三峽區,057
24.9408,121.3615,三峽,C0AC60,2017-06-12T14:00:00+08:00,55.0,311.0,1.7,30.9,0.79,1001.3,-99.0,1.0,-9.9,-99,-999,新北市,06,三峽區,057
24.9408,121.3615,三峽,C0AC60,2017-06-12T15:00:00+08:00,55.0,86.0,0.9,29.3,0.88,1001.0,-99.0,1.5,-9.9,-99,-999,新北市,06,三峽區,057
24.9408,121.3615,三峽,C0AC60,2017-06-12T16:00:00+08:00,55.0,91.0,2.1,28.4,0.90,1001.3,-99.0,1.5,-9.9,-99,-999,新北市,06,三峽區,057
24.9408,121.3615,三峽,C0AC60,2017-06-12T17:00:00+08:00,55.0,87.0,1.6,28.0,0.93,1002.4,-99.0,3.0,-9.9,-99,-999,新北市,06,三峽區,057
24.9408,121.3615,三峽,C0AC60,2017-06-12T18:00:00+08:00,55.0,43.0,1.0,25.7,0.94,1003.6,-99.0,13.0,-9.9,-99,-999,新北市,06,三峽區,057
24.9408,121.3615,三峽,C0AC60,2017-06-12T19:00:00+08:00,55.0,0.0,0.0,25.3,0.96,1003.7,-99.0,15.5,-9.9,-99,-999,新北市,06,三峽區,057
24.9408,121.3615,三峽,C0AC60,2017-06-12T20:00:00+08:00,55.0,0.0,0.0,25.3,0.96,1004.0,-99.0,15.5,-9.9,-99,-999,新北市,06,三峽區,057
24.9408,121.3615,三峽,C0AC60,2017-06-12T21:00:00+08:00,55.0,0.0,0.0,25.2,0.96,1003.6,-99.0,15.5,-9.9,-99,-999,新北市,06,三峽區,057
24.9408,121.3615,三峽,C0AC60,2017-06-12T22:00:00+08:00,55.0,199.0,1.6,24.7,0.98,1004.2,-99.0,15.5,-9.9,-99,-999,新北市,06,三峽區,057
24.9408,121.3615,三峽,C0AC60,2017-06-12T23:00:00+08:00,55.0,0.0,0.2,25.0,0.96,1004.7,-99.0,15.5,-9.9,-99,-999,新北市,06,三峽區,057
24.9408,121.3615,三峽,C0AC60,2017-06-13T00:00:00+08:00,55.0,91.0,0.9,25.1,0.95,1004.6,-99.0,15.5,-9.9,-99,-999,新北市,06,三峽區,057
24.9408,121.3615,三峽,C0AC60,2017-06-13T01:00:00+08:00,55.0,0.0,0.1,25.0,0.95,1004.0,-99.0,0.0,-9.9,-99,-999,新北市,06,三峽區,057
24.9408,121.3615,三峽,C0AC60,2017-06-13T02:00:00+08:00,55.0,163.0,1.9,24.8,0.94,1003.5,-99.0,0.0,-9.9,-99,-999,新北市,06,三峽區,057
24.9408,121.3615,三峽,C0AC60,2017-06-13T03:00:00+08:00,55.0,209.0,1.2,24.7,0.93,1003.3,-99.0,0.0,-9.9,-99,-999,新北市,06,三峽區,057
24.9408,121.3615,三峽,C0AC60,2017-06-13T04:00:00+08:00,55.0,184.0,0.7,24.8,0.93,1003.1,-99.0,0.0,-9.9,-99,-999,新北市,06,三峽區,057
24.9408,121.3615,三峽,C0AC60,2017-06-13T05:00:00+08:00,55.0,189.0,0.5,24.9,0.95,1003.5,-99.0,0.0,-9.9,-99,-999,新北市,06,三峽區,057
24.9408,121.3615,三峽,C0AC60,2017-06-13T06:00:00+08:00,55.0,0.0,0.1,25.3,0.91,1003.5,-99.0,0.0,-9.9,-99,-999,新北市,06,三峽區,057
24.9408,121.3615,三峽,C0AC60,2017-06-13T07:00:00+08:00,55.0,73.0,0.3,26.9,0.88,1003.9,-99.0,0.0,-9.9,-99,-999,新北市,06,三峽區,057
24.9408,121.3615,三峽,C0AC60,2017-06-13T08:00:00+08:00,55.0,83.0,1.0,28.1,0.83,1004.0,-99.0,0.0,-9.9,-99,-999,新北市,06,三峽區,057
24.9408,121.3615,三峽,C0AC60,2017-06-13T09:00:00+08:00,55.0,18.0,1.1,29.6,0.77,1003.4,-99.0,0.0,-9.9,-99,-999,新北市,06,三峽區,057
24.9408,121.3615,三峽,C0AC60,2017-06-13T10:00:00+08:00,55.0,343.0,0.8,30.9,0.73,1003.3,-99.0,0.0,-9.9,-99,-999,新北市,06,三峽區,057
24.9408,121.3615,三峽,C0AC60,2017-06-13T11:00:00+08:00,55.0,339.0,1.6,32.1,0.68,1003.3,-99.0,0.0,-9.9,-99,-999,新北市,06,三峽區,057
24.9408,121.3615,三峽,C0AC60,2017-06-13T12:00:00+08:00,55.0,344.0,1.6,33.5,0.63,1002.5,-99.0,0.0,-9.9,-99,-999,新北市,06,三峽區,057
24.9408,121.3615,三峽,C0AC60,2017-06-13T13:00:00+08:00,55.0,339.0,1.0,32.4,0.71,1002.0,-99.0,0.0,-9.9,-99,-999,新北市,06,三峽區,057
24.9408,121.3615,三峽,C0AC60,2017-06-13T14:00:00+08:00,55.0,22.0,0.7,30.8,0.76,1001.6,-99.0,0.0,-9.9,-99,-999,新北市,06,三峽區,057
24.9408,121.3615,三峽,C0AC60,2017-06-13T15:00:00+08:00,55.0,103.0,0.7,26.2,0.96,1001.6,-99.0,18.5,-9.9,-99,-999,新北市,06,三峽區,057
24.9408,121.3615,三峽,C0AC60,2017-06-13T16:00:00+08:00,55.0,91.0,2.4,26.1,0.94,1001.5,-99.0,31.5,-9.9,-99,-999,新北市,06,三峽區,057
24.9408,121.3615,三峽,C0AC60,2017-06-13T17:00:00+08:00,55.0,91.0,1.5,27.8,0.87,1001.9,-99.0,31.5,-9.9,-99,-999,新北市,06,三峽區,057
24.9408,121.3615,三峽,C0AC60,2017-06-13T18:00:00+08:00,55.0,96.0,0.6,27.5,0.88,1001.9,-99.0,31.5,-9.9,-99,-999,新北市,06,三峽區,057
24.9408,121.3615,三峽,C0AC60,2017-06-13T19:00:00+08:00,55.0,109.0,0.4,27.2,0.90,1002.1,-99.0,31.5,-9.9,-99,-999,新北市,06,三峽區,057
24.9408,121.3615,三峽,C0AC60,2017-06-13T20:00:00+08:00,55.0,84.0,1.2,27.0,0.92,1002.1,-99.0,31.5,-9.9,-99,-999,新北市,06,三峽區,057
24.9408,121.3615,三峽,C0AC60,2017-06-13T21:00:00+08:00,55.0,89.0,0.9,26.7,0.95,1002.3,-99.0,31.5,-9.9,-99,-999,新北市,06,三峽區,057
24.9408,121.3615,三峽,C0AC60,2017-06-13T22:00:00+08:00,55.0,93.0,0.5,26.6,0.95,1002.3,-99.0,31.5,-9.9,-99,-999,新北市,06,三峽區,057
24.9408,121.3615,三峽,C0AC60,2017-06-13T23:00:00+08:00,55.0,0.0,0.2,26.4,0.95,1002.2,-99.0,31.5,-9.9,-99,-999,新北市,06,三峽區,057
24.9408,121.3615,三峽,C0AC60,2017-06-14T00:00:00+08:00,55.0,171.0,1.0,26.5,0.92,1001.7,-99.0,31.5,-9.9,-99,-999,新北市,06,三峽區,057
24.9408,121.3615,三峽,C0AC60,2017-06-14T01:00:00+08:00,55.0,0.0,0.2,26.2,0.93,1000.9,-99.0,0.0,-9.9,-99,-999,新北市,06,三峽區,057
24.9408,121.3615,三峽,C0AC60,2017-06-14T02:00:00+08:00,55.0,173.0,0.8,26.1,0.93,999.8,-99.0,0.0,-9.9,-99,-999,新北市,06,三峽區,057
24.9408,121.3615,三峽,C0AC60,2017-06-14T03:00:00+08:00,55.0,223.0,0.7,26.0,0.92,999.8,-99.0,0.0,-9.9,-99,-999,新北市,06,三峽區,057
24.9408,121.3615,三峽,C0AC60,2017-06-14T04:00:00+08:00,55.0,0.0,0.0,26.1,0.92,999.7,-99.0,0.0,-9.9,-99,-999,新北市,06,三峽區,057
24.9408,121.3615,三峽,C0AC60,2017-06-14T05:00:00+08:00,55.0,137.0,1.7,25.8,0.95,999.8,-99.0,0.0,-9.9,-99,-999,新北市,06,三峽區,057
24.9408,121.3615,三峽,C0AC60,2017-06-14T06:00:00+08:00,55.0,126.0,0.3,25.7,0.96,1000.2,-99.0,0.5,-9.9,-99,-999,新北市,06,三峽區,057
24.9408,121.3615,三峽,C0AC60,2017-06-14T07:00:00+08:00,55.0,178.0,1.3,25.1,0.98,1001.4,-99.0,3.0,-9.9,-99,-999,新北市,06,三峽區,057
24.9408,121.3615,三峽,C0AC60,2017-06-14T10:00:00+08:00,55.0,249.0,3.7,25.1,0.91,1002.1,-99.0,18.5,-9.9,-99,-999,新北市,06,三峽區,057
24.9408,121.3615,三峽,C0AC60,2017-06-14T11:00:00+08:00,55.0,256.0,1.1,25.0,0.93,1001.0,-99.0,19.0,-9.9,-99,-999,新北市,06,三峽區,057
24.9408,121.3615,三峽,C0AC60,2017-06-14T12:00:00+08:00,55.0,239.0,1.0,25.3,0.90,1000.8,-99.0,21.5,-9.9,-99,-999,新北市,06,三峽區,057
24.9408,121.3615,三峽,C0AC60,2017-06-14T13:00:00+08:00,55.0,4.0,0.8,24.9,0.95,1001.5,-99.0,25.0,-9.9,-99,-999,新北市,06,三峽區,057
24.9408,121.3615,三峽,C0AC60,2017-06-14T15:00:00+08:00,55.0,234.0,3.8,24.6,0.96,1002.6,-99.0,58.5,-9.9,-99,-999,新北市,06,三峽區,057
24.9408,121.3615,三峽,C0AC60,2017-06-14T16:00:00+08:00,55.0,328.0,0.6,24.5,0.99,1002.7,-99.0,61.5,-9.9,-99,-999,新北市,06,三峽區,057
24.9408,121.3615,三峽,C0AC60,2017-06-14T17:00:00+08:00,55.0,238.0,0.7,24.5,0.96,1003.1,-99.0,62.0,-9.9,-99,-999,新北市,06,三峽區,057
24.9408,121.3615,三峽,C0AC60,2017-06-14T19:00:00+08:00,55.0,208.0,1.1,23.8,1.00,1004.1,-99.0,68.5,-9.9,-99,-999,新北市,06,三峽區,057
24.9408,121.3615,三峽,C0AC60,2017-06-14T20:00:00+08:00,55.0,0.0,0.0,24.1,1.00,1003.9,-99.0,68.5,-9.9,-99,-999,新北市,06,三峽區,057
24.9408,121.3615,三峽,C0AC60,2017-06-14T21:00:00+08:00,55.0,47.0,1.4,24.0,0.99,1003.9,-99.0,68.5,-9.9,-99,-999,新北市,06,三峽區,057
24.9408,121.3615,三峽,C0AC60,2017-06-14T22:00:00+08:00,55.0,99.0,1.4,23.8,0.96,1004.4,-99.0,68.5,-9.9,-99,-999,新北市,06,三峽區,057
24.9408,121.3615,三峽,C0AC60,2017-06-14T23:00:00+08:00,55.0,97.0,1.6,23.7,0.95,1004.2,-99.0,69.0,-9.9,-99,-999,新北市,06,三峽區,057
24.9408,121.3615,三峽,C0AC60,2017-06-15T00:00:00+08:00,55.0,90.0,2.1,23.4,0.96,1003.8,-99.0,70.0,-9.9,-99,-999,新北市,06,三峽區,057
24.9408,121.3615,三峽,C0AC60,2017-06-15T01:00:00+08:00,55.0,93.0,0.3,23.2,0.95,1003.4,-99.0,0.0,-9.9,-99,-999,新北市,06,三峽區,057
24.9408,121.3615,三峽,C0AC60,2017-06-15T02:00:00+08:00,55.0,50.0,0.7,23.2,0.96,1003.1,-99.0,0.0,-9.9,-99,-999,新北市,06,三峽區,057
24.9408,121.3615,三峽,C0AC60,2017-06-15T03:00:00+08:00,55.0,83.0,1.2,22.9,0.94,1002.8,-99.0,0.0,-9.9,-99,-999,新北市,06,三峽區,057
24.9408,121.3615,三峽,C0AC60,2017-06-15T04:00:00+08:00,55.0,67.0,1.1,23.1,0.93,1003.1,-99.0,0.0,-9.9,-99,-999,新北市,06,三峽區,057
24.9408,121.3615,三峽,C0AC60,2017-06-15T05:00:00+08:00,55.0,76.0,1.6,22.7,0.95,1003.1,-99.0,0.5,-9.9,-99,-999,新北市,06,三峽區,057
24.9408,121.3615,三峽,C0AC60,2017-06-15T06:00:00+08:00,55.0,48.0,0.6,22.8,0.95,1003.4,-99.0,0.5,-9.9,-99,-999,新北市,06,三峽區,057
24.9408,121.3615,三峽,C0AC60,2017-06-15T07:00:00+08:00,55.0,82.0,2.3,22.8,0.95,1003.4,-99.0,1.0,-9.9,-99,-999,新北市,06,三峽區,057
24.9408,121.3615,三峽,C0AC60,2017-06-15T08:00:00+08:00,55.0,81.0,2.7,22.4,0.98,1003.8,-99.0,2.5,-9.9,-99,-999,新北市,06,三峽區,057
24.9408,121.3615,三峽,C0AC60,2017-06-15T09:00:00+08:00,55.0,82.0,1.9,22.2,0.97,1004.0,-99.0,4.5,-9.9,-99,-999,新北市,06,三峽區,057
24.9408,121.3615,三峽,C0AC60,2017-06-15T10:00:00+08:00,55.0,70.0,1.8,22.3,0.98,1004.2,-99.0,10.0,-9.9,-99,-999,新北市,06,三峽區,057
24.9408,121.3615,三峽,C0AC60,2017-06-15T12:00:00+08:00,55.0,89.0,2.1,23.0,0.96,1003.5,-99.0,13.0,-9.9,-99,-999,新北市,06,三峽區,057
24.9408,121.3615,三峽,C0AC60,2017-06-15T13:00:00+08:00,55.0,37.0,0.7,23.0,0.97,1003.2,-99.0,13.5,-9.9,-99,-999,新北市,06,三峽區,057
24.9408,121.3615,三峽,C0AC60,2017-06-15T14:00:00+08:00,55.0,94.0,0.8,23.0,0.99,1002.8,-99.0,20.0,-9.9,-99,-999,新北市,06,三峽區,057
24.9408,121.3615,三峽,C0AC60,2017-06-15T15:00:00+08:00,55.0,86.0,1.8,22.8,0.99,1002.6,-99.0,24.5,-9.9,-99,-999,新北市,06,三峽區,057
24.9408,121.3615,三峽,C0AC60,2017-06-15T16:00:00+08:00,55.0,88.0,1.8,22.9,0.99,1002.0,-99.0,29.0,-9.9,-99,-999,新北市,06,三峽區,057
24.9408,121.3615,三峽,C0AC60,2017-06-15T17:00:00+08:00,55.0,87.0,2.2,23.0,0.98,1002.0,-99.0,30.5,-9.9,-99,-999,新北市,06,三峽區,057
24.9408,121.3615,三峽,C0AC60,2017-06-15T18:00:00+08:00,55.0,84.0,2.3,22.6,0.98,1002.2,-99.0,38.0,-9.9,-99,-999,新北市,06,三峽區,057
24.9408,121.3615,三峽,C0AC60,2017-06-15T19:00:00+08:00,55.0,83.0,1.0,22.6,0.99,1002.8,-99.0,39.0,-9.9,-99,-999,新北市,06,三峽區,057
24.9408,121.3615,三峽,C0AC60,2017-06-15T20:00:00+08:00,55.0,94.0,0.9,22.4,0.99,1003.3,-99.0,43.0,-9.9,-99,-999,新北市,06,三峽區,057
24.9408,121.3615,三峽,C0AC60,2017-06-15T21:00:00+08:00,55.0,72.0,1.5,22.4,0.99,1003.4,-99.0,45.5,-9.9,-99,-999,新北市,06,三峽區,057
24.9408,121.3615,三峽,C0AC60,2017-06-15T22:00:00+08:00,55.0,101.0,0.7,22.3,0.99,1003.7,-99.0,47.5,-9.9,-99,-999,新北市,06,三峽區,057
24.9408,121.3615,三峽,C0AC60,2017-06-15T23:00:00+08:00,55.0,96.0,0.8,22.3,1.00,1003.5,-99.0,50.0,-9.9,-99,-999,新北市,06,三峽區,057
24.9408,121.3615,三峽,C0AC60,2017-06-16T00:00:00+08:00,55.0,0.0,0.0,22.4,1.00,1002.6,-99.0,50.5,-9.9,-99,-999,新北市,06,三峽區,057
24.9408,121.3615,三峽,C0AC60,2017-06-16T01:00:00+08:00,55.0,0.0,0.0,22.3,1.00,1001.8,-99.0,4.5,-9.9,-99,-999,新北市,06,三峽區,057
24.9408,121.3615,三峽,C0AC60,2017-06-16T02:00:00+08:00,55.0,108.0,0.6,22.4,1.00,1001.2,-99.0,4.5,-9.9,-99,-999,新北市,06,三峽區,057
24.9408,121.3615,三峽,C0AC60,2017-06-16T03:00:00+08:00,55.0,98.0,0.4,22.4,1.00,1001.0,-99.0,5.5,-9.9,-99,-999,新北市,06,三峽區,057
24.9408,121.3615,三峽,C0AC60,2017-06-16T04:00:00+08:00,55.0,0.0,0.1,22.5,1.00,1000.7,-99.0,5.5,-9.9,-99,-999,新北市,06,三峽區,057
24.9408,121.3615,三峽,C0AC60,2017-06-16T05:00:00+08:00,55.0,88.0,0.4,22.5,1.00,1000.5,-99.0,5.5,-9.9,-99,-999,新北市,06,三峽區,057
24.9408,121.3615,三峽,C0AC60,2017-06-16T06:00:00+08:00,55.0,89.0,0.3,22.6,1.00,1000.7,-99.0,6.0,-9.9,-99,-999,新北市,06,三峽區,057
24.9408,121.3615,三峽,C0AC60,2017-06-16T07:00:00+08:00,55.0,0.0,0.0,22.8,1.00,1001.3,-99.0,6.0,-9.9,-99,-999,新北市,06,三峽區,057
24.9408,121.3615,三峽,C0AC60,2017-06-16T08:00:00+08:00,55.0,87.0,0.8,23.1,0.99,1001.4,-99.0,6.5,-9.9,-99,-999,新北市,06,三峽區,057
24.9408,121.3615,三峽,C0AC60,2017-06-16T10:00:00+08:00,55.0,0.0,0.0,25.2,0.94,1001.3,-99.0,6.5,-9.9,-99,-999,新北市,06,三峽區,057
24.9408,121.3615,三峽,C0AC60,2017-06-16T11:00:00+08:00,55.0,294.0,2.2,25.4,0.96,1001.2,-99.0,7.5,-9.9,-99,-999,新北市,06,三峽區,057
24.9408,121.3615,三峽,C0AC60,2017-06-16T12:00:00+08:00,55.0,248.0,1.1,25.3,0.97,1001.0,-99.0,8.5,-9.9,-99,-999,新北市,06,三峽區,057
24.9408,121.3615,三峽,C0AC60,2017-06-16T13:00:00+08:00,55.0,290.0,0.9,25.9,0.94,1000.2,-99.0,8.5,-9.9,-99,-999,新北市,06,三峽區,057
24.9408,121.3615,三峽,C0AC60,2017-06-16T14:00:00+08:00,55.0,321.0,0.3,26.2,0.92,999.8,-99.0,8.5,-9.9,-99,-999,新北市,06,三峽區,057
24.9408,121.3615,三峽,C0AC60,2017-06-16T15:00:00+08:00,55.0,0.0,0.1,25.3,0.98,999.8,-99.0,12.5,-9.9,-99,-999,新北市,06,三峽區,057
24.9408,121.3615,三峽,C0AC60,2017-06-16T16:00:00+08:00,55.0,0.0,0.0,24.6,0.99,999.0,-99.0,25.0,-9.9,-99,-999,新北市,06,三峽區,057
24.9408,121.3615,三峽,C0AC60,2017-06-16T17:00:00+08:00,55.0,0.0,0.2,24.8,0.99,999.0,-99.0,27.0,-9.9,-99,-999,新北市,06,三峽區,057
24.9408,121.3615,三峽,C0AC60,2017-06-16T18:00:00+08:00,55.0,0.0,0.2,24.6,0.99,999.2,-99.0,28.0,-9.9,-99,-999,新北市,06,三峽區,057
24.9408,121.3615,三峽,C0AC60,2017-06-16T19:00:00+08:00,55.0,253.0,1.3,24.8,0.95,999.1,-99.0,28.0,-9.9,-99,-999,新北市,06,三峽區,057
24.9408,121.3615,三峽,C0AC60,2017-06-16T20:00:00+08:00,55.0,187.0,0.3,25.1,0.91,999.3,-99.0,28.5,-9.9,-99,-999,新北市,06,三峽區,057
24.9408,121.3615,三峽,C0AC60,2017-06-16T21:00:00+08:00,55.0,89.0,0.8,24.0,0.99,999.4,-99.0,28.5,-9.9,-99,-999,新北市,06,三峽區,057
24.9408,121.3615,三峽,C0AC60,2017-06-16T22:00:00+08:00,55.0,89.0,1.0,23.9,0.99,999.7,-99.0,28.5,-9.9,-99,-999,新北市,06,三峽區,057
24.9408,121.3615,三峽,C0AC60,2017-06-16T23:00:00+08:00,55.0,0.0,0.2,23.9,0.99,999.2,-99.0,28.5,-9.9,-99,-999,新北市,06,三峽區,057
24.9408,121.3615,三峽,C0AC60,2017-06-17T00:00:00+08:00,55.0,0.0,0.1,23.9,0.99,999.0,-99.0,28.5,-9.9,-99,-999,新北市,06,三峽區,057
24.9408,121.3615,三峽,C0AC60,2017-06-17T01:00:00+08:00,55.0,0.0,0.0,23.8,0.99,998.4,-99.0,0.5,-9.9,-99,-999,新北市,06,三峽區,057
24.9408,121.3615,三峽,C0AC60,2017-06-17T02:00:00+08:00,55.0,0.0,0.0,23.7,0.99,998.2,-99.0,1.5,-9.9,-99,-999,新北市,06,三峽區,057
24.9408,121.3615,三峽,C0AC60,2017-06-17T03:00:00+08:00,55.0,0.0,0.1,23.6,0.99,997.7,-99.0,2.5,-9.9,-99,-999,新北市,06,三峽區,057
24.9408,121.3615,三峽,C0AC60,2017-06-17T04:00:00+08:00,55.0,190.0,0.6,23.5,0.99,998.0,-99.0,6.0,-9.9,-99,-999,新北市,06,三峽區,057
24.9408,121.3615,三峽,C0AC60,2017-06-17T05:00:00+08:00,55.0,0.0,0.0,23.6,0.99,997.6,-99.0,6.0,-9.9,-99,-999,新北市,06,三峽區,057
24.9408,121.3615,三峽,C0AC60,2017-06-17T06:00:00+08:00,55.0,0.0,0.0,23.6,0.99,997.5,-99.0,6.0,-9.9,-99,-999,新北市,06,三峽區,057
24.9408,121.3615,三峽,C0AC60,2017-06-17T07:00:00+08:00,55.0,245.0,0.3,24.0,0.99,997.9,-99.0,6.0,-9.9,-99,-999,新北市,06,三峽區,057
24.9408,121.3615,三峽,C0AC60,2017-06-17T08:00:00+08:00,55.0,248.0,0.9,24.4,0.99,998.4,-99.0,7.0,-9.9,-99,-999,新北市,06,三峽區,057
24.9408,121.3615,三峽,C0AC60,2017-06-17T09:00:00+08:00,55.0,260.0,1.4,24.2,0.99,999.3,-99.0,8.5,-9.9,-99,-999,新北市,06,三峽區,057
24.9408,121.3615,三峽,C0AC60,2017-06-17T10:00:00+08:00,55.0,239.0,0.5,24.5,0.98,999.5,-99.0,9.5,-9.9,-99,-999,新北市,06,三峽區,057
24.9408,121.3615,三峽,C0AC60,2017-06-17T11:00:00+08:00,55.0,239.0,1.4,25.0,0.94,999.4,-99.0,9.5,-9.9,-99,-999,新北市,06,三峽區,057
24.9408,121.3615,三峽,C0AC60,2017-06-17T12:00:00+08:00,55.0,214.0,0.4,24.8,0.97,999.4,-99.0,10.0,-9.9,-99,-999,新北市,06,三峽區,057
24.9408,121.3615,三峽,C0AC60,2017-06-17T13:00:00+08:00,55.0,93.0,0.5,25.1,0.97,999.1,-99.0,10.0,-9.9,-99,-999,新北市,06,三峽區,057
24.9408,121.3615,三峽,C0AC60,2017-06-17T14:00:00+08:00,55.0,90.0,0.6,23.4,0.99,999.4,-99.0,17.5,-9.9,-99,-999,新北市,06,三峽區,057
24.9408,121.3615,三峽,C0AC60,2017-06-17T15:00:00+08:00,55.0,98.0,1.6,23.0,0.99,999.6,-99.0,23.0,-9.9,-99,-999,新北市,06,三峽區,057
24.9408,121.3615,三峽,C0AC60,2017-06-17T16:00:00+08:00,55.0,101.0,0.6,22.7,0.99,999.6,-99.0,30.5,-9.9,-99,-999,新北市,06,三峽區,057
24.9408,121.3615,三峽,C0AC60,2017-06-17T17:00:00+08:00,55.0,97.0,0.9,22.7,0.99,1000.3,-99.0,37.0,-9.9,-99,-999,新北市,06,三峽區,057
24.9408,121.3615,三峽,C0AC60,2017-06-17T18:00:00+08:00,55.0,67.0,1.2,22.5,0.99,1000.6,-99.0,44.0,-9.9,-99,-999,新北市,06,三峽區,057
24.9408,121.3615,三峽,C0AC60,2017-06-17T19:00:00+08:00,55.0,89.0,1.5,22.2,0.99,1000.7,-99.0,47.5,-9.9,-99,-999,新北市,06,三峽區,057
24.9408,121.3615,三峽,C0AC60,2017-06-17T20:00:00+08:00,55.0,84.0,2.6,22.4,0.98,1001.1,-99.0,51.0,-9.9,-99,-999,新北市,06,三峽區,057
24.9408,121.3615,三峽,C0AC60,2017-06-17T21:00:00+08:00,55.0,81.0,1.6,22.6,0.98,1001.7,-99.0,53.5,-9.9,-99,-999,新北市,06,三峽區,057
24.9408,121.3615,三峽,C0AC60,2017-06-17T22:00:00+08:00,55.0,91.0,1.7,22.4,0.99,1002.5,-99.0,67.5,-9.9,-99,-999,新北市,06,三峽區,057
24.9408,121.3615,三峽,C0AC60,2017-06-17T23:00:00+08:00,55.0,98.0,0.3,22.5,0.99,1002.0,-99.0,67.5,-9.9,-99,-999,新北市,06,三峽區,057
24.9408,121.3615,三峽,C0AC60,2017-06-18T00:00:00+08:00,55.0,105.0,0.8,22.5,0.99,1001.3,-99.0,68.0,-9.9,-99,-999,新北市,06,三峽區,057
24.9408,121.3615,三峽,C0AC60,2017-06-18T01:00:00+08:00,55.0,106.0,0.6,22.6,1.00,1000.6,-99.0,0.0,-9.9,-99,-999,新北市,06,三峽區,057
24.9408,121.3615,三峽,C0AC60,2017-06-18T02:00:00+08:00,55.0,98.0,0.6,22.9,0.97,1000.3,-99.0,0.0,-9.9,-99,-999,新北市,06,三峽區,057
24.9408,121.3615,三峽,C0AC60,2017-06-18T03:00:00+08:00,55.0,102.0,0.3,22.6,0.99,1000.0,-99.0,0.0,-9.9,-99,-999,新北市,06,三峽區,057
24.9408,121.3615,三峽,C0AC60,2017-06-18T04:00:00+08:00,55.0,81.0,0.4,22.6,0.98,1000.1,-99.0,0.0,-9.9,-99,-999,新北市,06,三峽區,057
24.9408,121.3615,三峽,C0AC60,2017-06-18T05:00:00+08:00,55.0,94.0,0.4,22.6,0.99,1000.3,-99.0,1.0,-9.9,-99,-999,新北市,06,三峽區,057
24.9408,121.3615,三峽,C0AC60,2017-06-18T06:00:00+08:00,55.0,163.0,0.4,22.6,1.00,1001.2,-99.0,3.0,-9.9,-99,-999,新北市,06,三峽區,057
24.9408,121.3615,三峽,C0AC60,2017-06-18T07:00:00+08:00,55.0,0.0,0.0,22.7,1.00,1001.8,-99.0,5.0,-9.9,-99,-999,新北市,06,三峽區,057
24.9408,121.3615,三峽,C0AC60,2017-06-18T08:00:00+08:00,55.0,102.0,0.4,22.9,1.00,1001.6,-99.0,7.5,-9.9,-99,-999,新北市,06,三峽區,057
24.9408,121.3615,三峽,C0AC60,2017-06-18T09:00:00+08:00,55.0,106.0,0.7,23.4,1.00,1001.1,-99.0,7.5,-9.9,-99,-999,新北市,06,三峽區,057
24.9408,121.3615,三峽,C0AC60,2017-06-18T10:00:00+08:00,55.0,80.0,1.1,24.9,0.94,1001.4,-99.0,7.5,-9.9,-99,-999,新北市,06,三峽區,057
24.9408,121.3615,三峽,C0AC60,2017-06-18T11:00:00+08:00,55.0,79.0,1.4,26.1,0.90,1000.9,-99.0,7.5,-9.9,-99,-999,新北市,06,三峽區,057
24.9408,121.3615,三峽,C0AC60,2017-06-18T12:00:00+08:00,55.0,92.0,0.6,25.8,0.94,1000.7,-99.0,8.0,-9.9,-99,-999,新北市,06,三峽區,057
24.9408,121.3615,三峽,C0AC60,2017-06-18T13:00:00+08:00,55.0,61.0,0.7,26.5,0.94,999.8,-99.0,8.0,-9.9,-99,-999,新北市,06,三峽區,057
24.9408,121.3615,三峽,C0AC60,2017-06-18T14:00:00+08:00,55.0,0.0,0.0,26.5,0.94,1000.0,-99.0,8.0,-9.9,-99,-999,新北市,06,三峽區,057
24.9408,121.3615,三峽,C0AC60,2017-06-18T15:00:00+08:00,55.0,0.0,0.0,26.2,0.96,999.6,-99.0,8.5,-9.9,-99,-999,新北市,06,三峽區,057
24.9408,121.3615,三峽,C0AC60,2017-06-18T16:00:00+08:00,55.0,328.0,0.3,25.5,0.98,1000.0,-99.0,10.0,-9.9,-99,-999,新北市,06,三峽區,057
24.9408,121.3615,三峽,C0AC60,2017-06-19T01:00:00+08:00,55.0,93.0,0.4,23.4,0.99,1001.4,-99.0,0.0,-9.9,-99,-999,新北市,06,三峽區,057
24.9408,121.3615,三峽,C0AC60,2017-06-19T02:00:00+08:00,55.0,0.0,0.0,23.5,0.99,1001.2,-99.0,0.0,-9.9,-99,-999,新北市,06,三峽區,057
24.9408,121.3615,三峽,C0AC60,2017-06-19T03:00:00+08:00,55.0,0.0,0.1,23.4,0.99,1000.7,-99.0,0.0,-9.9,-99,-999,新北市,06,三峽區,057
24.9408,121.3615,三峽,C0AC60,2017-06-19T04:00:00+08:00,55.0,150.0,0.6,23.3,0.98,1000.5,-99.0,0.0,-9.9,-99,-999,新北市,06,三峽區,057
24.9408,121.3615,三峽,C0AC60,2017-06-19T05:00:00+08:00,55.0,0.0,0.1,23.2,0.99,1001.3,-99.0,0.0,-9.9,-99,-999,新北市,06,三峽區,057
24.9408,121.3615,三峽,C0AC60,2017-06-19T06:00:00+08:00,55.0,0.0,0.0,23.4,0.99,1001.3,-99.0,0.5,-9.9,-99,-999,新北市,06,三峽區,057
24.9408,121.3615,三峽,C0AC60,2017-06-19T07:00:00+08:00,55.0,88.0,0.5,23.8,0.98,1000.6,-99.0,1.0,-9.9,-99,-999,新北市,06,三峽區,057
24.9408,121.3615,三峽,C0AC60,2017-06-19T08:00:00+08:00,55.0,153.0,0.6,24.3,0.99,1000.5,-99.0,1.5,-9.9,-99,-999,新北市,06,三峽區,057
24.9408,121.3615,三峽,C0AC60,2017-06-19T10:00:00+08:00,55.0,0.0,0.1,26.8,0.86,1001.3,-99.0,1.5,-9.9,-99,-999,新北市,06,三峽區,057
24.9408,121.3615,三峽,C0AC60,2017-06-19T11:00:00+08:00,55.0,282.0,1.0,27.1,0.86,1001.6,-99.0,1.5,-9.9,-99,-999,新北市,06,三峽區,057
24.9408,121.3615,三峽,C0AC60,2017-06-19T12:00:00+08:00,55.0,317.0,1.0,26.2,0.88,1000.3,-99.0,1.5,-9.9,-99,-999,新北市,06,三峽區,057
24.9408,121.3615,三峽,C0AC60,2017-06-19T13:00:00+08:00,55.0,198.0,0.6,27.2,0.85,1000.0,-99.0,1.5,-9.9,-99,-999,新北市,06,三峽區,057
24.9408,121.3615,三峽,C0AC60,2017-06-19T14:00:00+08:00,55.0,207.0,1.6,29.3,0.73,999.3,-99.0,1.5,-9.9,-99,-999,新北市,06,三峽區,057
24.9408,121.3615,三峽,C0AC60,2017-06-19T15:00:00+08:00,55.0,198.0,0.6,29.7,0.73,998.7,-99.0,1.5,-9.9,-99,-999,新北市,06,三峽區,057
24.9408,121.3615,三峽,C0AC60,2017-06-19T16:00:00+08:00,55.0,200.0,0.8,29.0,0.76,998.4,-99.0,1.5,-9.9,-99,-999,新北市,06,三峽區,057
24.9408,121.3615,三峽,C0AC60,2017-06-19T17:00:00+08:00,55.0,243.0,1.1,28.6,0.76,999.3,-99.0,1.5,-9.9,-99,-999,新北市,06,三峽區,057
24.9408,121.3615,三峽,C0AC60,2017-06-19T18:00:00+08:00,55.0,154.0,0.8,27.2,0.90,999.5,-99.0,1.5,-9.9,-99,-999,新北市,06,三峽區,057
24.9408,121.3615,三峽,C0AC60,2017-06-19T19:00:00+08:00,55.0,201.0,1.3,26.2,0.95,999.9,-99.0,1.5,-9.9,-99,-999,新北市,06,三峽區,057
24.9408,121.3615,三峽,C0AC60,2017-06-19T20:00:00+08:00,55.0,177.0,0.3,26.0,0.93,1000.2,-99.0,1.5,-9.9,-99,-999,新北市,06,三峽區,057
24.9408,121.3615,三峽,C0AC60,2017-06-19T21:00:00+08:00,55.0,0.0,0.2,25.7,0.91,999.9,-99.0,1.5,-9.9,-99,-999,新北市,06,三峽區,057
24.9408,121.3615,三峽,C0AC60,2017-06-19T22:00:00+08:00,55.0,183.0,2.0,25.6,0.90,1001.2,-99.0,1.5,-9.9,-99,-999,新北市,06,三峽區,057
24.9408,121.3615,三峽,C0AC60,2017-06-19T23:00:00+08:00,55.0,95.0,0.3,25.3,0.91,1000.8,-99.0,1.5,-9.9,-99,-999,新北市,06,三峽區,057
24.9408,121.3615,三峽,C0AC60,2017-06-20T00:00:00+08:00,55.0,210.0,1.4,24.7,0.87,1000.3,-99.0,1.5,-9.9,-99,-999,新北市,06,三峽區,057
24.9408,121.3615,三峽,C0AC60,2017-06-20T01:00:00+08:00,55.0,177.0,1.1,24.6,0.87,999.5,-99.0,0.0,-9.9,-99,-999,新北市,06,三峽區,057
24.9408,121.3615,三峽,C0AC60,2017-06-20T02:00:00+08:00,55.0,215.0,1.2,24.7,0.83,998.9,-99.0,0.0,-9.9,-99,-999,新北市,06,三峽區,057
24.9408,121.3615,三峽,C0AC60,2017-06-20T03:00:00+08:00,55.0,168.0,1.0,24.3,0.88,998.6,-99.0,0.0,-9.9,-99,-999,新北市,06,三峽區,057
24.9408,121.3615,三峽,C0AC60,2017-06-20T04:00:00+08:00,55.0,0.0,0.1,24.0,0.94,997.8,-99.0,0.0,-9.9,-99,-999,新北市,06,三峽區,057
24.9408,121.3615,三峽,C0AC60,2017-06-20T05:00:00+08:00,55.0,317.0,0.3,24.2,0.91,998.4,-99.0,0.0,-9.9,-99,-999,新北市,06,三峽區,057
24.9408,121.3615,三峽,C0AC60,2017-06-20T06:00:00+08:00,55.0,199.0,1.7,23.8,0.89,999.1,-99.0,0.0,-9.9,-99,-999,新北市,06,三峽區,057
24.9408,121.3615,三峽,C0AC60,2017-06-20T07:00:00+08:00,55.0,0.0,0.0,24.7,0.87,999.5,-99.0,0.0,-9.9,-99,-999,新北市,06,三峽區,057
24.9408,121.3615,三峽,C0AC60,2017-06-20T08:00:00+08:00,55.0,170.0,1.3,26.4,0.79,999.9,-99.0,0.0,-9.9,-99,-999,新北市,06,三峽區,057
24.9408,121.3615,三峽,C0AC60,2017-06-20T09:00:00+08:00,55.0,188.0,0.8,27.8,0.74,999.8,-99.0,0.0,-9.9,-99,-999,新北市,06,三峽區,057
24.9408,121.3615,三峽,C0AC60,2017-06-20T10:00:00+08:00,55.0,0.0,0.2,29.9,0.70,999.2,-99.0,0.0,-9.9,-99,-999,新北市,06,三峽區,057
24.9408,121.3615,三峽,C0AC60,2017-06-20T11:00:00+08:00,55.0,217.0,2.1,31.5,0.62,998.8,-99.0,0.0,-9.9,-99,-999,新北市,06,三峽區,057
24.9408,121.3615,三峽,C0AC60,2017-06-20T12:00:00+08:00,55.0,225.0,1.3,30.6,0.63,998.5,-99.0,0.0,-9.9,-99,-999,新北市,06,三峽區,057
24.9408,121.3615,三峽,C0AC60,2017-06-20T13:00:00+08:00,55.0,237.0,1.8,33.1,0.53,997.9,-99.0,0.0,-9.9,-99,-999,新北市,06,三峽區,057
24.9408,121.3615,三峽,C0AC60,2017-06-20T14:00:00+08:00,55.0,230.0,1.0,34.0,0.49,997.6,-99.0,0.0,-9.9,-99,-999,新北市,06,三峽區,057
24.940806,121.361500,三峽,C0AC60,2017-06-20T15:00:00+08:00,55.0,233,1.3,32.3,0.52,997.3,-99,0.0,-99,-99,-99,新北市,06,三峽區,057
24.940806,121.361500,三峽,C0AC60,2017-06-20T16:00:00+08:00,55.0,244,2.4,31.9,0.53,997.3,-99,0.0,-99,-99,-99,新北市,06,三峽區,057
24.940806,121.361500,三峽,C0AC60,2017-06-20T17:00:00+08:00,55.0,234,2.8,31.4,0.53,997.5,-99,0.0,-99,-99,-99,新北市,06,三峽區,057
24.940806,121.361500,三峽,C0AC60,2017-06-20T18:00:00+08:00,55.0,241,1.9,30.3,0.63,998.0,-99,0.0,-99,-99,-99,新北市,06,三峽區,057
24.940806,121.361500,三峽,C0AC60,2017-06-20T19:00:00+08:00,55.0,260,0.3,29.7,0.68,997.8,-99,0.0,-99,-99,-99,新北市,06,三峽區,057
24.940806,121.361500,三峽,C0AC60,2017-06-20T20:00:00+08:00,55.0,196,1.7,27.8,0.81,998.8,-99,0.0,-99,-99,-99,新北市,06,三峽區,057
24.940806,121.361500,三峽,C0AC60,2017-06-20T21:00:00+08:00,55.0,176,1.1,27.0,0.85,999.6,-99,0.0,-99,-99,-99,新北市,06,三峽區,057
24.940806,121.361500,三峽,C0AC60,2017-06-20T22:00:00+08:00,55.0,203,0.7,26.8,0.85,1000.3,-99,0.0,-99,-99,-99,新北市,06,三峽區,057
24.940806,121.361500,三峽,C0AC60,2017-06-20T23:00:00+08:00,55.0,211,1.1,26.6,0.85,999.9,-99,0.0,-99,-99,-99,新北市,06,三峽區,057
24.940806,121.361500,三峽,C0AC60,2017-06-21T00:00:00+08:00,55.0,157,0.5,26.3,0.86,999.8,-99,0.0,-99,-99,-99,新北市,06,三峽區,057
24.940806,121.361500,三峽,C0AC60,2017-06-21T01:00:00+08:00,55.0,0,0.2,25.8,0.89,999.8,-99,0.0,-99,-99,-99,新北市,06,三峽區,057
24.940806,121.361500,三峽,C0AC60,2017-06-21T02:00:00+08:00,55.0,159,1.6,25.6,0.9,999.5,-99,0.0,-99,-99,-99,新北市,06,三峽區,057
24.940806,121.361500,三峽,C0AC60,2017-06-21T03:00:00+08:00,55.0,160,0.5,25.6,0.88,999.2,-99,0.0,-99,-99,-99,新北市,06,三峽區,057
24.940806,121.361500,三峽,C0AC60,2017-06-21T04:00:00+08:00,55.0,167,1.5,25.2,0.91,999.5,-99,0.0,-99,-99,-99,新北市,06,三峽區,057
24.940806,121.361500,三峽,C0AC60,2017-06-21T05:00:00+08:00,55.0,0,0.0,25.4,0.9,999.5,-99,0.0,-99,-99,-99,新北市,06,三峽區,057
24.940806,121.361500,三峽,C0AC60,2017-06-21T06:00:00+08:00,55.0,160,1.0,25.6,0.88,999.8,-99,0.0,-99,-99,-99,新北市,06,三峽區,057
24.940806,121.361500,三峽,C0AC60,2017-06-21T07:00:00+08:00,55.0,157,1.3,26.2,0.85,1000.3,-99,0.0,-99,-99,-99,新北市,06,三峽區,057
24.940806,121.361500,三峽,C0AC60,2017-06-21T08:00:00+08:00,55.0,0,0.0,27.4,0.8,1001.1,-99,0.0,-99,-99,-99,新北市,06,三峽區,057
24.940806,121.361500,三峽,C0AC60,2017-06-21T09:00:00+08:00,55.0,0,0.1,28.6,0.77,1001.6,-99,0.0,-99,-99,-99,新北市,06,三峽區,057
24.940806,121.361500,三峽,C0AC60,2017-06-21T10:00:00+08:00,55.0,0,0.1,30.1,0.73,1001.5,-99,0.0,-99,-99,-99,新北市,06,三峽區,057
24.940806,121.361500,三峽,C0AC60,2017-06-21T11:00:00+08:00,55.0,173,0.9,30.9,0.64,1000.7,-99,0.0,-99,-99,-99,新北市,06,三峽區,057
24.940806,121.361500,三峽,C0AC60,2017-06-21T12:00:00+08:00,55.0,212,1.2,31.6,0.6,1000.4,-99,0.0,-99,-99,-99,新北市,06,三峽區,057
24.940806,121.361500,三峽,C0AC60,2017-06-21T13:00:00+08:00,55.0,223,1.9,32.8,0.56,999.6,-99,0.0,-99,-99,-99,新北市,06,三峽區,057
24.940806,121.361500,三峽,C0AC60,2017-06-21T14:00:00+08:00,55.0,248,1.7,33.0,0.61,999.3,-99,0.0,-99,-99,-99,新北市,06,三峽區,057
24.940806,121.361500,三峽,C0AC60,2017-06-21T15:00:00+08:00,55.0,316,2.4,32.7,0.67,999.0,-99,0.0,-99,-99,-99,新北市,06,三峽區,057
24.940806,121.361500,三峽,C0AC60,2017-06-21T16:00:00+08:00,55.0,248,1.8,31.7,0.71,999.1,-99,0.0,-99,-99,-99,新北市,06,三峽區,057
24.940806,121.361500,三峽,C0AC60,2017-06-21T17:00:00+08:00,55.0,310,2.1,31.2,0.73,999.3,-99,0.0,-99,-99,-99,新北市,06,三峽區,057
24.940806,121.361500,三峽,C0AC60,2017-06-21T19:00:00+08:00,55.0,234,1.5,29.9,0.76,1000.5,-99,0.0,-99,-99,-99,新北市,06,三峽區,057
24.940806,121.361500,三峽,C0AC60,2017-06-21T20:00:00+08:00,55.0,0,0.0,29.7,0.79,1001.7,-99,0.0,-99,-99,-99,新北市,06,三峽區,057
24.940806,121.361500,三峽,C0AC60,2017-06-21T21:00:00+08:00,55.0,86,1.8,28.3,0.9,1002.4,-99,0.0,-99,-99,-99,新北市,06,三峽區,057
24.940806,121.361500,三峽,C0AC60,2017-06-21T22:00:00+08:00,55.0,0,0.2,28.1,0.91,1003.2,-99,0.0,-99,-99,-99,新北市,06,三峽區,057
24.940806,121.361500,三峽,C0AC60,2017-06-21T23:00:00+08:00,55.0,173,1.0,27.5,0.93,1003.2,-99,0.0,-99,-99,-99,新北市,06,三峽區,057
24.940806,121.361500,三峽,C0AC60,2017-06-22T00:00:00+08:00,55.0,0,0.0,26.9,0.94,1002.6,-99,0.0,-99,-99,-99,新北市,06,三峽區,057
24.940806,121.361500,三峽,C0AC60,2017-06-22T01:00:00+08:00,55.0,0,0.0,26.5,0.93,1001.9,-99,0.0,-99,-99,-99,新北市,06,三峽區,057
24.940806,121.361500,三峽,C0AC60,2017-06-22T02:00:00+08:00,55.0,0,0.2,26.1,0.93,1002.1,-99,0.0,-99,-99,-99,新北市,06,三峽區,057
24.940806,121.361500,三峽,C0AC60,2017-06-22T03:00:00+08:00,55.0,0,0.2,25.6,0.92,1001.8,-99,0.0,-99,-99,-99,新北市,06,三峽區,057
24.940806,121.361500,三峽,C0AC60,2017-06-22T04:00:00+08:00,55.0,181,0.6,25.4,0.93,1001.6,-99,0.0,-99,-99,-99,新北市,06,三峽區,057
24.940806,121.361500,三峽,C0AC60,2017-06-22T05:00:00+08:00,55.0,206,0.6,25.0,0.94,1001.5,-99,0.0,-99,-99,-99,新北市,06,三峽區,057
24.940806,121.361500,三峽,C0AC60,2017-06-22T06:00:00+08:00,55.0,159,1.5,25.6,0.91,1002.3,-99,0.0,-99,-99,-99,新北市,06,三峽區,057
24.940806,121.361500,三峽,C0AC60,2017-06-22T07:00:00+08:00,55.0,0,0.0,26.7,0.86,1002.4,-99,0.0,-99,-99,-99,新北市,06,三峽區,057
24.940806,121.361500,三峽,C0AC60,2017-06-22T08:00:00+08:00,55.0,82,0.3,29.1,0.77,1002.8,-99,0.0,-99,-99,-99,新北市,06,三峽區,057
24.940806,121.361500,三峽,C0AC60,2017-06-22T09:00:00+08:00,55.0,0,0.0,30.2,0.72,1003.3,-99,0.0,-99,-99,-99,新北市,06,三峽區,057
24.940806,121.361500,三峽,C0AC60,2017-06-22T10:00:00+08:00,55.0,214,0.4,31.8,0.64,1003.3,-99,0.0,-99,-99,-99,新北市,06,三峽區,057
24.940806,121.361500,三峽,C0AC60,2017-06-22T11:00:00+08:00,55.0,265,1.2,33.1,0.59,1002.9,-99,0.0,-99,-99,-99,新北市,06,三峽區,057
24.940806,121.361500,三峽,C0AC60,2017-06-22T12:00:00+08:00,55.0,252,1.3,33.4,0.58,1002.3,-99,0.0,-99,-99,-99,新北市,06,三峽區,057
24.940806,121.361500,三峽,C0AC60,2017-06-22T13:00:00+08:00,55.0,299,1.9,33.3,0.63,1001.9,-99,0.0,-99,-99,-99,新北市,06,三峽區,057
24.940806,121.361500,三峽,C0AC60,2017-06-22T14:00:00+08:00,55.0,277,2.2,33.8,0.62,1001.8,-99,0.0,-99,-99,-99,新北市,06,三峽區,057
24.940806,121.361500,三峽,C0AC60,2017-06-22T15:00:00+08:00,55.0,293,1.4,33.9,0.64,1001.6,-99,0.0,-99,-99,-99,新北市,06,三峽區,057
24.940806,121.361500,三峽,C0AC60,2017-06-22T16:00:00+08:00,55.0,249,2.3,33.2,0.66,1001.4,-99,0.0,-99,-99,-99,新北市,06,三峽區,057
24.940806,121.361500,三峽,C0AC60,2017-06-22T17:00:00+08:00,55.0,320,1.0,32.2,0.66,1001.8,-99,0.0,-99,-99,-99,新北市,06,三峽區,057
24.940806,121.361500,三峽,C0AC60,2017-06-22T18:00:00+08:00,55.0,86,1.1,31.3,0.69,1002.5,-99,0.0,-99,-99,-99,新北市,06,三峽區,057
24.940806,121.361500,三峽,C0AC60,2017-06-22T19:00:00+08:00,55.0,247,1.0,30.5,0.69,1003.1,-99,0.0,-99,-99,-99,新北市,06,三峽區,057
24.940806,121.361500,三峽,C0AC60,2017-06-22T20:00:00+08:00,55.0,302,0.3,30.4,0.73,1003.6,-99,0.0,-99,-99,-99,新北市,06,三峽區,057
24.940806,121.361500,三峽,C0AC60,2017-06-22T21:00:00+08:00,55.0,207,1.1,29.2,0.81,1003.9,-99,0.0,-99,-99,-99,新北市,06,三峽區,057
24.940806,121.361500,三峽,C0AC60,2017-06-22T22:00:00+08:00,55.0,0,0.1,28.4,0.85,1004.0,-99,0.0,-99,-99,-99,新北市,06,三峽區,057
24.940806,121.361500,三峽,C0AC60,2017-06-22T23:00:00+08:00,55.0,190,1.0,27.7,0.89,1004.2,-99,0.0,-99,-99,-99,新北市,06,三峽區,057
24.940806,121.361500,三峽,C0AC60,2017-06-23T00:00:00+08:00,55.0,0,0.2,27.4,0.89,1003.6,-99,0.0,-99,-99,-99,新北市,06,三峽區,057
24.940806,121.361500,三峽,C0AC60,2017-06-23T01:00:00+08:00,55.0,0,0.2,27.1,0.88,1003.2,-99,0.0,-99,-99,-99,新北市,06,三峽區,057
24.940806,121.361500,三峽,C0AC60,2017-06-23T02:00:00+08:00,55.0,158,1.8,26.7,0.9,1002.8,-99,0.0,-99,-99,-99,新北市,06,三峽區,057
24.940806,121.361500,三峽,C0AC60,2017-06-23T03:00:00+08:00,55.0,208,1.4,26.3,0.9,1002.5,-99,0.0,-99,-99,-99,新北市,06,三峽區,057
24.940806,121.361500,三峽,C0AC60,2017-06-23T04:00:00+08:00,55.0,207,1.4,25.9,0.91,1002.5,-99,0.0,-99,-99,-99,新北市,06,三峽區,057
24.940806,121.361500,三峽,C0AC60,2017-06-23T05:00:00+08:00,55.0,182,0.4,25.6,0.94,1002.8,-99,0.0,-99,-99,-99,新北市,06,三峽區,057
24.940806,121.361500,三峽,C0AC60,2017-06-23T06:00:00+08:00,55.0,218,0.3,25.7,0.91,1003.0,-99,0.0,-99,-99,-99,新北市,06,三峽區,057
24.940806,121.361500,三峽,C0AC60,2017-06-23T07:00:00+08:00,55.0,188,0.8,27.4,0.83,1003.1,-99,0.0,-99,-99,-99,新北市,06,三峽區,057
24.940806,121.361500,三峽,C0AC60,2017-06-23T08:00:00+08:00,55.0,316,1.5,29.2,0.77,1003.0,-99,0.0,-99,-99,-99,新北市,06,三峽區,057
24.940806,121.361500,三峽,C0AC60,2017-06-23T09:00:00+08:00,55.0,308,1.0,30.2,0.74,1002.6,-99,0.0,-99,-99,-99,新北市,06,三峽區,057
24.940806,121.361500,三峽,C0AC60,2017-06-23T10:00:00+08:00,55.0,258,1.3,31.6,0.67,1002.6,-99,0.0,-99,-99,-99,新北市,06,三峽區,057
24.940806,121.361500,三峽,C0AC60,2017-06-23T11:00:00+08:00,55.0,268,1.9,32.7,0.63,1002.4,-99,0.0,-99,-99,-99,新北市,06,三峽區,057
24.940806,121.361500,三峽,C0AC60,2017-06-23T12:00:00+08:00,55.0,298,1.8,33.2,0.62,1002.0,-99,0.0,-99,-99,-99,新北市,06,三峽區,057
24.940806,121.361500,三峽,C0AC60,2017-06-23T13:00:00+08:00,55.0,291,1.3,33.3,0.66,1001.2,-99,0.0,-99,-99,-99,新北市,06,三峽區,057
24.940806,121.361500,三峽,C0AC60,2017-06-23T14:00:00+08:00,55.0,292,2.1,32.4,0.67,1000.9,-99,0.0,-99,-99,-99,新北市,06,三峽區,057
24.940806,121.361500,三峽,C0AC60,2017-06-23T15:00:00+08:00,55.0,259,2.0,32.4,0.63,1001.0,-99,0.0,-99,-99,-99,新北市,06,三峽區,057
24.940806,121.361500,三峽,C0AC60,2017-06-23T16:00:00+08:00,55.0,239,2.6,30.6,0.74,1000.4,-99,0.0,-99,-99,-99,新北市,06,三峽區,057
24.940806,121.361500,三峽,C0AC60,2017-06-23T17:00:00+08:00,55.0,234,1.8,30.1,0.74,1000.5,-99,0.0,-99,-99,-99,新北市,06,三峽區,057
24.940806,121.361500,三峽,C0AC60,2017-06-23T18:00:00+08:00,55.0,227,1.7,29.9,0.74,1001.1,-99,0.0,-99,-99,-99,新北市,06,三峽區,057
24.940806,121.361500,三峽,C0AC60,2017-06-23T19:00:00+08:00,55.0,233,0.4,29.8,0.76,1001.4,-99,0.0,-99,-99,-99,新北市,06,三峽區,057
24.940806,121.361500,三峽,C0AC60,2017-06-23T20:00:00+08:00,55.0,242,1.0,29.2,0.78,1001.8,-99,0.0,-99,-99,-99,新北市,06,三峽區,057
24.940806,121.361500,三峽,C0AC60,2017-06-23T21:00:00+08:00,55.0,82,0.7,28.6,0.84,1002.0,-99,0.0,-99,-99,-99,新北市,06,三峽區,057
24.940806,121.361500,三峽,C0AC60,2017-06-23T22:00:00+08:00,55.0,176,1.2,27.9,0.87,1001.8,-99,0.0,-99,-99,-99,新北市,06,三峽區,057
24.940806,121.361500,三峽,C0AC60,2017-06-23T23:00:00+08:00,55.0,174,0.9,27.8,0.84,1001.6,-99,0.0,-99,-99,-99,新北市,06,三峽區,057
24.940806,121.361500,三峽,C0AC60,2017-06-24T00:00:00+08:00,55.0,202,1.4,27.0,0.85,1001.3,-99,0.0,-99,-99,-99,新北市,06,三峽區,057
24.940806,121.361500,三峽,C0AC60,2017-06-24T01:00:00+08:00,55.0,205,0.4,26.6,0.87,1000.9,-99,0.0,-99,-99,-99,新北市,06,三峽區,057
24.940806,121.361500,三峽,C0AC60,2017-06-24T02:00:00+08:00,55.0,196,0.5,26.5,0.86,1000.3,-99,0.0,-99,-99,-99,新北市,06,三峽區,057
24.940806,121.361500,三峽,C0AC60,2017-06-24T03:00:00+08:00,55.0,180,0.7,26.2,0.88,999.8,-99,0.0,-99,-99,-99,新北市,06,三峽區,057
24.940806,121.361500,三峽,C0AC60,2017-06-24T04:00:00+08:00,55.0,147,1.0,25.9,0.88,999.3,-99,0.0,-99,-99,-99,新北市,06,三峽區,057
24.940806,121.361500,三峽,C0AC60,2017-06-24T05:00:00+08:00,55.0,0,0.0,25.7,0.88,999.6,-99,0.0,-99,-99,-99,新北市,06,三峽區,057
24.940806,121.361500,三峽,C0AC60,2017-06-24T06:00:00+08:00,55.0,180,0.8,25.4,0.89,999.9,-99,0.0,-99,-99,-99,新北市,06,三峽區,057
24.940806,121.361500,三峽,C0AC60,2017-06-24T07:00:00+08:00,55.0,181,1.0,27.1,0.83,1000.3,-99,0.0,-99,-99,-99,新北市,06,三峽區,057
24.940806,121.361500,三峽,C0AC60,2017-06-24T08:00:00+08:00,55.0,267,0.5,29.4,0.74,1000.8,-99,0.0,-99,-99,-99,新北市,06,三峽區,057
24.940806,121.361500,三峽,C0AC60,2017-06-24T09:00:00+08:00,55.0,273,2.2,30.7,0.65,1000.9,-99,0.0,-99,-99,-99,新北市,06,三峽區,057
24.940806,121.361500,三峽,C0AC60,2017-06-24T10:00:00+08:00,55.0,249,2.3,32.0,0.62,1000.4,-99,0.0,-99,-99,-99,新北市,06,三峽區,057
24.940806,121.361500,三峽,C0AC60,2017-06-24T11:00:00+08:00,55.0,273,1.4,33.1,0.58,1000.1,-99,0.0,-99,-99,-99,新北市,06,三峽區,057
24.940806,121.361500,三峽,C0AC60,2017-06-24T12:00:00+08:00,55.0,311,1.9,33.6,0.6,999.5,-99,0.0,-99,-99,-99,新北市,06,三峽區,057
24.940806,121.361500,三峽,C0AC60,2017-06-24T13:00:00+08:00,55.0,287,2.4,32.9,0.67,999.1,-99,0.0,-99,-99,-99,新北市,06,三峽區,057
24.940806,121.361500,三峽,C0AC60,2017-06-24T14:00:00+08:00,55.0,245,2.1,32.6,0.68,998.7,-99,0.0,-99,-99,-99,新北市,06,三峽區,057
24.940806,121.361500,三峽,C0AC60,2017-06-24T15:00:00+08:00,55.0,261,2.4,32.5,0.69,998.7,-99,0.0,-99,-99,-99,新北市,06,三峽區,057
24.940806,121.361500,三峽,C0AC60,2017-06-24T16:00:00+08:00,55.0,256,2.2,31.7,0.73,998.2,-99,0.0,-99,-99,-99,新北市,06,三峽區,057
24.940806,121.361500,三峽,C0AC60,2017-06-24T17:00:00+08:00,55.0,256,1.9,31.2,0.72,998.5,-99,0.0,-99,-99,-99,新北市,06,三峽區,057
24.940806,121.361500,三峽,C0AC60,2017-06-24T18:00:00+08:00,55.0,235,1.9,30.6,0.71,999.4,-99,0.0,-99,-99,-99,新北市,06,三峽區,057
24.940806,121.361500,三峽,C0AC60,2017-06-24T19:00:00+08:00,55.0,239,1.4,30.0,0.74,999.3,-99,0.0,-99,-99,-99,新北市,06,三峽區,057
24.940806,121.361500,三峽,C0AC60,2017-06-24T20:00:00+08:00,55.0,234,1.6,30.2,0.71,1000.0,-99,0.0,-99,-99,-99,新北市,06,三峽區,057
24.940806,121.361500,三峽,C0AC60,2017-06-24T21:00:00+08:00,55.0,198,0.4,28.8,0.81,1000.5,-99,0.0,-99,-99,-99,新北市,06,三峽區,057
24.940806,121.361500,三峽,C0AC60,2017-06-24T22:00:00+08:00,55.0,0,0.2,28.4,0.83,1000.7,-99,0.0,-99,-99,-99,新北市,06,三峽區,057
24.940806,121.361500,三峽,C0AC60,2017-06-24T23:00:00+08:00,55.0,188,0.9,28.2,0.83,1000.6,-99,0.0,-99,-99,-99,新北市,06,三峽區,057
24.940806,121.361500,三峽,C0AC60,2017-06-25T00:00:00+08:00,55.0,183,0.3,27.2,0.88,1000.4,-99,0.0,-99,-99,-99,新北市,06,三峽區,057
24.940806,121.361500,三峽,C0AC60,2017-06-25T01:00:00+08:00,55.0,210,1.3,26.8,0.9,999.5,-99,0.0,-99,-99,-99,新北市,06,三峽區,057
24.940806,121.361500,三峽,C0AC60,2017-06-25T02:00:00+08:00,55.0,176,0.6,26.7,0.9,999.2,-99,0.0,-99,-99,-99,新北市,06,三峽區,057
24.940806,121.361500,三峽,C0AC60,2017-06-25T03:00:00+08:00,55.0,197,2.1,26.2,0.91,999.2,-99,0.0,-99,-99,-99,新北市,06,三峽區,057
24.940806,121.361500,三峽,C0AC60,2017-06-25T04:00:00+08:00,55.0,200,0.7,26.8,0.85,999.0,-99,0.0,-99,-99,-99,新北市,06,三峽區,057
24.940806,121.361500,三峽,C0AC60,2017-06-25T05:00:00+08:00,55.0,203,0.7,26.3,0.86,999.1,-99,0.0,-99,-99,-99,新北市,06,三峽區,057
24.940806,121.361500,三峽,C0AC60,2017-06-25T06:00:00+08:00,55.0,209,1.2,25.8,0.88,999.3,-99,0.0,-99,-99,-99,新北市,06,三峽區,057
24.940806,121.361500,三峽,C0AC60,2017-06-25T07:00:00+08:00,55.0,200,1.7,26.8,0.84,999.6,-99,0.0,-99,-99,-99,新北市,06,三峽區,057
24.940806,121.361500,三峽,C0AC60,2017-06-25T08:00:00+08:00,55.0,247,1.2,29.3,0.73,999.8,-99,0.0,-99,-99,-99,新北市,06,三峽區,057
24.940806,121.361500,三峽,C0AC60,2017-06-25T09:00:00+08:00,55.0,282,2.1,30.6,0.66,1000.1,-99,0.0,-99,-99,-99,新北市,06,三峽區,057
24.940806,121.361500,三峽,C0AC60,2017-06-25T10:00:00+08:00,55.0,243,2.4,31.9,0.64,1000.0,-99,0.0,-99,-99,-99,新北市,06,三峽區,057
24.940806,121.361500,三峽,C0AC60,2017-06-25T11:00:00+08:00,55.0,263,3.0,32.5,0.61,999.8,-99,0.0,8.8,291,2017-06-25T10:59:00+08:00,新北市,06,三峽區,057
24.940806,121.361500,三峽,C0AC60,2017-06-25T12:00:00+08:00,55.0,249,2.7,32.7,0.64,999.5,-99,0.0,-99,-99,-99,新北市,06,三峽區,057
24.940806,121.361500,三峽,C0AC60,2017-06-25T13:00:00+08:00,55.0,271,2.0,33.0,0.63,999.3,-99,0.0,-99,-99,-99,新北市,06,三峽區,057
24.940806,121.361500,三峽,C0AC60,2017-06-25T14:00:00+08:00,55.0,260,2.7,33.2,0.64,999.0,-99,0.0,-99,-99,-99,新北市,06,三峽區,057
24.940806,121.361500,三峽,C0AC60,2017-06-25T15:00:00+08:00,55.0,240,3.2,32.7,0.66,998.8,-99,0.0,-99,-99,-99,新北市,06,三峽區,057
24.940806,121.361500,三峽,C0AC60,2017-06-25T16:00:00+08:00,55.0,276,1.9,32.0,0.67,998.8,-99,0.0,7.7,294,2017-06-25T15:55:00+08:00,新北市,06,三峽區,057
24.940806,121.361500,三峽,C0AC60,2017-06-25T17:00:00+08:00,55.0,229,2.0,31.4,0.71,999.0,-99,0.0,-99,-99,-99,新北市,06,三峽區,057
24.940806,121.361500,三峽,C0AC60,2017-06-25T18:00:00+08:00,55.0,249,2.0,30.9,0.7,999.2,-99,0.0,-99,-99,-99,新北市,06,三峽區,057
24.940806,121.361500,三峽,C0AC60,2017-06-25T19:00:00+08:00,55.0,239,0.6,30.3,0.73,999.5,-99,0.0,-99,-99,-99,新北市,06,三峽區,057
24.940806,121.361500,三峽,C0AC60,2017-06-25T20:00:00+08:00,55.0,0,0.2,30.0,0.75,1000.3,-99,0.0,-99,-99,-99,新北市,06,三峽區,057
24.940806,121.361500,三峽,C0AC60,2017-06-25T21:00:00+08:00,55.0,208,1.6,28.3,0.85,1000.8,-99,0.0,-99,-99,-99,新北市,06,三峽區,057
24.940806,121.361500,三峽,C0AC60,2017-06-25T22:00:00+08:00,55.0,213,1.3,28.2,0.85,1001.2,-99,0.0,-99,-99,-99,新北市,06,三峽區,057
24.940806,121.361500,三峽,C0AC60,2017-06-25T23:00:00+08:00,55.0,0,0.1,28.1,0.85,1001.5,-99,0.0,-99,-99,-99,新北市,06,三峽區,057
24.940806,121.361500,三峽,C0AC60,2017-06-26T00:00:00+08:00,55.0,208,0.7,27.5,0.88,1001.0,-99,0.0,-99,-99,-99,新北市,06,三峽區,057
24.940806,121.361500,三峽,C0AC60,2017-06-26T01:00:00+08:00,55.0,149,1.2,27.3,0.88,1000.9,-99,0.0,-99,-99,-99,新北市,06,三峽區,057
24.940806,121.361500,三峽,C0AC60,2017-06-26T02:00:00+08:00,55.0,173,0.4,26.8,0.89,1001.0,-99,0.0,-99,-99,-99,新北市,06,三峽區,057
24.940806,121.361500,三峽,C0AC60,2017-06-26T03:00:00+08:00,55.0,198,0.7,26.6,0.89,1001.2,-99,0.0,-99,-99,-99,新北市,06,三峽區,057
24.940806,121.361500,三峽,C0AC60,2017-06-26T04:00:00+08:00,55.0,212,0.5,26.3,0.91,1001.4,-99,0.0,-99,-99,-99,新北市,06,三峽區,057
24.940806,121.361500,三峽,C0AC60,2017-06-26T05:00:00+08:00,55.0,230,0.4,26.5,0.88,1001.4,-99,0.0,-99,-99,-99,新北市,06,三峽區,057
24.940806,121.361500,三峽,C0AC60,2017-06-26T06:00:00+08:00,55.0,230,2.1,26.9,0.83,1001.2,-99,0.0,-99,-99,-99,新北市,06,三峽區,057
24.940806,121.361500,三峽,C0AC60,2017-06-26T07:00:00+08:00,55.0,195,1.0,27.6,0.81,1001.3,-99,0.0,-99,-99,-99,新北市,06,三峽區,057
24.940806,121.361500,三峽,C0AC60,2017-06-26T08:00:00+08:00,55.0,181,0.8,29.2,0.75,1001.9,-99,0.0,-99,-99,-99,新北市,06,三峽區,057
24.940806,121.361500,三峽,C0AC60,2017-06-26T09:00:00+08:00,55.0,186,0.4,31.2,0.66,1001.6,-99,0.0,-99,-99,-99,新北市,06,三峽區,057
24.940806,121.361500,三峽,C0AC60,2017-06-26T10:00:00+08:00,55.0,237,1.7,31.9,0.63,1001.7,-99,0.0,-99,-99,-99,新北市,06,三峽區,057
24.940806,121.361500,三峽,C0AC60,2017-06-26T11:00:00+08:00,55.0,250,1.7,32.9,0.59,1001.7,-99,0.0,-99,-99,-99,新北市,06,三峽區,057
24.940806,121.361500,三峽,C0AC60,2017-06-26T12:00:00+08:00,55.0,245,2.1,33.5,0.59,1001.2,-99,0.0,-99,-99,-99,新北市,06,三峽區,057
24.940806,121.361500,三峽,C0AC60,2017-06-26T13:00:00+08:00,55.0,255,2.7,34.5,0.58,1000.5,-99,0.0,-99,-99,-99,新北市,06,三峽區,057
24.940806,121.361500,三峽,C0AC60,2017-06-26T14:00:00+08:00,55.0,288,2.3,34.4,0.6,1000.4,-99,0.0,8.2,299,2017-06-26T13:54:00+08:00,新北市,06,三峽區,057
24.940806,121.361500,三峽,C0AC60,2017-06-26T15:00:00+08:00,55.0,280,2.4,33.6,0.64,999.9,-99,0.0,-99,-99,-99,新北市,06,三峽區,057
24.940806,121.361500,三峽,C0AC60,2017-06-26T16:00:00+08:00,55.0,283,2.0,32.8,0.66,1000.5,-99,0.0,-99,-99,-99,新北市,06,三峽區,057
24.940806,121.361500,三峽,C0AC60,2017-06-26T17:00:00+08:00,55.0,245,2.1,32.7,0.65,1000.6,-99,0.0,-99,-99,-99,新北市,06,三峽區,057
24.940806,121.361500,三峽,C0AC60,2017-06-26T18:00:00+08:00,55.0,240,1.4,31.6,0.69,1000.6,-99,0.0,-99,-99,-99,新北市,06,三峽區,057
24.940806,121.361500,三峽,C0AC60,2017-06-26T19:00:00+08:00,55.0,238,1.2,31.1,0.71,1001.0,-99,0.0,-99,-99,-99,新北市,06,三峽區,057
24.940806,121.361500,三峽,C0AC60,2017-06-26T20:00:00+08:00,55.0,85,1.5,30.3,0.77,1001.9,-99,0.0,-99,-99,-99,新北市,06,三峽區,057
24.940806,121.361500,三峽,C0AC60,2017-06-26T21:00:00+08:00,55.0,200,0.5,29.6,0.82,1003.1,-99,0.0,-99,-99,-99,新北市,06,三峽區,057
24.940806,121.361500,三峽,C0AC60,2017-06-26T22:00:00+08:00,55.0,86,0.5,29.2,0.83,1003.6,-99,0.0,-99,-99,-99,新北市,06,三峽區,057
24.940806,121.361500,三峽,C0AC60,2017-06-26T23:00:00+08:00,55.0,178,1.0,28.7,0.86,1004.0,-99,0.0,-99,-99,-99,新北市,06,三峽區,057
24.940806,121.361500,三峽,C0AC60,2017-06-27T00:00:00+08:00,55.0,72,0.4,28.5,0.87,1003.9,-99,0.0,-99,-99,-99,新北市,06,三峽區,057
24.940806,121.361500,三峽,C0AC60,2017-06-27T01:00:00+08:00,55.0,88,1.3,28.4,0.85,1003.1,-99,0.0,-99,-99,-99,新北市,06,三峽區,057
24.940806,121.361500,三峽,C0AC60,2017-06-27T02:00:00+08:00,55.0,227,0.8,27.3,0.91,1002.9,-99,0.0,-99,-99,-99,新北市,06,三峽區,057
24.940806,121.361500,三峽,C0AC60,2017-06-27T03:00:00+08:00,55.0,210,1.1,26.8,0.93,1003.3,-99,0.0,-99,-99,-99,新北市,06,三峽區,057
24.940806,121.361500,三峽,C0AC60,2017-06-27T04:00:00+08:00,55.0,0,0.2,26.8,0.93,1003.3,-99,0.0,-99,-99,-99,新北市,06,三峽區,057
24.940806,121.361500,三峽,C0AC60,2017-06-27T05:00:00+08:00,55.0,179,0.7,26.6,0.92,1002.9,-99,0.0,-99,-99,-99,新北市,06,三峽區,057
24.940806,121.361500,三峽,C0AC60,2017-06-27T06:00:00+08:00,55.0,221,0.7,27.1,0.89,1003.1,-99,0.0,-99,-99,-99,新北市,06,三峽區,057
24.940806,121.361500,三峽,C0AC60,2017-06-27T07:00:00+08:00,55.0,205,0.5,28.1,0.84,1003.6,-99,0.0,-99,-99,-99,新北市,06,三峽區,057
24.940806,121.361500,三峽,C0AC60,2017-06-27T08:00:00+08:00,55.0,287,1.5,29.7,0.74,1003.9,-99,0.0,-99,-99,-99,新北市,06,三峽區,057
24.940806,121.361500,三峽,C0AC60,2017-06-27T09:00:00+08:00,55.0,275,0.8,30.0,0.72,1003.8,-99,0.0,-99,-99,-99,新北市,06,三峽區,057
24.940806,121.361500,三峽,C0AC60,2017-06-27T10:00:00+08:00,55.0,238,1.1,31.2,0.69,1003.8,-99,0.0,-99,-99,-99,新北市,06,三峽區,057
24.940806,121.361500,三峽,C0AC60,2017-06-27T11:00:00+08:00,55.0,244,1.4,32.6,0.63,1003.4,-99,0.0,-99,-99,-99,新北市,06,三峽區,057
24.940806,121.361500,三峽,C0AC60,2017-06-27T12:00:00+08:00,55.0,245,2.0,33.9,0.58,1002.9,-99,0.0,-99,-99,-99,新北市,06,三峽區,057
24.940806,121.361500,三峽,C0AC60,2017-06-27T13:00:00+08:00,55.0,273,1.6,32.9,0.66,1003.1,-99,0.0,-99,-99,-99,新北市,06,三峽區,057
24.940806,121.361500,三峽,C0AC60,2017-06-27T14:00:00+08:00,55.0,270,1.9,32.6,0.67,1002.9,-99,0.0,-99,-99,-99,新北市,06,三峽區,057
24.940806,121.361500,三峽,C0AC60,2017-06-27T15:00:00+08:00,55.0,306,1.4,31.8,0.71,1002.9,-99,0.0,-99,-99,-99,新北市,06,三峽區,057
24.940806,121.361500,三峽,C0AC60,2017-06-27T16:00:00+08:00,55.0,232,2.4,30.9,0.73,1003.3,-99,0.0,-99,-99,-99,新北市,06,三峽區,057
24.940806,121.361500,三峽,C0AC60,2017-06-27T17:00:00+08:00,55.0,303,0.5,31.0,0.73,1003.5,-99,0.0,-99,-99,-99,新北市,06,三峽區,057
24.940806,121.361500,三峽,C0AC60,2017-06-27T18:00:00+08:00,55.0,290,0.9,30.5,0.77,1004.1,-99,0.0,-99,-99,-99,新北市,06,三峽區,057
24.940806,121.361500,三峽,C0AC60,2017-06-27T19:00:00+08:00,55.0,340,0.4,29.4,0.83,1004.6,-99,0.0,-99,-99,-99,新北市,06,三峽區,057
24.940806,121.361500,三峽,C0AC60,2017-06-27T20:00:00+08:00,55.0,90,1.4,28.8,0.87,1005.2,-99,0.0,-99,-99,-99,新北市,06,三峽區,057
24.940806,121.361500,三峽,C0AC60,2017-06-27T21:00:00+08:00,55.0,0,0.2,28.4,0.85,1005.8,-99,0.0,-99,-99,-99,新北市,06,三峽區,057
24.940806,121.361500,三峽,C0AC60,2017-06-27T22:00:00+08:00,55.0,0,0.0,27.8,0.86,1006.0,-99,0.0,-99,-99,-99,新北市,06,三峽區,057
24.940806,121.361500,三峽,C0AC60,2017-06-27T23:00:00+08:00,55.0,202,0.6,27.0,0.9,1005.8,-99,0.0,-99,-99,-99,新北市,06,三峽區,057
24.940806,121.361500,三峽,C0AC60,2017-06-28T00:00:00+08:00,55.0,221,0.3,26.7,0.89,1005.2,-99,0.0,-99,-99,-99,新北市,06,三峽區,057
24.940806,121.361500,三峽,C0AC60,2017-06-28T01:00:00+08:00,55.0,174,0.7,26.5,0.88,1004.6,-99,0.0,-99,-99,-99,新北市,06,三峽區,057
24.940806,121.361500,三峽,C0AC60,2017-06-28T02:00:00+08:00,55.0,203,1.2,25.8,0.9,1004.1,-99,0.0,-99,-99,-99,新北市,06,三峽區,057
24.940806,121.361500,三峽,C0AC60,2017-06-28T03:00:00+08:00,55.0,0,0.1,25.7,0.89,1004.0,-99,0.0,-99,-99,-99,新北市,06,三峽區,057
24.940806,121.361500,三峽,C0AC60,2017-06-28T04:00:00+08:00,55.0,224,1.3,25.4,0.89,1004.2,-99,0.0,-99,-99,-99,新北市,06,三峽區,057
24.940806,121.361500,三峽,C0AC60,2017-06-28T05:00:00+08:00,55.0,186,0.7,25.3,0.9,1004.6,-99,0.0,-99,-99,-99,新北市,06,三峽區,057
24.940806,121.361500,三峽,C0AC60,2017-06-28T06:00:00+08:00,55.0,196,0.9,25.6,0.9,1005.0,-99,0.0,-99,-99,-99,新北市,06,三峽區,057
24.940806,121.361500,三峽,C0AC60,2017-06-28T07:00:00+08:00,55.0,0,0.0,28.0,0.81,1005.2,-99,0.0,-99,-99,-99,新北市,06,三峽區,057
24.940806,121.361500,三峽,C0AC60,2017-06-28T08:00:00+08:00,55.0,0,0.0,29.3,0.73,1005.0,-99,0.0,-99,-99,-99,新北市,06,三峽區,057
24.940806,121.361500,三峽,C0AC60,2017-06-28T09:00:00+08:00,55.0,351,0.5,29.9,0.73,1004.8,-99,0.0,-99,-99,-99,新北市,06,三峽區,057
24.940806,121.361500,三峽,C0AC60,2017-06-28T10:00:00+08:00,55.0,302,1.0,31.6,0.61,1004.9,-99,0.0,-99,-99,-99,新北市,06,三峽區,057
24.940806,121.361500,三峽,C0AC60,2017-06-28T11:00:00+08:00,55.0,230,0.6,32.4,0.63,1004.7,-99,0.0,-99,-99,-99,新北市,06,三峽區,057
24.940806,121.361500,三峽,C0AC60,2017-06-28T12:00:00+08:00,55.0,0,0.0,33.3,0.62,1004.5,-99,0.0,-99,-99,-99,新北市,06,三峽區,057
24.940806,121.361500,三峽,C0AC60,2017-06-28T13:00:00+08:00,55.0,12,0.9,34.4,0.6,1004.4,-99,0.0,-99,-99,-99,新北市,06,三峽區,057
24.940806,121.361500,三峽,C0AC60,2017-06-28T14:00:00+08:00,55.0,348,1.7,33.8,0.63,1003.8,-99,0.0,-99,-99,-99,新北市,06,三峽區,057
24.940806,121.361500,三峽,C0AC60,2017-06-28T15:00:00+08:00,55.0,350,1.5,33.4,0.65,1003.5,-99,0.0,-99,-99,-99,新北市,06,三峽區,057
24.940806,121.361500,三峽,C0AC60,2017-06-28T16:00:00+08:00,55.0,0,0.2,34.8,0.61,1003.2,-99,0.0,-99,-99,-99,新北市,06,三峽區,057
24.940806,121.361500,三峽,C0AC60,2017-06-28T17:00:00+08:00,55.0,92,0.8,33.8,0.64,1003.5,-99,0.0,-99,-99,-99,新北市,06,三峽區,057
24.940806,121.361500,三峽,C0AC60,2017-06-28T18:00:00+08:00,55.0,99,0.6,30.9,0.83,1004.0,-99,0.5,-99,-99,-99,新北市,06,三峽區,057
24.940806,121.361500,三峽,C0AC60,2017-06-28T19:00:00+08:00,55.0,195,1.1,24.9,0.89,1005.4,-99,18.5,-99,-99,-99,新北市,06,三峽區,057
24.940806,121.361500,三峽,C0AC60,2017-06-28T20:00:00+08:00,55.0,179,0.7,-99,0.88,1005.9,-99,19.0,-99,-99,-99,新北市,06,三峽區,057
24.940806,121.361500,三峽,C0AC60,2017-06-28T21:00:00+08:00,55.0,173,1.3,25.7,0.91,1005.8,-99,19.0,-99,-99,-99,新北市,06,三峽區,057
24.940806,121.361500,三峽,C0AC60,2017-06-28T22:00:00+08:00,55.0,218,1.2,25.8,0.92,1006.5,-99,19.0,-99,-99,-99,新北市,06,三峽區,057
24.940806,121.361500,三峽,C0AC60,2017-06-28T23:00:00+08:00,55.0,191,1.2,25.6,0.91,1006.6,-99,19.0,-99,-99,-99,新北市,06,三峽區,057
24.940806,121.361500,三峽,C0AC60,2017-06-29T00:00:00+08:00,55.0,203,1.2,25.4,0.9,1006.1,-99,19.0,-99,-99,-99,新北市,06,三峽區,057
24.940806,121.361500,三峽,C0AC60,2017-06-29T01:00:00+08:00,55.0,198,1.3,25.5,0.88,1005.5,-99,0.0,-99,-99,-99,新北市,06,三峽區,057
24.940806,121.361500,三峽,C0AC60,2017-06-29T02:00:00+08:00,55.0,168,0.6,25.1,0.89,1004.4,-99,0.0,-99,-99,-99,新北市,06,三峽區,057
24.940806,121.361500,三峽,C0AC60,2017-06-29T03:00:00+08:00,55.0,184,0.4,24.9,0.88,1003.7,-99,0.0,-99,-99,-99,新北市,06,三峽區,057
24.940806,121.361500,三峽,C0AC60,2017-06-29T04:00:00+08:00,55.0,206,1.1,24.5,0.89,1003.4,-99,0.0,-99,-99,-99,新北市,06,三峽區,057
24.940806,121.361500,三峽,C0AC60,2017-06-29T05:00:00+08:00,55.0,188,0.7,24.6,0.88,1003.8,-99,0.0,-99,-99,-99,新北市,06,三峽區,057
24.940806,121.361500,三峽,C0AC60,2017-06-29T06:00:00+08:00,55.0,187,0.3,24.9,0.88,1004.7,-99,0.0,-99,-99,-99,新北市,06,三峽區,057
24.940806,121.361500,三峽,C0AC60,2017-06-29T07:00:00+08:00,55.0,0,0.0,28.0,0.75,1005.4,-99,0.0,-99,-99,-99,新北市,06,三峽區,057
24.940806,121.361500,三峽,C0AC60,2017-06-29T08:00:00+08:00,55.0,176,1.2,28.2,0.73,1005.8,-99,0.0,-99,-99,-99,新北市,06,三峽區,057
24.940806,121.361500,三峽,C0AC60,2017-06-29T09:00:00+08:00,55.0,230,0.5,30.6,0.66,1005.6,-99,0.0,-99,-99,-99,新北市,06,三峽區,057
24.940806,121.361500,三峽,C0AC60,2017-06-29T10:00:00+08:00,55.0,54,0.7,32.1,0.63,1005.2,-99,0.0,-99,-99,-99,新北市,06,三峽區,057
24.940806,121.361500,三峽,C0AC60,2017-06-29T11:00:00+08:00,55.0,5,1.4,32.5,0.63,1004.4,-99,0.0,-99,-99,-99,新北市,06,三峽區,057
24.940806,121.361500,三峽,C0AC60,2017-06-29T12:00:00+08:00,55.0,297,1.4,32.0,0.7,1004.1,-99,0.0,-99,-99,-99,新北市,06,三峽區,057
24.940806,121.361500,三峽,C0AC60,2017-06-29T13:00:00+08:00,55.0,333,0.9,32.0,0.72,1003.7,-99,0.0,-99,-99,-99,新北市,06,三峽區,057
24.940806,121.361500,三峽,C0AC60,2017-06-29T14:00:00+08:00,55.0,302,0.6,33.2,0.66,1003.2,-99,0.0,-99,-99,-99,新北市,06,三峽區,057
24.940806,121.361500,三峽,C0AC60,2017-06-29T15:00:00+08:00,55.0,54,2.8,31.8,0.69,1003.0,-99,0.0,-99,-99,-99,新北市,06,三峽區,057
24.940806,121.361500,三峽,C0AC60,2017-06-29T16:00:00+08:00,55.0,225,0.8,28.8,0.77,1002.6,-99,0.0,-99,-99,-99,新北市,06,三峽區,057
24.940806,121.361500,三峽,C0AC60,2017-06-29T17:00:00+08:00,55.0,174,0.3,29.9,0.74,1002.8,-99,0.0,-99,-99,-99,新北市,06,三峽區,057
24.940806,121.361500,三峽,C0AC60,2017-06-29T18:00:00+08:00,55.0,270,0.7,30.5,0.74,1003.4,-99,0.0,-99,-99,-99,新北市,06,三峽區,057
24.940806,121.361500,三峽,C0AC60,2017-06-29T19:00:00+08:00,55.0,210,1.2,30.1,0.71,1004.1,-99,0.0,-99,-99,-99,新北市,06,三峽區,057
24.940806,121.361500,三峽,C0AC60,2017-06-29T20:00:00+08:00,55.0,217,1.2,28.1,0.88,1004.3,-99,0.0,-99,-99,-99,新北市,06,三峽區,057
24.940806,121.361500,三峽,C0AC60,2017-06-29T21:00:00+08:00,55.0,208,0.5,27.5,0.89,1004.5,-99,0.0,-99,-99,-99,新北市,06,三峽區,057
24.940806,121.361500,三峽,C0AC60,2017-06-29T22:00:00+08:00,55.0,211,0.9,27.2,0.89,1004.6,-99,0.0,-99,-99,-99,新北市,06,三峽區,057
24.940806,121.361500,三峽,C0AC60,2017-06-29T23:00:00+08:00,55.0,218,0.5,26.7,0.9,1004.5,-99,0.0,-99,-99,-99,新北市,06,三峽區,057
24.940806,121.361500,三峽,C0AC60,2017-06-30T00:00:00+08:00,55.0,202,1.4,26.4,0.88,1004.6,-99,0.0,-99,-99,-99,新北市,06,三峽區,057
24.940806,121.361500,三峽,C0AC60,2017-06-30T01:00:00+08:00,55.0,166,1.4,26.1,0.88,1004.0,-99,-99,-99,-99,-99,新北市,06,三峽區,057
24.940806,121.361500,三峽,C0AC60,2017-06-30T02:00:00+08:00,55.0,205,1.7,25.9,0.86,1003.8,-99,0.0,-99,-99,-99,新北市,06,三峽區,057
24.940806,121.361500,三峽,C0AC60,2017-06-30T03:00:00+08:00,55.0,213,1.3,25.4,0.88,1003.7,-99,0.0,-99,-99,-99,新北市,06,三峽區,057
24.940806,121.361500,三峽,C0AC60,2017-06-30T04:00:00+08:00,55.0,200,1.0,25.2,0.91,1003.9,-99,0.0,-99,-99,-99,新北市,06,三峽區,057
24.940806,121.361500,三峽,C0AC60,2017-06-30T05:00:00+08:00,55.0,198,0.5,25.0,0.9,1004.0,-99,0.0,-99,-99,-99,新北市,06,三峽區,057
24.940806,121.361500,三峽,C0AC60,2017-06-30T06:00:00+08:00,55.0,216,0.8,25.0,0.89,1004.0,-99,0.0,-99,-99,-99,新北市,06,三峽區,057
24.940806,121.361500,三峽,C0AC60,2017-06-30T07:00:00+08:00,55.0,204,1.7,26.4,0.83,1004.4,-99,0.0,-99,-99,-99,新北市,06,三峽區,057
24.940806,121.361500,三峽,C0AC60,2017-06-30T08:00:00+08:00,55.0,210,0.6,28.8,0.74,1004.3,-99,0.0,-99,-99,-99,新北市,06,三峽區,057
24.940806,121.361500,三峽,C0AC60,2017-06-30T09:00:00+08:00,55.0,315,1.4,30.7,0.64,1004.3,-99,0.0,-99,-99,-99,新北市,06,三峽區,057
24.940806,121.361500,三峽,C0AC60,2017-06-30T10:00:00+08:00,55.0,0,0.2,32.0,0.56,1003.6,-99,0.0,-99,-99,-99,新北市,06,三峽區,057
24.940806,121.361500,三峽,C0AC60,2017-06-30T11:00:00+08:00,55.0,324,0.7,33.2,0.51,1003.4,-99,0.0,-99,-99,-99,新北市,06,三峽區,057
24.940806,121.361500,三峽,C0AC60,2017-06-30T12:00:00+08:00,55.0,239,0.4,32.8,0.55,1003.2,-99,0.0,-99,-99,-99,新北市,06,三峽區,057
24.940806,121.361500,三峽,C0AC60,2017-06-30T13:00:00+08:00,55.0,342,1.0,32.4,0.65,1002.6,-99,0.0,-99,-99,-99,新北市,06,三峽區,057
24.940806,121.361500,三峽,C0AC60,2017-06-30T14:00:00+08:00,55.0,336,1.8,32.1,0.64,1002.0,-99,0.0,-99,-99,-99,新北市,06,三峽區,057
24.940806,121.361500,三峽,C0AC60,2017-06-30T15:00:00+08:00,55.0,92,2.1,27.4,0.88,1002.8,-99,0.0,-99,-99,-99,新北市,06,三峽區,057
24.940806,121.361500,三峽,C0AC60,2017-06-30T16:00:00+08:00,55.0,0,0.2,26.4,0.88,1002.4,-99,1.0,-99,-99,-99,新北市,06,三峽區,057
24.940806,121.361500,三峽,C0AC60,2017-06-30T17:00:00+08:00,55.0,0,0.1,25.5,0.95,1002.9,-99,2.5,-99,-99,-99,新北市,06,三峽區,057
24.940806,121.361500,三峽,C0AC60,2017-06-30T18:00:00+08:00,55.0,315,0.3,25.3,0.98,1003.4,-99,4.5,-99,-99,-99,新北市,06,三峽區,057
24.940806,121.361500,三峽,C0AC60,2017-06-30T19:00:00+08:00,55.0,311,0.8,25.5,0.98,1003.4,-99,7.0,-99,-99,-99,新北市,06,三峽區,057
24.940806,121.361500,三峽,C0AC60,2017-06-30T21:00:00+08:00,55.0,0,0.1,25.9,0.97,1004.4,-99,7.0,-99,-99,-99,新北市,06,三峽區,057
24.940806,121.361500,三峽,C0AC60,2017-06-30T22:00:00+08:00,55.0,0,0.0,25.8,0.95,1004.4,-99,7.0,-99,-99,-99,新北市,06,三峽區,057
24.940806,121.361500,三峽,C0AC60,2017-06-30T23:00:00+08:00,55.0,209,0.3,25.7,0.96,1003.8,-99,7.0,-99,-99,-99,新北市,06,三峽區,057
