24.940806,121.361500,三峽,C0AC60,2018-07-01T00:00:00+08:00,55.0,210,1.4,24.3,0.98,999.4,-99,1.0,-99,-99,-99,新北市,06,三峽區,057
24.940806,121.361500,三峽,C0AC60,2018-07-01T01:00:00+08:00,55.0,221,0.9,24.6,0.96,998.7,-99,0.0,-99,-99,-99,新北市,06,三峽區,057
24.940806,121.361500,三峽,C0AC60,2018-07-01T02:00:00+08:00,55.0,226,1.0,24.3,0.98,998.4,-99,0.0,-99,-99,-99,新北市,06,三峽區,057
24.940806,121.361500,三峽,C0AC60,2018-07-01T03:00:00+08:00,55.0,0,0.0,24.6,0.98,998.5,-99,0.0,-99,-99,-99,新北市,06,三峽區,057
24.940806,121.361500,三峽,C0AC60,2018-07-01T04:00:00+08:00,55.0,194,0.7,24.4,0.98,998.6,-99,0.0,-99,-99,-99,新北市,06,三峽區,057
24.940806,121.361500,三峽,C0AC60,2018-07-01T05:00:00+08:00,55.0,197,1.0,24.3,0.98,998.5,-99,0.0,-99,-99,-99,新北市,06,三峽區,057
24.940806,121.361500,三峽,C0AC60,2018-07-01T06:00:00+08:00,55.0,0,0.2,24.7,0.96,998.7,-99,0.0,-99,-99,-99,新北市,06,三峽區,057
24.940806,121.361500,三峽,C0AC60,2018-07-01T07:00:00+08:00,55.0,0,0.0,26.0,0.92,999.0,-99,0.0,-99,-99,-99,新北市,06,三峽區,057
24.940806,121.361500,三峽,C0AC60,2018-07-01T08:00:00+08:00,55.0,304,1.3,28.0,0.84,998.8,-99,0.0,-99,-99,-99,新北市,06,三峽區,057
24.940806,121.361500,三峽,C0AC60,2018-07-01T09:00:00+08:00,55.0,253,1.8,29.8,0.72,998.7,-99,0.0,-99,-99,-99,新北市,06,三峽區,057
24.940806,121.361500,三峽,C0AC60,2018-07-01T10:00:00+08:00,55.0,248,2.5,31.1,0.69,998.5,-99,0.0,8.2,233,2018-07-01T09:57:00+08:00,新北市,06,三峽區,057
24.940806,121.361500,三峽,C0AC60,2018-07-01T11:00:00+08:00,55.0,263,1.2,32.0,0.65,998.1,-99,0.0,-99,-99,-99,新北市,06,三峽區,057
24.940806,121.361500,三峽,C0AC60,2018-07-01T12:00:00+08:00,55.0,330,2.5,32.3,0.65,997.6,-99,0.0,-99,-99,-99,新北市,06,三峽區,057
24.940806,121.361500,三峽,C0AC60,2018-07-01T13:00:00+08:00,55.0,299,1.9,33.2,0.6,997.0,-99,0.0,8.8,327,2018-07-01T12:03:00+08:00,新北市,06,三峽區,057
24.940806,121.361500,三峽,C0AC60,2018-07-01T14:00:00+08:00,55.0,329,2.9,33.0,0.64,996.2,-99,0.0,-99,-99,-99,新北市,06,三峽區,057
24.940806,121.361500,三峽,C0AC60,2018-07-01T15:00:00+08:00,55.0,316,2.1,33.3,0.6,996.1,-99,0.0,8.2,328,2018-07-01T14:04:00+08:00,新北市,06,三峽區,057
24.940806,121.361500,三峽,C0AC60,2018-07-01T16:00:00+08:00,55.0,304,2.5,33.1,0.6,996.2,-99,0.0,-99,-99,-99,新北市,06,三峽區,057
24.940806,121.361500,三峽,C0AC60,2018-07-01T17:00:00+08:00,55.0,333,3.2,31.8,0.69,996.1,-99,0.0,-99,-99,-99,新北市,06,三峽區,057
24.940806,121.361500,三峽,C0AC60,2018-07-01T18:00:00+08:00,55.0,316,1.4,31.1,0.73,996.9,-99,0.0,7.7,355,2018-07-01T17:21:00+08:00,新北市,06,三峽區,057
24.940806,121.361500,三峽,C0AC60,2018-07-01T19:00:00+08:00,55.0,210,1.3,28.4,0.78,997.7,-99,0.0,6.6,324,2018-07-01T18:15:00+08:00,新北市,06,三峽區,057
24.940806,121.361500,三峽,C0AC60,2018-07-01T20:00:00+08:00,55.0,197,1.1,28.1,0.88,998.0,-99,0.0,-99,-99,-99,新北市,06,三峽區,057
24.940806,121.361500,三峽,C0AC60,2018-07-01T21:00:00+08:00,55.0,205,1.4,27.8,0.93,997.7,-99,0.0,-99,-99,-99,新北市,06,三峽區,057
24.940806,121.361500,三峽,C0AC60,2018-07-01T22:00:00+08:00,55.0,208,1.7,28.0,0.89,997.9,-99,0.0,-99,-99,-99,新北市,06,三峽區,057
24.940806,121.361500,三峽,C0AC60,2018-07-01T23:00:00+08:00,55.0,235,2.0,28.3,0.82,997.6,-99,0.0,-99,-99,-99,新北市,06,三峽區,057
24.940806,121.361500,三峽,C0AC60,2018-07-02T00:00:00+08:00,55.0,215,2.0,27.7,0.83,997.2,-99,0.0,-99,-99,-99,新北市,06,三峽區,057
24.940806,121.361500,三峽,C0AC60,2018-07-02T01:00:00+08:00,55.0,215,1.2,27.6,0.83,996.7,-99,0.0,-99,-99,-99,新北市,06,三峽區,057
24.940806,121.361500,三峽,C0AC60,2018-07-02T02:00:00+08:00,55.0,204,1.2,26.5,0.91,996.4,-99,0.0,-99,-99,-99,新北市,06,三峽區,057
24.940806,121.361500,三峽,C0AC60,2018-07-02T03:00:00+08:00,55.0,204,0.4,26.2,0.92,995.8,-99,0.0,-99,-99,-99,新北市,06,三峽區,057
24.940806,121.361500,三峽,C0AC60,2018-07-02T04:00:00+08:00,55.0,0,0.1,26.4,0.89,996.6,-99,0.0,-99,-99,-99,新北市,06,三峽區,057
24.940806,121.361500,三峽,C0AC60,2018-07-02T05:00:00+08:00,55.0,201,0.7,26.1,0.91,996.8,-99,0.0,-99,-99,-99,新北市,06,三峽區,057
24.940806,121.361500,三峽,C0AC60,2018-07-02T06:00:00+08:00,55.0,200,2.4,26.1,0.91,996.7,-99,0.0,-99,-99,-99,新北市,06,三峽區,057
24.940806,121.361500,三峽,C0AC60,2018-07-02T07:00:00+08:00,55.0,257,1.3,28.2,0.76,996.1,-99,0.0,-99,-99,-99,新北市,06,三峽區,057
24.940806,121.361500,三峽,C0AC60,2018-07-02T08:00:00+08:00,55.0,238,1.7,28.4,0.75,996.6,-99,0.0,-99,-99,-99,新北市,06,三峽區,057
24.940806,121.361500,三峽,C0AC60,2018-07-02T09:00:00+08:00,55.0,230,1.5,28.9,0.75,996.9,-99,0.0,-99,-99,-99,新北市,06,三峽區,057
24.940806,121.361500,三峽,C0AC60,2018-07-02T10:00:00+08:00,55.0,236,2.7,30.2,0.69,996.6,-99,0.0,-99,-99,-99,新北市,06,三峽區,057
24.940806,121.361500,三峽,C0AC60,2018-07-02T11:00:00+08:00,55.0,260,2.1,33.1,0.56,996.0,-99,0.0,-99,-99,-99,新北市,06,三峽區,057
24.940806,121.361500,三峽,C0AC60,2018-07-02T12:00:00+08:00,55.0,264,2.0,33.2,0.54,996.3,-99,0.0,-99,-99,-99,新北市,06,三峽區,057
24.940806,121.361500,三峽,C0AC60,2018-07-02T13:00:00+08:00,55.0,252,2.1,32.2,0.57,996.1,-99,0.0,9.3,296,2018-07-02T12:22:00+08:00,新北市,06,三峽區,057
24.940806,121.361500,三峽,C0AC60,2018-07-02T14:00:00+08:00,55.0,236,2.4,33.3,0.54,995.5,-99,0.0,-99,-99,-99,新北市,06,三峽區,057
24.940806,121.361500,三峽,C0AC60,2018-07-02T15:00:00+08:00,55.0,252,1.6,33.2,0.54,995.4,-99,0.0,9.3,316,2018-07-02T14:17:00+08:00,新北市,06,三峽區,057
24.940806,121.361500,三峽,C0AC60,2018-07-02T16:00:00+08:00,55.0,264,2.3,33.0,0.53,994.7,-99,0.0,8.8,243,2018-07-02T15:16:00+08:00,新北市,06,三峽區,057
24.940806,121.361500,三峽,C0AC60,2018-07-02T17:00:00+08:00,55.0,259,2.0,32.9,0.54,994.2,-99,0.0,-99,-99,-99,新北市,06,三峽區,057
24.940806,121.361500,三峽,C0AC60,2018-07-02T18:00:00+08:00,55.0,266,1.6,32.7,0.54,994.4,-99,0.0,-99,-99,-99,新北市,06,三峽區,057
24.940806,121.361500,三峽,C0AC60,2018-07-02T19:00:00+08:00,55.0,237,2.4,31.7,0.55,995.0,-99,0.0,-99,-99,-99,新北市,06,三峽區,057
24.940806,121.361500,三峽,C0AC60,2018-07-02T20:00:00+08:00,55.0,243,1.9,31.3,0.55,995.6,-99,0.0,-99,-99,-99,新北市,06,三峽區,057
24.940806,121.361500,三峽,C0AC60,2018-07-02T21:00:00+08:00,55.0,234,1.6,30.8,0.58,996.2,-99,0.0,-99,-99,-99,新北市,06,三峽區,057
24.940806,121.361500,三峽,C0AC60,2018-07-02T22:00:00+08:00,55.0,238,2.7,30.5,0.6,996.5,-99,0.0,-99,-99,-99,新北市,06,三峽區,057
24.940806,121.361500,三峽,C0AC60,2018-07-02T23:00:00+08:00,55.0,248,2.3,30.4,0.62,996.3,-99,0.0,-99,-99,-99,新北市,06,三峽區,057
24.940806,121.361500,三峽,C0AC60,2018-07-03T00:00:00+08:00,55.0,263,1.1,30.2,0.63,995.8,-99,0.0,-99,-99,-99,新北市,06,三峽區,057
24.940806,121.361500,三峽,C0AC60,2018-07-03T01:00:00+08:00,55.0,199,1.6,27.9,0.74,995.2,-99,0.0,-99,-99,-99,新北市,06,三峽區,057
24.940806,121.361500,三峽,C0AC60,2018-07-03T02:00:00+08:00,55.0,210,1.4,26.7,0.81,994.9,-99,0.0,-99,-99,-99,新北市,06,三峽區,057
24.940806,121.361500,三峽,C0AC60,2018-07-03T03:00:00+08:00,55.0,202,0.9,26.7,0.82,995.3,-99,0.0,-99,-99,-99,新北市,06,三峽區,057
24.940806,121.361500,三峽,C0AC60,2018-07-03T04:00:00+08:00,55.0,190,0.4,26.4,0.83,995.2,-99,0.0,-99,-99,-99,新北市,06,三峽區,057
24.940806,121.361500,三峽,C0AC60,2018-07-03T05:00:00+08:00,55.0,0,0.1,26.8,0.81,995.3,-99,0.0,-99,-99,-99,新北市,06,三峽區,057
24.940806,121.361500,三峽,C0AC60,2018-07-03T06:00:00+08:00,55.0,185,1.2,27.0,0.79,995.4,-99,0.0,-99,-99,-99,新北市,06,三峽區,057
24.940806,121.361500,三峽,C0AC60,2018-07-03T07:00:00+08:00,55.0,211,1.5,28.9,0.7,995.7,-99,0.0,-99,-99,-99,新北市,06,三峽區,057
24.940806,121.361500,三峽,C0AC60,2018-07-03T08:00:00+08:00,55.0,260,1.5,30.9,0.63,995.7,-99,0.0,-99,-99,-99,新北市,06,三峽區,057
24.940806,121.361500,三峽,C0AC60,2018-07-03T09:00:00+08:00,55.0,263,3.4,32.0,0.59,996.0,-99,0.0,-99,-99,-99,新北市,06,三峽區,057
24.940806,121.361500,三峽,C0AC60,2018-07-03T10:00:00+08:00,55.0,256,3.3,32.8,0.55,996.1,-99,0.0,11.0,287,2018-07-03T09:54:00+08:00,新北市,06,三峽區,057
24.940806,121.361500,三峽,C0AC60,2018-07-03T11:00:00+08:00,55.0,267,4.0,32.7,0.56,996.8,-99,0.0,12.1,222,2018-07-03T10:55:00+08:00,新北市,06,三峽區,057
24.940806,121.361500,三峽,C0AC60,2018-07-03T12:00:00+08:00,55.0,249,3.6,32.3,0.57,996.6,-99,0.0,11.0,244,2018-07-03T11:19:00+08:00,新北市,06,三峽區,057
24.940806,121.361500,三峽,C0AC60,2018-07-03T13:00:00+08:00,55.0,265,3.2,32.7,0.58,996.0,-99,0.0,11.0,296,2018-07-03T12:20:00+08:00,新北市,06,三峽區,057
24.940806,121.361500,三峽,C0AC60,2018-07-03T14:00:00+08:00,55.0,248,3.0,33.4,0.54,995.0,-99,0.0,12.1,221,2018-07-03T13:41:00+08:00,新北市,06,三峽區,057
24.940806,121.361500,三峽,C0AC60,2018-07-03T15:00:00+08:00,55.0,264,3.7,33.2,0.53,994.5,-99,0.0,12.1,243,2018-07-03T14:02:00+08:00,新北市,06,三峽區,057
24.940806,121.361500,三峽,C0AC60,2018-07-03T16:00:00+08:00,55.0,249,2.6,32.7,0.54,994.1,-99,0.0,11.0,240,2018-07-03T15:11:00+08:00,新北市,06,三峽區,057
24.940806,121.361500,三峽,C0AC60,2018-07-03T17:00:00+08:00,55.0,260,2.0,31.8,0.59,994.1,-99,0.0,9.3,277,2018-07-03T16:04:00+08:00,新北市,06,三峽區,057
24.940806,121.361500,三峽,C0AC60,2018-07-03T18:00:00+08:00,55.0,244,2.1,31.8,0.58,994.5,-99,0.0,-99,-99,-99,新北市,06,三峽區,057
24.940806,121.361500,三峽,C0AC60,2018-07-03T19:00:00+08:00,55.0,244,2.4,31.3,0.6,994.8,-99,0.0,-99,-99,-99,新北市,06,三峽區,057
24.940806,121.361500,三峽,C0AC60,2018-07-03T20:00:00+08:00,55.0,244,2.6,31.0,0.57,994.7,-99,0.0,-99,-99,-99,新北市,06,三峽區,057
24.940806,121.361500,三峽,C0AC60,2018-07-03T21:00:00+08:00,55.0,237,2.3,30.7,0.56,994.7,-99,0.0,-99,-99,-99,新北市,06,三峽區,057
24.940806,121.361500,三峽,C0AC60,2018-07-03T22:00:00+08:00,55.0,251,1.7,30.2,0.59,995.0,-99,0.0,-99,-99,-99,新北市,06,三峽區,057
24.940806,121.361500,三峽,C0AC60,2018-07-03T23:00:00+08:00,55.0,220,0.9,28.6,0.7,995.2,-99,0.0,-99,-99,-99,新北市,06,三峽區,057
24.940806,121.361500,三峽,C0AC60,2018-07-04T00:00:00+08:00,55.0,204,0.6,27.7,0.76,995.4,-99,0.0,-99,-99,-99,新北市,06,三峽區,057
24.940806,121.361500,三峽,C0AC60,2018-07-04T01:00:00+08:00,55.0,193,0.3,27.4,0.77,995.1,-99,0.0,-99,-99,-99,新北市,06,三峽區,057
24.940806,121.361500,三峽,C0AC60,2018-07-04T02:00:00+08:00,55.0,205,2.1,26.7,0.82,995.0,-99,0.0,-99,-99,-99,新北市,06,三峽區,057
24.940806,121.361500,三峽,C0AC60,2018-07-04T03:00:00+08:00,55.0,191,0.5,27.3,0.79,995.3,-99,0.0,-99,-99,-99,新北市,06,三峽區,057
24.940806,121.361500,三峽,C0AC60,2018-07-04T04:00:00+08:00,55.0,238,1.0,28.6,0.73,995.1,-99,0.0,-99,-99,-99,新北市,06,三峽區,057
24.940806,121.361500,三峽,C0AC60,2018-07-04T05:00:00+08:00,55.0,216,1.3,28.3,0.74,994.7,-99,0.0,-99,-99,-99,新北市,06,三峽區,057
24.940806,121.361500,三峽,C0AC60,2018-07-04T06:00:00+08:00,55.0,245,2.1,29.2,0.7,995.0,-99,0.0,-99,-99,-99,新北市,06,三峽區,057
24.940806,121.361500,三峽,C0AC60,2018-07-04T07:00:00+08:00,55.0,228,1.4,29.4,0.69,995.6,-99,0.0,-99,-99,-99,新北市,06,三峽區,057
24.940806,121.361500,三峽,C0AC60,2018-07-04T08:00:00+08:00,55.0,247,3.0,30.8,0.62,995.6,-99,0.0,8.2,246,2018-07-04T07:22:00+08:00,新北市,06,三峽區,057
24.940806,121.361500,三峽,C0AC60,2018-07-04T09:00:00+08:00,55.0,245,3.2,30.9,0.62,995.8,-99,0.0,9.3,211,2018-07-04T08:52:00+08:00,新北市,06,三峽區,057
24.940806,121.361500,三峽,C0AC60,2018-07-04T10:00:00+08:00,55.0,251,3.1,31.5,0.59,996.1,-99,0.0,10.4,216,2018-07-04T09:13:00+08:00,新北市,06,三峽區,057
24.940806,121.361500,三峽,C0AC60,2018-07-04T11:00:00+08:00,55.0,233,1.8,31.5,0.59,996.2,-99,0.0,8.8,255,2018-07-04T10:23:00+08:00,新北市,06,三峽區,057
24.940806,121.361500,三峽,C0AC60,2018-07-04T12:00:00+08:00,55.0,263,3.6,32.1,0.57,995.6,-99,0.0,9.3,230,2018-07-04T11:58:00+08:00,新北市,06,三峽區,057
24.940806,121.361500,三峽,C0AC60,2018-07-04T13:00:00+08:00,55.0,249,3.2,33.2,0.51,994.7,-99,0.0,10.4,226,2018-07-04T12:52:00+08:00,新北市,06,三峽區,057
24.940806,121.361500,三峽,C0AC60,2018-07-04T14:00:00+08:00,55.0,259,2.7,33.3,0.49,994.2,-99,0.0,10.4,301,2018-07-04T13:20:00+08:00,新北市,06,三峽區,057
24.940806,121.361500,三峽,C0AC60,2018-07-04T15:00:00+08:00,55.0,270,2.8,34.7,0.46,993.3,-99,0.0,9.9,226,2018-07-04T14:08:00+08:00,新北市,06,三峽區,057
24.940806,121.361500,三峽,C0AC60,2018-07-04T16:00:00+08:00,55.0,260,3.2,33.9,0.48,993.4,-99,0.0,12.6,273,2018-07-04T15:30:00+08:00,新北市,06,三峽區,057
24.940806,121.361500,三峽,C0AC60,2018-07-04T17:00:00+08:00,55.0,270,3.9,34.0,0.46,993.7,-99,0.0,9.3,249,2018-07-04T16:04:00+08:00,新北市,06,三峽區,057
24.940806,121.361500,三峽,C0AC60,2018-07-04T18:00:00+08:00,55.0,249,2.0,33.0,0.48,993.7,-99,0.0,11.0,239,2018-07-04T17:06:00+08:00,新北市,06,三峽區,057
24.940806,121.361500,三峽,C0AC60,2018-07-04T19:00:00+08:00,55.0,252,1.5,32.0,0.49,994.2,-99,0.0,-99,-99,-99,新北市,06,三峽區,057
24.940806,121.361500,三峽,C0AC60,2018-07-04T20:00:00+08:00,55.0,0,0.1,31.4,0.54,995.1,-99,0.0,-99,-99,-99,新北市,06,三峽區,057
24.940806,121.361500,三峽,C0AC60,2018-07-04T21:00:00+08:00,55.0,201,1.0,29.9,0.65,995.6,-99,0.0,-99,-99,-99,新北市,06,三峽區,057
24.940806,121.361500,三峽,C0AC60,2018-07-04T22:00:00+08:00,55.0,206,0.8,28.6,0.72,996.0,-99,0.0,-99,-99,-99,新北市,06,三峽區,057
24.940806,121.361500,三峽,C0AC60,2018-07-04T23:00:00+08:00,55.0,193,0.8,27.8,0.76,995.6,-99,0.0,-99,-99,-99,新北市,06,三峽區,057
24.940806,121.361500,三峽,C0AC60,2018-07-05T00:00:00+08:00,55.0,216,0.3,27.4,0.76,995.4,-99,0.0,-99,-99,-99,新北市,06,三峽區,057
24.940806,121.361500,三峽,C0AC60,2018-07-05T01:00:00+08:00,55.0,173,1.3,27.2,0.76,995.3,-99,0.0,-99,-99,-99,新北市,06,三峽區,057
24.940806,121.361500,三峽,C0AC60,2018-07-05T02:00:00+08:00,55.0,210,0.9,26.9,0.77,994.8,-99,0.0,-99,-99,-99,新北市,06,三峽區,057
24.940806,121.361500,三峽,C0AC60,2018-07-05T03:00:00+08:00,55.0,0,0.0,27.1,0.76,994.8,-99,0.0,-99,-99,-99,新北市,06,三峽區,057
24.940806,121.361500,三峽,C0AC60,2018-07-05T04:00:00+08:00,55.0,201,1.4,26.2,0.8,994.4,-99,0.0,-99,-99,-99,新北市,06,三峽區,057
24.940806,121.361500,三峽,C0AC60,2018-07-05T05:00:00+08:00,55.0,200,1.7,27.0,0.75,994.6,-99,0.0,-99,-99,-99,新北市,06,三峽區,057
24.940806,121.361500,三峽,C0AC60,2018-07-05T06:00:00+08:00,55.0,186,1.2,26.7,0.78,995.3,-99,0.0,-99,-99,-99,新北市,06,三峽區,057
24.940806,121.361500,三峽,C0AC60,2018-07-05T07:00:00+08:00,55.0,196,0.6,28.7,0.71,995.5,-99,0.0,-99,-99,-99,新北市,06,三峽區,057
24.940806,121.361500,三峽,C0AC60,2018-07-05T08:00:00+08:00,55.0,215,1.8,29.4,0.7,995.5,-99,0.0,-99,-99,-99,新北市,06,三峽區,057
24.940806,121.361500,三峽,C0AC60,2018-07-05T09:00:00+08:00,55.0,246,3.0,30.3,0.67,996.1,-99,0.0,-99,-99,-99,新北市,06,三峽區,057
24.940806,121.361500,三峽,C0AC60,2018-07-05T10:00:00+08:00,55.0,253,2.1,30.4,0.68,996.5,-99,0.0,-99,-99,-99,新北市,06,三峽區,057
24.940806,121.361500,三峽,C0AC60,2018-07-05T11:00:00+08:00,55.0,260,2.2,30.8,0.67,995.9,-99,0.0,8.8,237,2018-07-05T10:12:00+08:00,新北市,06,三峽區,057
24.940806,121.361500,三峽,C0AC60,2018-07-05T12:00:00+08:00,55.0,248,3.4,30.4,0.68,995.8,-99,0.0,-99,-99,-99,新北市,06,三峽區,057
24.940806,121.361500,三峽,C0AC60,2018-07-05T13:00:00+08:00,55.0,239,1.2,29.8,0.7,995.3,-99,0.0,-99,-99,-99,新北市,06,三峽區,057
24.940806,121.361500,三峽,C0AC60,2018-07-05T14:00:00+08:00,55.0,240,1.8,31.3,0.62,995.2,-99,0.0,-99,-99,-99,新北市,06,三峽區,057
24.940806,121.361500,三峽,C0AC60,2018-07-05T15:00:00+08:00,55.0,271,1.3,31.0,0.58,994.7,-99,0.0,7.1,325,2018-07-05T14:33:00+08:00,新北市,06,三峽區,057
24.940806,121.361500,三峽,C0AC60,2018-07-05T16:00:00+08:00,55.0,250,1.5,30.7,0.58,994.1,-99,0.0,7.7,227,2018-07-05T15:09:00+08:00,新北市,06,三峽區,057
24.940806,121.361500,三峽,C0AC60,2018-07-05T17:00:00+08:00,55.0,227,0.3,30.7,0.58,994.4,-99,0.0,-99,-99,-99,新北市,06,三峽區,057
24.940806,121.361500,三峽,C0AC60,2018-07-05T18:00:00+08:00,55.0,204,0.7,30.1,0.68,994.9,-99,0.0,-99,-99,-99,新北市,06,三峽區,057
24.940806,121.361500,三峽,C0AC60,2018-07-05T19:00:00+08:00,55.0,193,0.6,29.2,0.77,995.4,-99,0.0,-99,-99,-99,新北市,06,三峽區,057
24.940806,121.361500,三峽,C0AC60,2018-07-05T20:00:00+08:00,55.0,0,0.1,28.5,0.81,995.7,-99,0.0,-99,-99,-99,新北市,06,三峽區,057
24.940806,121.361500,三峽,C0AC60,2018-07-05T21:00:00+08:00,55.0,0,0.2,28.4,0.81,996.3,-99,0.0,-99,-99,-99,新北市,06,三峽區,057
24.940806,121.361500,三峽,C0AC60,2018-07-05T22:00:00+08:00,55.0,212,0.3,27.4,0.85,997.2,-99,0.0,-99,-99,-99,新北市,06,三峽區,057
24.940806,121.361500,三峽,C0AC60,2018-07-05T23:00:00+08:00,55.0,218,0.4,27.2,0.86,996.9,-99,0.0,-99,-99,-99,新北市,06,三峽區,057
24.940806,121.361500,三峽,C0AC60,2018-07-06T00:00:00+08:00,55.0,204,1.4,26.4,0.91,996.7,-99,0.0,-99,-99,-99,新北市,06,三峽區,057
24.940806,121.361500,三峽,C0AC60,2018-07-06T01:00:00+08:00,55.0,215,0.8,26.8,0.86,996.1,-99,0.0,-99,-99,-99,新北市,06,三峽區,057
24.940806,121.361500,三峽,C0AC60,2018-07-06T02:00:00+08:00,55.0,176,0.9,26.2,0.86,996.2,-99,0.0,-99,-99,-99,新北市,06,三峽區,057
24.940806,121.361500,三峽,C0AC60,2018-07-06T03:00:00+08:00,55.0,165,0.6,25.6,0.91,996.6,-99,0.0,-99,-99,-99,新北市,06,三峽區,057
24.940806,121.361500,三峽,C0AC60,2018-07-06T04:00:00+08:00,55.0,204,1.7,25.7,0.88,996.9,-99,0.0,-99,-99,-99,新北市,06,三峽區,057
24.940806,121.361500,三峽,C0AC60,2018-07-06T05:00:00+08:00,55.0,0,0.2,25.2,0.92,996.7,-99,0.0,-99,-99,-99,新北市,06,三峽區,057
24.940806,121.361500,三峽,C0AC60,2018-07-06T06:00:00+08:00,55.0,202,1.0,25.6,0.88,997.3,-99,0.0,-99,-99,-99,新北市,06,三峽區,057
24.940806,121.361500,三峽,C0AC60,2018-07-06T07:00:00+08:00,55.0,207,1.1,26.7,0.82,997.4,-99,0.0,-99,-99,-99,新北市,06,三峽區,057
24.940806,121.361500,三峽,C0AC60,2018-07-06T08:00:00+08:00,55.0,186,0.6,29.1,0.7,997.2,-99,0.0,-99,-99,-99,新北市,06,三峽區,057
24.940806,121.361500,三峽,C0AC60,2018-07-06T09:00:00+08:00,55.0,240,1.5,31.9,0.59,997.0,-99,0.0,-99,-99,-99,新北市,06,三峽區,057
24.940806,121.361500,三峽,C0AC60,2018-07-06T10:00:00+08:00,55.0,241,1.7,33.3,0.55,996.7,-99,0.0,8.8,195,2018-07-06T09:06:00+08:00,新北市,06,三峽區,057
24.940806,121.361500,三峽,C0AC60,2018-07-06T11:00:00+08:00,55.0,225,2.6,34.8,0.48,996.5,-99,0.0,-99,-99,-99,新北市,06,三峽區,057
24.940806,121.361500,三峽,C0AC60,2018-07-06T12:00:00+08:00,55.0,274,3.2,35.0,0.48,996.0,-99,0.0,8.8,307,2018-07-06T11:44:00+08:00,新北市,06,三峽區,057
24.940806,121.361500,三峽,C0AC60,2018-07-06T13:00:00+08:00,55.0,284,3.3,35.3,0.45,995.6,-99,0.0,-99,-99,-99,新北市,06,三峽區,057
24.940806,121.361500,三峽,C0AC60,2018-07-06T14:00:00+08:00,55.0,248,3.1,35.6,0.44,995.2,-99,0.0,9.3,237,2018-07-06T13:47:00+08:00,新北市,06,三峽區,057
24.940806,121.361500,三峽,C0AC60,2018-07-06T15:00:00+08:00,55.0,292,2.5,34.6,0.53,995.4,-99,0.0,-99,-99,-99,新北市,06,三峽區,057
24.940806,121.361500,三峽,C0AC60,2018-07-06T16:00:00+08:00,55.0,267,1.2,33.9,0.57,995.6,-99,0.0,7.7,308,2018-07-06T15:03:00+08:00,新北市,06,三峽區,057
24.940806,121.361500,三峽,C0AC60,2018-07-06T17:00:00+08:00,55.0,80,1.7,32.5,0.6,995.5,-99,0.0,-99,-99,-99,新北市,06,三峽區,057
24.940806,121.361500,三峽,C0AC60,2018-07-06T18:00:00+08:00,55.0,88,1.3,31.9,0.62,995.5,-99,0.0,-99,-99,-99,新北市,06,三峽區,057
24.940806,121.361500,三峽,C0AC60,2018-07-06T19:00:00+08:00,55.0,91,1.6,30.9,0.67,996.2,-99,0.0,-99,-99,-99,新北市,06,三峽區,057
24.940806,121.361500,三峽,C0AC60,2018-07-06T20:00:00+08:00,55.0,87,1.3,30.6,0.7,997.0,-99,0.0,-99,-99,-99,新北市,06,三峽區,057
24.940806,121.361500,三峽,C0AC60,2018-07-06T21:00:00+08:00,55.0,203,0.8,29.5,0.77,997.5,-99,0.0,-99,-99,-99,新北市,06,三峽區,057
24.940806,121.361500,三峽,C0AC60,2018-07-06T22:00:00+08:00,55.0,158,0.8,29.4,0.78,998.2,-99,0.0,-99,-99,-99,新北市,06,三峽區,057
24.940806,121.361500,三峽,C0AC60,2018-07-06T23:00:00+08:00,55.0,174,0.5,28.5,0.84,998.5,-99,0.0,-99,-99,-99,新北市,06,三峽區,057
24.940806,121.361500,三峽,C0AC60,2018-07-07T00:00:00+08:00,55.0,181,0.4,28.4,0.86,998.4,-99,0.0,-99,-99,-99,新北市,06,三峽區,057
24.940806,121.361500,三峽,C0AC60,2018-07-07T01:00:00+08:00,55.0,203,1.2,27.8,0.88,998.2,-99,0.0,-99,-99,-99,新北市,06,三峽區,057
24.940806,121.361500,三峽,C0AC60,2018-07-07T02:00:00+08:00,55.0,210,0.9,27.8,0.86,998.2,-99,0.0,-99,-99,-99,新北市,06,三峽區,057
24.940806,121.361500,三峽,C0AC60,2018-07-07T03:00:00+08:00,55.0,178,1.2,27.4,0.88,998.2,-99,0.0,-99,-99,-99,新北市,06,三峽區,057
24.940806,121.361500,三峽,C0AC60,2018-07-07T04:00:00+08:00,55.0,0,0.0,27.3,0.88,997.9,-99,0.0,-99,-99,-99,新北市,06,三峽區,057
24.940806,121.361500,三峽,C0AC60,2018-07-07T05:00:00+08:00,55.0,222,0.6,27.0,0.9,998.1,-99,0.0,-99,-99,-99,新北市,06,三峽區,057
24.940806,121.361500,三峽,C0AC60,2018-07-07T06:00:00+08:00,55.0,185,0.5,27.3,0.89,998.5,-99,0.0,-99,-99,-99,新北市,06,三峽區,057
24.940806,121.361500,三峽,C0AC60,2018-07-07T07:00:00+08:00,55.0,182,0.9,27.2,0.91,998.8,-99,0.0,-99,-99,-99,新北市,06,三峽區,057
24.940806,121.361500,三峽,C0AC60,2018-07-07T08:00:00+08:00,55.0,113,0.3,30.4,0.74,998.6,-99,0.0,-99,-99,-99,新北市,06,三峽區,057
24.940806,121.361500,三峽,C0AC60,2018-07-07T09:00:00+08:00,55.0,0,0.1,31.7,0.66,998.4,-99,0.0,-99,-99,-99,新北市,06,三峽區,057
24.940806,121.361500,三峽,C0AC60,2018-07-07T10:00:00+08:00,55.0,271,0.6,33.5,0.53,998.4,-99,0.0,-99,-99,-99,新北市,06,三峽區,057
24.940806,121.361500,三峽,C0AC60,2018-07-07T11:00:00+08:00,55.0,33,0.9,33.5,0.55,998.4,-99,0.0,-99,-99,-99,新北市,06,三峽區,057
24.940806,121.361500,三峽,C0AC60,2018-07-07T12:00:00+08:00,55.0,0,0.1,34.0,0.51,998.0,-99,0.0,-99,-99,-99,新北市,06,三峽區,057
24.940806,121.361500,三峽,C0AC60,2018-07-07T13:00:00+08:00,55.0,55,1.1,31.9,0.69,997.8,-99,0.0,-99,-99,-99,新北市,06,三峽區,057
24.940806,121.361500,三峽,C0AC60,2018-07-07T14:00:00+08:00,55.0,80,0.8,25.7,0.99,998.9,-99,22.0,-99,-99,-99,新北市,06,三峽區,057
24.940806,121.361500,三峽,C0AC60,2018-07-07T15:00:00+08:00,55.0,85,0.7,26.0,0.98,998.8,-99,22.0,-99,-99,-99,新北市,06,三峽區,057
24.940806,121.361500,三峽,C0AC60,2018-07-07T16:00:00+08:00,55.0,0,0.0,25.1,0.99,999.5,-99,36.5,-99,-99,-99,新北市,06,三峽區,057
24.940806,121.361500,三峽,C0AC60,2018-07-07T17:00:00+08:00,55.0,89,0.4,24.9,0.99,999.2,-99,38.0,-99,-99,-99,新北市,06,三峽區,057
24.940806,121.361500,三峽,C0AC60,2018-07-07T18:00:00+08:00,55.0,0,0.0,25.6,0.99,999.3,-99,38.0,-99,-99,-99,新北市,06,三峽區,057
24.940806,121.361500,三峽,C0AC60,2018-07-07T19:00:00+08:00,55.0,89,0.7,25.8,0.99,999.5,-99,38.0,-99,-99,-99,新北市,06,三峽區,057
24.940806,121.361500,三峽,C0AC60,2018-07-07T20:00:00+08:00,55.0,0,0.0,25.7,0.99,1000.1,-99,38.0,-99,-99,-99,新北市,06,三峽區,057
24.940806,121.361500,三峽,C0AC60,2018-07-07T21:00:00+08:00,55.0,81,1.1,25.7,0.99,1000.6,-99,38.0,-99,-99,-99,新北市,06,三峽區,057
24.940806,121.361500,三峽,C0AC60,2018-07-07T22:00:00+08:00,55.0,199,0.9,25.2,0.99,1001.2,-99,38.0,-99,-99,-99,新北市,06,三峽區,057
24.940806,121.361500,三峽,C0AC60,2018-07-07T23:00:00+08:00,55.0,178,1.0,25.0,0.98,1000.9,-99,38.0,-99,-99,-99,新北市,06,三峽區,057
24.940806,121.361500,三峽,C0AC60,2018-07-08T00:00:00+08:00,55.0,186,0.8,25.0,0.98,1000.3,-99,38.0,-99,-99,-99,新北市,06,三峽區,057
24.940806,121.361500,三峽,C0AC60,2018-07-08T01:00:00+08:00,55.0,163,0.5,24.9,0.97,1000.2,-99,0.0,-99,-99,-99,新北市,06,三峽區,057
24.940806,121.361500,三峽,C0AC60,2018-07-08T02:00:00+08:00,55.0,156,0.5,24.7,0.96,1000.0,-99,0.0,-99,-99,-99,新北市,06,三峽區,057
24.940806,121.361500,三峽,C0AC60,2018-07-08T03:00:00+08:00,55.0,0,0.1,24.4,0.97,999.9,-99,0.0,-99,-99,-99,新北市,06,三峽區,057
24.940806,121.361500,三峽,C0AC60,2018-07-08T04:00:00+08:00,55.0,154,0.4,24.2,0.98,999.7,-99,0.0,-99,-99,-99,新北市,06,三峽區,057
24.940806,121.361500,三峽,C0AC60,2018-07-08T05:00:00+08:00,55.0,184,0.9,24.1,0.97,999.9,-99,0.0,-99,-99,-99,新北市,06,三峽區,057
24.940806,121.361500,三峽,C0AC60,2018-07-08T06:00:00+08:00,55.0,0,0.0,24.9,0.95,1000.7,-99,0.0,-99,-99,-99,新北市,06,三峽區,057
24.940806,121.361500,三峽,C0AC60,2018-07-08T07:00:00+08:00,55.0,0,0.1,25.8,0.93,1001.0,-99,0.0,-99,-99,-99,新北市,06,三峽區,057
24.940806,121.361500,三峽,C0AC60,2018-07-08T08:00:00+08:00,55.0,78,0.7,27.7,0.87,1001.2,-99,0.0,-99,-99,-99,新北市,06,三峽區,057
24.940806,121.361500,三峽,C0AC60,2018-07-08T09:00:00+08:00,55.0,52,1.1,30.1,0.73,1001.2,-99,0.0,-99,-99,-99,新北市,06,三峽區,057
24.940806,121.361500,三峽,C0AC60,2018-07-08T10:00:00+08:00,55.0,53,1.7,31.9,0.58,1001.2,-99,0.0,-99,-99,-99,新北市,06,三峽區,057
24.940806,121.361500,三峽,C0AC60,2018-07-08T11:00:00+08:00,55.0,52,1.5,32.8,0.54,1000.8,-99,0.0,-99,-99,-99,新北市,06,三峽區,057
24.940806,121.361500,三峽,C0AC60,2018-07-08T12:00:00+08:00,55.0,80,0.3,34.2,0.48,1000.4,-99,0.0,-99,-99,-99,新北市,06,三峽區,057
24.940806,121.361500,三峽,C0AC60,2018-07-08T13:00:00+08:00,55.0,67,0.6,33.5,0.54,1000.0,-99,0.0,-99,-99,-99,新北市,06,三峽區,057
24.940806,121.361500,三峽,C0AC60,2018-07-08T14:00:00+08:00,55.0,307,0.9,32.5,0.6,999.6,-99,0.0,-99,-99,-99,新北市,06,三峽區,057
24.940806,121.361500,三峽,C0AC60,2018-07-08T15:00:00+08:00,55.0,324,1.4,31.5,0.64,999.5,-99,0.0,-99,-99,-99,新北市,06,三峽區,057
24.940806,121.361500,三峽,C0AC60,2018-07-08T16:00:00+08:00,55.0,316,1.1,31.2,0.67,999.4,-99,0.0,-99,-99,-99,新北市,06,三峽區,057
24.940806,121.361500,三峽,C0AC60,2018-07-08T17:00:00+08:00,55.0,328,0.6,31.3,0.63,999.7,-99,0.0,-99,-99,-99,新北市,06,三峽區,057
24.940806,121.361500,三峽,C0AC60,2018-07-08T18:00:00+08:00,55.0,0,0.0,31.1,0.64,1000.1,-99,0.0,-99,-99,-99,新北市,06,三峽區,057
24.940806,121.361500,三峽,C0AC60,2018-07-08T19:00:00+08:00,55.0,0,0.0,30.4,0.67,1000.5,-99,0.0,-99,-99,-99,新北市,06,三峽區,057
24.940806,121.361500,三峽,C0AC60,2018-07-08T20:00:00+08:00,55.0,0,0.2,29.1,0.85,1001.2,-99,0.0,-99,-99,-99,新北市,06,三峽區,057
24.940806,121.361500,三峽,C0AC60,2018-07-08T21:00:00+08:00,55.0,0,0.1,28.4,0.91,1001.8,-99,0.0,-99,-99,-99,新北市,06,三峽區,057
24.940806,121.361500,三峽,C0AC60,2018-07-08T22:00:00+08:00,55.0,201,0.4,27.4,0.94,1002.3,-99,0.0,-99,-99,-99,新北市,06,三峽區,057
24.940806,121.361500,三峽,C0AC60,2018-07-08T23:00:00+08:00,55.0,0,0.2,26.8,0.96,1002.1,-99,0.0,-99,-99,-99,新北市,06,三峽區,057
24.940806,121.361500,三峽,C0AC60,2018-07-09T00:00:00+08:00,55.0,161,0.6,26.5,0.98,1001.8,-99,0.0,-99,-99,-99,新北市,06,三峽區,057
24.940806,121.361500,三峽,C0AC60,2018-07-09T01:00:00+08:00,55.0,0,0.2,26.0,0.98,1001.7,-99,0.0,-99,-99,-99,新北市,06,三峽區,057
24.940806,121.361500,三峽,C0AC60,2018-07-09T02:00:00+08:00,55.0,210,0.6,25.8,0.99,1001.6,-99,0.0,-99,-99,-99,新北市,06,三峽區,057
24.940806,121.361500,三峽,C0AC60,2018-07-09T03:00:00+08:00,55.0,184,0.4,25.7,0.99,1001.2,-99,0.0,-99,-99,-99,新北市,06,三峽區,057
24.940806,121.361500,三峽,C0AC60,2018-07-09T04:00:00+08:00,55.0,168,1.1,25.8,0.97,1001.4,-99,0.0,-99,-99,-99,新北市,06,三峽區,057
24.940806,121.361500,三峽,C0AC60,2018-07-09T05:00:00+08:00,55.0,0,0.1,25.6,0.98,1001.8,-99,0.0,-99,-99,-99,新北市,06,三峽區,057
24.940806,121.361500,三峽,C0AC60,2018-07-09T06:00:00+08:00,55.0,89,0.9,26.0,0.97,1002.3,-99,0.0,-99,-99,-99,新北市,06,三峽區,057
24.940806,121.361500,三峽,C0AC60,2018-07-09T07:00:00+08:00,55.0,88,0.4,27.0,0.93,1003.0,-99,0.0,-99,-99,-99,新北市,06,三峽區,057
24.940806,121.361500,三峽,C0AC60,2018-07-09T08:00:00+08:00,55.0,55,0.9,29.4,0.78,1003.0,-99,0.0,-99,-99,-99,新北市,06,三峽區,057
24.940806,121.361500,三峽,C0AC60,2018-07-09T09:00:00+08:00,55.0,59,2.1,31.2,0.63,1002.6,-99,0.0,-99,-99,-99,新北市,06,三峽區,057
24.940806,121.361500,三峽,C0AC60,2018-07-09T10:00:00+08:00,55.0,72,1.2,32.9,0.55,1002.1,-99,0.0,-99,-99,-99,新北市,06,三峽區,057
24.940806,121.361500,三峽,C0AC60,2018-07-09T11:00:00+08:00,55.0,92,2.5,34.2,0.5,1001.4,-99,0.0,8.2,78,2018-07-09T10:32:00+08:00,新北市,06,三峽區,057
24.940806,121.361500,三峽,C0AC60,2018-07-09T12:00:00+08:00,55.0,76,2.1,34.5,0.49,1000.5,-99,0.0,7.7,78,2018-07-09T11:04:00+08:00,新北市,06,三峽區,057
24.940806,121.361500,三峽,C0AC60,2018-07-09T13:00:00+08:00,55.0,71,3.2,35.4,0.46,999.7,-99,0.0,-99,-99,-99,新北市,06,三峽區,057
24.940806,121.361500,三峽,C0AC60,2018-07-09T14:00:00+08:00,55.0,77,1.8,36.2,0.45,999.0,-99,0.0,8.2,76,2018-07-09T13:34:00+08:00,新北市,06,三峽區,057
24.940806,121.361500,三峽,C0AC60,2018-07-09T15:00:00+08:00,55.0,91,3.0,36.3,0.44,998.8,-99,0.0,-99,-99,-99,新北市,06,三峽區,057
24.940806,121.361500,三峽,C0AC60,2018-07-09T16:00:00+08:00,55.0,71,2.2,36.2,0.44,998.5,-99,0.0,-99,-99,-99,新北市,06,三峽區,057
24.940806,121.361500,三峽,C0AC60,2018-07-09T17:00:00+08:00,55.0,67,3.3,34.3,0.48,998.2,-99,0.0,8.8,84,2018-07-09T16:44:00+08:00,新北市,06,三峽區,057
24.940806,121.361500,三峽,C0AC60,2018-07-09T18:00:00+08:00,55.0,74,3.6,32.8,0.51,998.5,-99,0.0,9.3,60,2018-07-09T17:48:00+08:00,新北市,06,三峽區,057
24.940806,121.361500,三峽,C0AC60,2018-07-09T19:00:00+08:00,55.0,76,3.7,30.7,0.59,999.2,-99,0.0,8.8,55,2018-07-09T18:27:00+08:00,新北市,06,三峽區,057
24.940806,121.361500,三峽,C0AC60,2018-07-09T20:00:00+08:00,55.0,81,2.9,29.4,0.62,999.7,-99,0.0,9.9,67,2018-07-09T19:50:00+08:00,新北市,06,三峽區,057
24.940806,121.361500,三峽,C0AC60,2018-07-09T21:00:00+08:00,55.0,79,3.4,28.8,0.65,1000.4,-99,0.0,9.3,83,2018-07-09T20:38:00+08:00,新北市,06,三峽區,057
24.940806,121.361500,三峽,C0AC60,2018-07-09T22:00:00+08:00,55.0,82,3.2,28.5,0.64,1001.4,-99,0.0,9.9,68,2018-07-09T21:05:00+08:00,新北市,06,三峽區,057
24.940806,121.361500,三峽,C0AC60,2018-07-09T23:00:00+08:00,55.0,89,2.4,28.8,0.59,1001.6,-99,0.0,8.8,72,2018-07-09T22:02:00+08:00,新北市,06,三峽區,057
24.940806,121.361500,三峽,C0AC60,2018-07-10T00:00:00+08:00,55.0,85,1.3,28.3,0.66,1001.4,-99,0.0,-99,-99,-99,新北市,06,三峽區,057
24.940806,121.361500,三峽,C0AC60,2018-07-10T01:00:00+08:00,55.0,86,2.0,27.7,0.76,1000.6,-99,0.0,7.7,94,2018-07-10T00:50:00+08:00,新北市,06,三峽區,057
24.940806,121.361500,三峽,C0AC60,2018-07-10T02:00:00+08:00,55.0,91,0.9,27.1,0.8,1000.1,-99,0.0,8.2,76,2018-07-10T01:19:00+08:00,新北市,06,三峽區,057
24.940806,121.361500,三峽,C0AC60,2018-07-10T03:00:00+08:00,55.0,100,1.6,26.5,0.8,1000.0,-99,0.0,-99,-99,-99,新北市,06,三峽區,057
24.940806,121.361500,三峽,C0AC60,2018-07-10T04:00:00+08:00,55.0,96,1.4,26.3,0.8,1000.0,-99,0.0,-99,-99,-99,新北市,06,三峽區,057
24.940806,121.361500,三峽,C0AC60,2018-07-10T05:00:00+08:00,55.0,0,0.1,25.2,0.8,1000.3,-99,0.0,-99,-99,-99,新北市,06,三峽區,057
24.940806,121.361500,三峽,C0AC60,2018-07-10T06:00:00+08:00,55.0,0,0.1,24.9,0.75,1000.5,-99,0.0,-99,-99,-99,新北市,06,三峽區,057
24.940806,121.361500,三峽,C0AC60,2018-07-10T07:00:00+08:00,55.0,105,0.3,28.0,0.69,1000.6,-99,0.0,-99,-99,-99,新北市,06,三峽區,057
24.940806,121.361500,三峽,C0AC60,2018-07-10T08:00:00+08:00,55.0,83,1.8,29.6,0.69,1000.4,-99,0.0,-99,-99,-99,新北市,06,三峽區,057
24.940806,121.361500,三峽,C0AC60,2018-07-10T09:00:00+08:00,55.0,30,1.5,29.7,0.69,1000.0,-99,0.0,-99,-99,-99,新北市,06,三峽區,057
24.940806,121.361500,三峽,C0AC60,2018-07-10T10:00:00+08:00,55.0,84,1.4,30.7,0.69,999.6,-99,0.0,-99,-99,-99,新北市,06,三峽區,057
24.940806,121.361500,三峽,C0AC60,2018-07-10T11:00:00+08:00,55.0,30,2.1,29.4,0.82,999.1,-99,2.0,-99,-99,-99,新北市,06,三峽區,057
24.940806,121.361500,三峽,C0AC60,2018-07-10T12:00:00+08:00,55.0,46,1.1,29.6,0.9,998.4,-99,2.0,-99,-99,-99,新北市,06,三峽區,057
24.940806,121.361500,三峽,C0AC60,2018-07-10T13:00:00+08:00,55.0,9,2.4,31.1,0.77,997.8,-99,2.0,-99,-99,-99,新北市,06,三峽區,057
24.940806,121.361500,三峽,C0AC60,2018-07-10T14:00:00+08:00,55.0,8,0.9,29.2,0.89,997.2,-99,2.5,8.8,49,2018-07-10T13:16:00+08:00,新北市,06,三峽區,057
24.940806,121.361500,三峽,C0AC60,2018-07-10T15:00:00+08:00,55.0,3,0.9,29.7,0.84,996.7,-99,2.5,6.6,344,2018-07-10T14:54:00+08:00,新北市,06,三峽區,057
24.940806,121.361500,三峽,C0AC60,2018-07-10T16:00:00+08:00,55.0,357,1.6,29.4,0.89,996.1,-99,2.5,-99,-99,-99,新北市,06,三峽區,057
24.940806,121.361500,三峽,C0AC60,2018-07-10T17:00:00+08:00,55.0,338,2.2,29.3,0.84,995.7,-99,2.5,-99,-99,-99,新北市,06,三峽區,057
24.940806,121.361500,三峽,C0AC60,2018-07-10T18:00:00+08:00,55.0,346,2.0,28.4,0.91,995.3,-99,3.0,7.7,337,2018-07-10T17:12:00+08:00,新北市,06,三峽區,057
24.940806,121.361500,三峽,C0AC60,2018-07-10T19:00:00+08:00,55.0,340,1.3,27.4,0.97,994.6,-99,4.0,-99,-99,-99,新北市,06,三峽區,057
24.940806,121.361500,三峽,C0AC60,2018-07-10T20:00:00+08:00,55.0,344,3.0,27.4,0.97,993.9,-99,6.0,-99,-99,-99,新北市,06,三峽區,057
24.940806,121.361500,三峽,C0AC60,2018-07-10T21:00:00+08:00,55.0,343,3.0,26.9,0.99,993.3,-99,11.5,8.8,5,2018-07-10T20:45:00+08:00,新北市,06,三峽區,057
24.940806,121.361500,三峽,C0AC60,2018-07-10T23:00:00+08:00,55.0,342,3.5,27.0,0.99,990.6,-99,20.5,12.1,351,2018-07-10T22:40:00+08:00,新北市,06,三峽區,057
24.940806,121.361500,三峽,C0AC60,2018-07-11T00:00:00+08:00,55.0,317,3.6,26.6,0.99,988.7,-99,24.5,11.0,229,2018-07-11T00:00:00+08:00,新北市,06,三峽區,057
24.940806,121.361500,三峽,C0AC60,2018-07-11T01:00:00+08:00,55.0,300,3.7,26.2,0.99,986.9,-99,9.0,11.5,311,2018-07-11T00:52:00+08:00,新北市,06,三峽區,057
24.940806,121.361500,三峽,C0AC60,2018-07-11T02:00:00+08:00,55.0,290,3.5,25.9,0.99,985.9,-99,19.0,12.1,308,2018-07-11T01:30:00+08:00,新北市,06,三峽區,057
24.940806,121.361500,三峽,C0AC60,2018-07-11T03:00:00+08:00,55.0,243,4.8,25.9,0.99,984.9,-99,22.5,12.1,316,2018-07-11T02:02:00+08:00,新北市,06,三峽區,057
24.940806,121.361500,三峽,C0AC60,2018-07-11T04:00:00+08:00,55.0,239,4.3,25.3,0.99,985.6,-99,31.5,13.2,259,2018-07-11T03:29:00+08:00,新北市,06,三峽區,057
24.940806,121.361500,三峽,C0AC60,2018-07-11T05:00:00+08:00,55.0,233,3.0,25.1,0.99,986.2,-99,37.0,12.1,238,2018-07-11T04:05:00+08:00,新北市,06,三峽區,057
24.940806,121.361500,三峽,C0AC60,2018-07-11T06:00:00+08:00,55.0,228,3.3,25.4,0.99,987.3,-99,41.5,9.3,229,2018-07-11T05:44:00+08:00,新北市,06,三峽區,057
24.940806,121.361500,三峽,C0AC60,2018-07-11T07:00:00+08:00,55.0,229,2.2,26.1,0.93,988.8,-99,42.5,-99,-99,-99,新北市,06,三峽區,057
24.940806,121.361500,三峽,C0AC60,2018-07-11T08:00:00+08:00,55.0,94,0.6,25.8,0.98,990.3,-99,43.0,-99,-99,-99,新北市,06,三峽區,057
24.940806,121.361500,三峽,C0AC60,2018-07-11T09:00:00+08:00,55.0,0,0.2,25.7,0.99,992.0,-99,44.0,-99,-99,-99,新北市,06,三峽區,057
24.940806,121.361500,三峽,C0AC60,2018-07-11T10:00:00+08:00,55.0,103,0.5,26.0,0.99,993.5,-99,44.5,-99,-99,-99,新北市,06,三峽區,057
24.940806,121.361500,三峽,C0AC60,2018-07-11T11:00:00+08:00,55.0,86,1.0,26.8,0.99,994.3,-99,45.0,-99,-99,-99,新北市,06,三峽區,057
24.940806,121.361500,三峽,C0AC60,2018-07-11T12:00:00+08:00,55.0,85,0.4,28.3,0.96,994.8,-99,45.0,-99,-99,-99,新北市,06,三峽區,057
24.940806,121.361500,三峽,C0AC60,2018-07-11T13:00:00+08:00,55.0,0,0.1,29.6,0.9,994.9,-99,45.0,-99,-99,-99,新北市,06,三峽區,057
24.940806,121.361500,三峽,C0AC60,2018-07-11T14:00:00+08:00,55.0,0,0.0,30.1,0.85,995.5,-99,45.0,-99,-99,-99,新北市,06,三峽區,057
24.940806,121.361500,三峽,C0AC60,2018-07-11T15:00:00+08:00,55.0,0,0.0,31.3,0.8,995.8,-99,45.0,-99,-99,-99,新北市,06,三峽區,057
24.940806,121.361500,三峽,C0AC60,2018-07-11T16:00:00+08:00,55.0,88,1.1,30.9,0.82,995.9,-99,45.0,-99,-99,-99,新北市,06,三峽區,057
24.940806,121.361500,三峽,C0AC60,2018-07-11T17:00:00+08:00,55.0,92,1.4,30.3,0.9,996.0,-99,45.0,-99,-99,-99,新北市,06,三峽區,057
24.940806,121.361500,三峽,C0AC60,2018-07-11T18:00:00+08:00,55.0,93,0.7,30.3,0.84,996.7,-99,45.0,-99,-99,-99,新北市,06,三峽區,057
24.940806,121.361500,三峽,C0AC60,2018-07-11T19:00:00+08:00,55.0,90,1.6,29.2,0.87,997.5,-99,45.0,-99,-99,-99,新北市,06,三峽區,057
24.940806,121.361500,三峽,C0AC60,2018-07-11T20:00:00+08:00,55.0,0,0.0,28.4,0.95,998.4,-99,45.0,-99,-99,-99,新北市,06,三峽區,057
24.940806,121.361500,三峽,C0AC60,2018-07-11T21:00:00+08:00,55.0,0,0.1,27.9,0.99,999.2,-99,45.0,-99,-99,-99,新北市,06,三峽區,057
24.940806,121.361500,三峽,C0AC60,2018-07-11T22:00:00+08:00,55.0,0,0.0,27.9,0.99,1000.1,-99,45.0,-99,-99,-99,新北市,06,三峽區,057
24.940806,121.361500,三峽,C0AC60,2018-07-11T23:00:00+08:00,55.0,202,0.5,27.6,0.99,1000.5,-99,45.0,-99,-99,-99,新北市,06,三峽區,057
24.940806,121.361500,三峽,C0AC60,2018-07-12T00:00:00+08:00,55.0,187,0.4,27.6,0.99,1000.4,-99,45.0,-99,-99,-99,新北市,06,三峽區,057
24.940806,121.361500,三峽,C0AC60,2018-07-12T01:00:00+08:00,55.0,0,0.0,27.5,0.99,1000.3,-99,0.0,-99,-99,-99,新北市,06,三峽區,057
24.940806,121.361500,三峽,C0AC60,2018-07-12T02:00:00+08:00,55.0,178,0.3,27.2,0.99,1000.4,-99,0.0,-99,-99,-99,新北市,06,三峽區,057
24.940806,121.361500,三峽,C0AC60,2018-07-12T03:00:00+08:00,55.0,86,0.9,27.1,0.99,1000.3,-99,0.0,-99,-99,-99,新北市,06,三峽區,057
24.940806,121.361500,三峽,C0AC60,2018-07-12T04:00:00+08:00,55.0,0,0.0,26.8,0.99,1000.3,-99,0.0,-99,-99,-99,新北市,06,三峽區,057
24.940806,121.361500,三峽,C0AC60,2018-07-12T05:00:00+08:00,55.0,90,0.8,26.6,0.99,1000.8,-99,0.0,-99,-99,-99,新北市,06,三峽區,057
24.940806,121.361500,三峽,C0AC60,2018-07-12T06:00:00+08:00,55.0,0,0.1,26.3,0.99,1000.8,-99,0.0,-99,-99,-99,新北市,06,三峽區,057
24.940806,121.361500,三峽,C0AC60,2018-07-12T07:00:00+08:00,55.0,0,0.1,27.8,0.97,1001.2,-99,0.0,-99,-99,-99,新北市,06,三峽區,057
24.940806,121.361500,三峽,C0AC60,2018-07-12T08:00:00+08:00,55.0,94,0.7,29.3,0.85,1001.5,-99,0.0,-99,-99,-99,新北市,06,三峽區,057
24.940806,121.361500,三峽,C0AC60,2018-07-12T09:00:00+08:00,55.0,52,1.8,30.6,0.7,1001.3,-99,0.0,-99,-99,-99,新北市,06,三峽區,057
24.940806,121.361500,三峽,C0AC60,2018-07-12T10:00:00+08:00,55.0,89,0.9,31.0,0.68,1000.9,-99,0.0,-99,-99,-99,新北市,06,三峽區,057
24.940806,121.361500,三峽,C0AC60,2018-07-12T11:00:00+08:00,55.0,40,1.9,32.9,0.6,999.9,-99,0.0,-99,-99,-99,新北市,06,三峽區,057
24.940806,121.361500,三峽,C0AC60,2018-07-12T12:00:00+08:00,55.0,96,1.7,34.0,0.56,999.1,-99,0.0,-99,-99,-99,新北市,06,三峽區,057
24.940806,121.361500,三峽,C0AC60,2018-07-12T13:00:00+08:00,55.0,179,1.4,31.9,0.72,999.2,-99,0.0,6.6,47,2018-07-12T12:11:00+08:00,新北市,06,三峽區,057
24.940806,121.361500,三峽,C0AC60,2018-07-12T14:00:00+08:00,55.0,208,0.6,34.0,0.57,999.1,-99,0.0,-99,-99,-99,新北市,06,三峽區,057
24.940806,121.361500,三峽,C0AC60,2018-07-12T15:00:00+08:00,55.0,242,2.6,32.7,0.7,998.7,-99,0.0,-99,-99,-99,新北市,06,三峽區,057
24.940806,121.361500,三峽,C0AC60,2018-07-12T16:00:00+08:00,55.0,228,2.0,31.1,0.77,998.8,-99,0.0,-99,-99,-99,新北市,06,三峽區,057
24.940806,121.361500,三峽,C0AC60,2018-07-12T17:00:00+08:00,55.0,226,1.5,30.6,0.79,998.9,-99,0.0,-99,-99,-99,新北市,06,三峽區,057
24.940806,121.361500,三峽,C0AC60,2018-07-12T18:00:00+08:00,55.0,255,1.2,30.4,0.77,999.3,-99,0.0,-99,-99,-99,新北市,06,三峽區,057
24.940806,121.361500,三峽,C0AC60,2018-07-12T19:00:00+08:00,55.0,0,0.0,30.1,0.78,999.8,-99,0.0,-99,-99,-99,新北市,06,三峽區,057
24.940806,121.361500,三峽,C0AC60,2018-07-12T20:00:00+08:00,55.0,0,0.1,29.6,0.83,1000.1,-99,0.0,-99,-99,-99,新北市,06,三峽區,057
24.940806,121.361500,三峽,C0AC60,2018-07-12T21:00:00+08:00,55.0,86,1.5,28.4,0.93,1000.9,-99,0.0,-99,-99,-99,新北市,06,三峽區,057
24.940806,121.361500,三峽,C0AC60,2018-07-12T22:00:00+08:00,55.0,0,0.2,28.2,0.92,1001.6,-99,0.0,-99,-99,-99,新北市,06,三峽區,057
24.940806,121.361500,三峽,C0AC60,2018-07-12T23:00:00+08:00,55.0,0,0.0,27.6,0.94,1001.4,-99,0.0,-99,-99,-99,新北市,06,三峽區,057
24.940806,121.361500,三峽,C0AC60,2018-07-13T00:00:00+08:00,55.0,190,1.2,26.6,0.97,1001.4,-99,0.0,-99,-99,-99,新北市,06,三峽區,057
24.940806,121.361500,三峽,C0AC60,2018-07-13T01:00:00+08:00,55.0,162,1.6,26.3,0.96,1001.3,-99,0.0,-99,-99,-99,新北市,06,三峽區,057
24.940806,121.361500,三峽,C0AC60,2018-07-13T02:00:00+08:00,55.0,191,0.9,26.0,0.97,1001.1,-99,0.0,-99,-99,-99,新北市,06,三峽區,057
24.940806,121.361500,三峽,C0AC60,2018-07-13T03:00:00+08:00,55.0,187,0.6,25.9,0.97,1000.7,-99,0.0,-99,-99,-99,新北市,06,三峽區,057
24.940806,121.361500,三峽,C0AC60,2018-07-13T04:00:00+08:00,55.0,191,1.3,25.5,0.96,1000.6,-99,0.0,-99,-99,-99,新北市,06,三峽區,057
24.940806,121.361500,三峽,C0AC60,2018-07-13T05:00:00+08:00,55.0,0,0.0,25.1,0.99,1000.7,-99,0.0,-99,-99,-99,新北市,06,三峽區,057
24.940806,121.361500,三峽,C0AC60,2018-07-13T06:00:00+08:00,55.0,158,0.8,25.6,0.95,1000.6,-99,0.0,-99,-99,-99,新北市,06,三峽區,057
24.940806,121.361500,三峽,C0AC60,2018-07-13T07:00:00+08:00,55.0,0,0.2,27.7,0.88,1001.1,-99,0.0,-99,-99,-99,新北市,06,三峽區,057
24.940806,121.361500,三峽,C0AC60,2018-07-13T08:00:00+08:00,55.0,299,1.3,28.9,0.83,1001.3,-99,0.0,-99,-99,-99,新北市,06,三峽區,057
24.940806,121.361500,三峽,C0AC60,2018-07-13T09:00:00+08:00,55.0,0,0.2,31.0,0.67,1001.2,-99,0.0,-99,-99,-99,新北市,06,三峽區,057
24.940806,121.361500,三峽,C0AC60,2018-07-13T10:00:00+08:00,55.0,324,1.2,32.1,0.6,1001.0,-99,0.0,-99,-99,-99,新北市,06,三峽區,057
24.940806,121.361500,三峽,C0AC60,2018-07-13T11:00:00+08:00,55.0,355,0.4,33.5,0.54,1000.7,-99,0.0,-99,-99,-99,新北市,06,三峽區,057
24.940806,121.361500,三峽,C0AC60,2018-07-13T12:00:00+08:00,55.0,86,0.7,35.3,0.49,1000.1,-99,0.0,-99,-99,-99,新北市,06,三峽區,057
24.940806,121.361500,三峽,C0AC60,2018-07-13T13:00:00+08:00,55.0,85,2.2,35.3,0.51,999.7,-99,0.0,-99,-99,-99,新北市,06,三峽區,057
24.940806,121.361500,三峽,C0AC60,2018-07-13T14:00:00+08:00,55.0,86,1.3,35.6,0.51,999.3,-99,0.0,-99,-99,-99,新北市,06,三峽區,057
24.940806,121.361500,三峽,C0AC60,2018-07-13T15:00:00+08:00,55.0,26,1.6,34.8,0.53,999.2,-99,0.0,-99,-99,-99,新北市,06,三峽區,057
24.940806,121.361500,三峽,C0AC60,2018-07-13T16:00:00+08:00,55.0,232,4.4,32.0,0.64,999.9,-99,0.0,-99,-99,-99,新北市,06,三峽區,057
24.940806,121.361500,三峽,C0AC60,2018-07-13T17:00:00+08:00,55.0,193,0.7,31.4,0.6,999.8,-99,0.0,-99,-99,-99,新北市,06,三峽區,057
24.940806,121.361500,三峽,C0AC60,2018-07-13T18:00:00+08:00,55.0,317,0.5,30.8,0.65,999.9,-99,0.0,-99,-99,-99,新北市,06,三峽區,057
24.940806,121.361500,三峽,C0AC60,2018-07-13T19:00:00+08:00,55.0,89,1.2,30.4,0.66,1000.0,-99,0.0,-99,-99,-99,新北市,06,三峽區,057
24.940806,121.361500,三峽,C0AC60,2018-07-13T20:00:00+08:00,55.0,47,0.4,30.2,0.64,1000.6,-99,0.0,-99,-99,-99,新北市,06,三峽區,057
24.940806,121.361500,三峽,C0AC60,2018-07-13T21:00:00+08:00,55.0,102,0.6,29.5,0.69,1001.1,-99,0.0,-99,-99,-99,新北市,06,三峽區,057
24.940806,121.361500,三峽,C0AC60,2018-07-13T22:00:00+08:00,55.0,57,1.4,29.4,0.66,1001.4,-99,0.0,-99,-99,-99,新北市,06,三峽區,057
24.940806,121.361500,三峽,C0AC60,2018-07-13T23:00:00+08:00,55.0,90,1.2,29.2,0.66,1001.4,-99,0.0,-99,-99,-99,新北市,06,三峽區,057
24.940806,121.361500,三峽,C0AC60,2018-07-14T00:00:00+08:00,55.0,208,0.3,26.9,0.86,1001.0,-99,0.0,-99,-99,-99,新北市,06,三峽區,057
24.940806,121.361500,三峽,C0AC60,2018-07-14T01:00:00+08:00,55.0,181,0.9,25.8,0.94,1000.5,-99,0.0,-99,-99,-99,新北市,06,三峽區,057
24.940806,121.361500,三峽,C0AC60,2018-07-14T02:00:00+08:00,55.0,0,0.0,25.6,0.93,1000.5,-99,0.0,-99,-99,-99,新北市,06,三峽區,057
24.940806,121.361500,三峽,C0AC60,2018-07-14T03:00:00+08:00,55.0,210,0.8,25.1,0.95,1000.8,-99,0.0,-99,-99,-99,新北市,06,三峽區,057
24.940806,121.361500,三峽,C0AC60,2018-07-14T04:00:00+08:00,55.0,191,1.4,25.2,0.92,1000.6,-99,0.0,-99,-99,-99,新北市,06,三峽區,057
24.940806,121.361500,三峽,C0AC60,2018-07-14T05:00:00+08:00,55.0,149,1.3,25.1,0.91,1000.6,-99,0.0,-99,-99,-99,新北市,06,三峽區,057
24.940806,121.361500,三峽,C0AC60,2018-07-14T06:00:00+08:00,55.0,175,1.0,25.5,0.89,1000.9,-99,0.0,-99,-99,-99,新北市,06,三峽區,057
24.940806,121.361500,三峽,C0AC60,2018-07-14T07:00:00+08:00,55.0,156,1.0,27.1,0.83,1000.9,-99,0.0,-99,-99,-99,新北市,06,三峽區,057
24.940806,121.361500,三峽,C0AC60,2018-07-14T08:00:00+08:00,55.0,197,0.5,29.2,0.71,1000.7,-99,0.0,-99,-99,-99,新北市,06,三峽區,057
24.940806,121.361500,三峽,C0AC60,2018-07-14T09:00:00+08:00,55.0,142,0.4,31.3,0.59,1000.6,-99,0.0,-99,-99,-99,新北市,06,三峽區,057
24.940806,121.361500,三峽,C0AC60,2018-07-14T10:00:00+08:00,55.0,89,2.2,33.1,0.53,1000.3,-99,0.0,-99,-99,-99,新北市,06,三峽區,057
24.940806,121.361500,三峽,C0AC60,2018-07-14T11:00:00+08:00,55.0,86,1.7,34.1,0.49,1000.0,-99,0.0,-99,-99,-99,新北市,06,三峽區,057
24.940806,121.361500,三峽,C0AC60,2018-07-14T12:00:00+08:00,55.0,75,4.2,34.1,0.48,999.3,-99,0.0,10.4,77,2018-07-14T11:55:00+08:00,新北市,06,三峽區,057
24.940806,121.361500,三峽,C0AC60,2018-07-14T13:00:00+08:00,55.0,84,3.2,34.9,0.46,998.9,-99,0.0,10.4,79,2018-07-14T12:38:00+08:00,新北市,06,三峽區,057
24.940806,121.361500,三峽,C0AC60,2018-07-14T14:00:00+08:00,55.0,89,3.0,34.8,0.47,998.8,-99,0.0,9.9,85,2018-07-14T13:05:00+08:00,新北市,06,三峽區,057
24.940806,121.361500,三峽,C0AC60,2018-07-14T15:00:00+08:00,55.0,91,2.4,35.3,0.47,998.4,-99,0.0,-99,-99,-99,新北市,06,三峽區,057
24.940806,121.361500,三峽,C0AC60,2018-07-14T16:00:00+08:00,55.0,87,2.0,34.4,0.49,998.1,-99,0.0,8.8,80,2018-07-14T15:34:00+08:00,新北市,06,三峽區,057
24.940806,121.361500,三峽,C0AC60,2018-07-14T17:00:00+08:00,55.0,84,1.8,33.7,0.53,998.1,-99,0.0,-99,-99,-99,新北市,06,三峽區,057
24.940806,121.361500,三峽,C0AC60,2018-07-14T18:00:00+08:00,55.0,86,2.1,32.1,0.57,998.7,-99,0.0,-99,-99,-99,新北市,06,三峽區,057
24.940806,121.361500,三峽,C0AC60,2018-07-14T19:00:00+08:00,55.0,79,1.5,30.7,0.59,999.6,-99,0.0,-99,-99,-99,新北市,06,三峽區,057
24.940806,121.361500,三峽,C0AC60,2018-07-14T20:00:00+08:00,55.0,77,2.0,30.0,0.6,1000.1,-99,0.0,-99,-99,-99,新北市,06,三峽區,057
24.940806,121.361500,三峽,C0AC60,2018-07-14T21:00:00+08:00,55.0,86,2.1,29.9,0.59,1000.4,-99,0.0,-99,-99,-99,新北市,06,三峽區,057
24.940806,121.361500,三峽,C0AC60,2018-07-14T22:00:00+08:00,55.0,83,1.2,29.8,0.58,1000.5,-99,0.0,-99,-99,-99,新北市,06,三峽區,057
24.940806,121.361500,三峽,C0AC60,2018-07-14T23:00:00+08:00,55.0,86,1.7,29.7,0.57,1000.3,-99,0.0,-99,-99,-99,新北市,06,三峽區,057
24.940806,121.361500,三峽,C0AC60,2018-07-15T00:00:00+08:00,55.0,78,2.1,29.2,0.6,1000.0,-99,0.0,-99,-99,-99,新北市,06,三峽區,057
24.940806,121.361500,三峽,C0AC60,2018-07-15T01:00:00+08:00,55.0,94,1.8,28.4,0.64,999.7,-99,0.0,-99,-99,-99,新北市,06,三峽區,057
24.940806,121.361500,三峽,C0AC60,2018-07-15T02:00:00+08:00,55.0,190,0.5,27.5,0.72,999.7,-99,0.0,-99,-99,-99,新北市,06,三峽區,057
24.940806,121.361500,三峽,C0AC60,2018-07-15T03:00:00+08:00,55.0,157,1.4,25.8,0.79,1000.1,-99,0.0,-99,-99,-99,新北市,06,三峽區,057
24.940806,121.361500,三峽,C0AC60,2018-07-15T04:00:00+08:00,55.0,153,1.2,25.6,0.81,1000.2,-99,0.0,-99,-99,-99,新北市,06,三峽區,057
24.940806,121.361500,三峽,C0AC60,2018-07-15T05:00:00+08:00,55.0,161,0.4,25.1,0.84,1000.7,-99,0.0,-99,-99,-99,新北市,06,三峽區,057
24.940806,121.361500,三峽,C0AC60,2018-07-15T06:00:00+08:00,55.0,160,0.6,25.5,0.8,1000.9,-99,0.0,-99,-99,-99,新北市,06,三峽區,057
24.940806,121.361500,三峽,C0AC60,2018-07-15T07:00:00+08:00,55.0,171,0.3,26.5,0.76,1000.9,-99,0.0,-99,-99,-99,新北市,06,三峽區,057
24.940806,121.361500,三峽,C0AC60,2018-07-15T08:00:00+08:00,55.0,0,0.0,29.5,0.63,1001.0,-99,0.0,-99,-99,-99,新北市,06,三峽區,057
24.940806,121.361500,三峽,C0AC60,2018-07-15T09:00:00+08:00,55.0,0,0.0,31.6,0.56,1000.9,-99,0.0,-99,-99,-99,新北市,06,三峽區,057
24.940806,121.361500,三峽,C0AC60,2018-07-15T10:00:00+08:00,55.0,219,0.4,32.2,0.53,1000.6,-99,0.0,-99,-99,-99,新北市,06,三峽區,057
24.940806,121.361500,三峽,C0AC60,2018-07-15T11:00:00+08:00,55.0,88,1.7,33.8,0.47,1000.0,-99,0.0,-99,-99,-99,新北市,06,三峽區,057
24.940806,121.361500,三峽,C0AC60,2018-07-15T12:00:00+08:00,55.0,96,2.0,32.4,0.53,999.8,-99,0.0,-99,-99,-99,新北市,06,三峽區,057
24.940806,121.361500,三峽,C0AC60,2018-07-15T13:00:00+08:00,55.0,80,2.4,33.2,0.49,999.0,-99,0.0,7.7,76,2018-07-15T12:49:00+08:00,新北市,06,三峽區,057
24.940806,121.361500,三峽,C0AC60,2018-07-15T14:00:00+08:00,55.0,78,3.2,34.2,0.45,998.5,-99,0.0,8.8,89,2018-07-15T13:55:00+08:00,新北市,06,三峽區,057
24.940806,121.361500,三峽,C0AC60,2018-07-15T15:00:00+08:00,55.0,90,2.6,35.1,0.43,998.7,-99,0.0,9.3,70,2018-07-15T14:22:00+08:00,新北市,06,三峽區,057
24.940806,121.361500,三峽,C0AC60,2018-07-15T16:00:00+08:00,55.0,91,3.4,33.4,0.47,998.7,-99,0.0,-99,-99,-99,新北市,06,三峽區,057
24.940806,121.361500,三峽,C0AC60,2018-07-15T17:00:00+08:00,55.0,74,2.3,31.9,0.53,998.7,-99,0.0,11.0,93,2018-07-15T16:54:00+08:00,新北市,06,三峽區,057
24.940806,121.361500,三峽,C0AC60,2018-07-15T18:00:00+08:00,55.0,88,2.4,30.8,0.55,999.1,-99,0.0,9.9,75,2018-07-15T17:07:00+08:00,新北市,06,三峽區,057
24.940806,121.361500,三峽,C0AC60,2018-07-15T19:00:00+08:00,55.0,87,1.8,30.0,0.59,999.3,-99,0.0,7.7,76,2018-07-15T18:28:00+08:00,新北市,06,三峽區,057
24.940806,121.361500,三峽,C0AC60,2018-07-15T20:00:00+08:00,55.0,82,2.8,29.7,0.62,999.0,-99,0.0,11.0,78,2018-07-15T19:39:00+08:00,新北市,06,三峽區,057
24.940806,121.361500,三峽,C0AC60,2018-07-15T21:00:00+08:00,55.0,83,2.5,29.3,0.67,999.0,-99,0.0,8.2,69,2018-07-15T20:13:00+08:00,新北市,06,三峽區,057
24.940806,121.361500,三峽,C0AC60,2018-07-15T22:00:00+08:00,55.0,87,2.6,29.1,0.68,999.5,-99,0.0,9.9,67,2018-07-15T21:36:00+08:00,新北市,06,三峽區,057
24.940806,121.361500,三峽,C0AC60,2018-07-15T23:00:00+08:00,55.0,90,2.7,29.0,0.68,999.3,-99,0.0,8.8,84,2018-07-15T22:27:00+08:00,新北市,06,三峽區,057
24.940806,121.361500,三峽,C0AC60,2018-07-16T00:00:00+08:00,55.0,86,3.1,28.9,0.66,999.4,-99,0.0,-99,-99,-99,新北市,06,三峽區,057
24.940806,121.361500,三峽,C0AC60,2018-07-16T01:00:00+08:00,55.0,86,2.8,29.0,0.63,999.2,-99,0.0,-99,-99,-99,新北市,06,三峽區,057
24.940806,121.361500,三峽,C0AC60,2018-07-16T02:00:00+08:00,55.0,92,2.6,28.5,0.63,999.0,-99,0.0,-99,-99,-99,新北市,06,三峽區,057
24.940806,121.361500,三峽,C0AC60,2018-07-16T03:00:00+08:00,55.0,71,1.5,28.4,0.64,999.0,-99,0.0,-99,-99,-99,新北市,06,三峽區,057
24.940806,121.361500,三峽,C0AC60,2018-07-16T04:00:00+08:00,55.0,82,1.7,28.4,0.64,999.2,-99,0.0,7.1,84,2018-07-16T03:23:00+08:00,新北市,06,三峽區,057
24.940806,121.361500,三峽,C0AC60,2018-07-16T05:00:00+08:00,55.0,68,2.0,28.2,0.69,999.6,-99,0.0,-99,-99,-99,新北市,06,三峽區,057
24.940806,121.361500,三峽,C0AC60,2018-07-16T06:00:00+08:00,55.0,75,1.4,28.2,0.71,999.7,-99,0.0,-99,-99,-99,新北市,06,三峽區,057
24.940806,121.361500,三峽,C0AC60,2018-07-16T07:00:00+08:00,55.0,80,2.7,28.4,0.75,1000.0,-99,0.0,8.2,88,2018-07-16T06:36:00+08:00,新北市,06,三峽區,057
24.940806,121.361500,三峽,C0AC60,2018-07-16T08:00:00+08:00,55.0,76,3.1,28.8,0.75,999.9,-99,0.0,-99,-99,-99,新北市,06,三峽區,057
24.940806,121.361500,三峽,C0AC60,2018-07-16T09:00:00+08:00,55.0,80,2.4,28.6,0.81,999.5,-99,0.0,9.9,98,2018-07-16T08:12:00+08:00,新北市,06,三峽區,057
24.940806,121.361500,三峽,C0AC60,2018-07-16T10:00:00+08:00,55.0,87,2.7,30.5,0.68,998.9,-99,0.0,-99,-99,-99,新北市,06,三峽區,057
24.940806,121.361500,三峽,C0AC60,2018-07-16T11:00:00+08:00,55.0,91,3.4,33.4,0.56,998.6,-99,0.0,9.9,94,2018-07-16T10:22:00+08:00,新北市,06,三峽區,057
24.940806,121.361500,三峽,C0AC60,2018-07-16T12:00:00+08:00,55.0,88,3.2,33.8,0.57,998.1,-99,0.0,9.3,86,2018-07-16T11:16:00+08:00,新北市,06,三峽區,057
24.940806,121.361500,三峽,C0AC60,2018-07-16T13:00:00+08:00,55.0,92,3.6,33.8,0.56,997.5,-99,0.0,10.4,105,2018-07-16T12:47:00+08:00,新北市,06,三峽區,057
24.940806,121.361500,三峽,C0AC60,2018-07-16T14:00:00+08:00,55.0,92,2.9,34.0,0.55,997.2,-99,0.0,8.8,89,2018-07-16T13:31:00+08:00,新北市,06,三峽區,057
24.940806,121.361500,三峽,C0AC60,2018-07-16T15:00:00+08:00,55.0,91,3.3,34.8,0.51,996.8,-99,0.0,9.9,78,2018-07-16T14:04:00+08:00,新北市,06,三峽區,057
24.940806,121.361500,三峽,C0AC60,2018-07-16T16:00:00+08:00,55.0,89,3.5,34.4,0.53,996.5,-99,0.0,-99,-99,-99,新北市,06,三峽區,057
24.940806,121.361500,三峽,C0AC60,2018-07-16T17:00:00+08:00,55.0,89,3.0,33.7,0.55,996.7,-99,0.0,9.9,81,2018-07-16T16:17:00+08:00,新北市,06,三峽區,057
24.940806,121.361500,三峽,C0AC60,2018-07-16T18:00:00+08:00,55.0,94,3.5,32.8,0.55,996.9,-99,0.0,9.3,97,2018-07-16T17:07:00+08:00,新北市,06,三峽區,057
24.940806,121.361500,三峽,C0AC60,2018-07-16T19:00:00+08:00,55.0,94,2.6,31.3,0.6,997.5,-99,0.0,7.7,78,2018-07-16T18:03:00+08:00,新北市,06,三峽區,057
24.940806,121.361500,三峽,C0AC60,2018-07-16T20:00:00+08:00,55.0,96,2.4,30.8,0.62,997.6,-99,0.0,8.2,82,2018-07-16T19:14:00+08:00,新北市,06,三峽區,057
24.940806,121.361500,三峽,C0AC60,2018-07-16T21:00:00+08:00,55.0,89,2.7,30.4,0.65,997.7,-99,0.0,10.4,75,2018-07-16T20:14:00+08:00,新北市,06,三峽區,057
24.940806,121.361500,三峽,C0AC60,2018-07-16T22:00:00+08:00,55.0,81,3.3,30.0,0.66,997.9,-99,0.0,9.3,77,2018-07-16T21:44:00+08:00,新北市,06,三峽區,057
24.940806,121.361500,三峽,C0AC60,2018-07-16T23:00:00+08:00,55.0,91,2.9,29.8,0.67,998.1,-99,0.0,-99,-99,-99,新北市,06,三峽區,057
24.940806,121.361500,三峽,C0AC60,2018-07-17T00:00:00+08:00,55.0,90,3.5,29.0,0.74,998.0,-99,0.0,-99,-99,-99,新北市,06,三峽區,057
24.940806,121.361500,三峽,C0AC60,2018-07-17T01:00:00+08:00,55.0,86,3.3,29.1,0.73,997.6,-99,0.0,-99,-99,-99,新北市,06,三峽區,057
24.940806,121.361500,三峽,C0AC60,2018-07-17T02:00:00+08:00,55.0,93,3.1,29.0,0.73,997.7,-99,0.0,9.3,80,2018-07-17T01:17:00+08:00,新北市,06,三峽區,057
24.940806,121.361500,三峽,C0AC60,2018-07-17T03:00:00+08:00,55.0,92,2.6,29.6,0.68,997.5,-99,0.0,7.7,92,2018-07-17T02:56:00+08:00,新北市,06,三峽區,057
24.940806,121.361500,三峽,C0AC60,2018-07-17T04:00:00+08:00,55.0,92,3.1,29.2,0.72,997.7,-99,0.0,-99,-99,-99,新北市,06,三峽區,057
24.940806,121.361500,三峽,C0AC60,2018-07-17T05:00:00+08:00,55.0,97,1.4,29.3,0.7,998.0,-99,0.0,6.6,82,2018-07-17T04:54:00+08:00,新北市,06,三峽區,057
24.940806,121.361500,三峽,C0AC60,2018-07-17T06:00:00+08:00,55.0,95,2.6,29.3,0.72,998.1,-99,0.0,-99,-99,-99,新北市,06,三峽區,057
24.940806,121.361500,三峽,C0AC60,2018-07-17T07:00:00+08:00,55.0,91,3.3,30.2,0.68,997.7,-99,0.0,-99,-99,-99,新北市,06,三峽區,057
24.940806,121.361500,三峽,C0AC60,2018-07-17T08:00:00+08:00,55.0,90,3.0,31.7,0.62,998.0,-99,0.0,8.8,102,2018-07-17T07:38:00+08:00,新北市,06,三峽區,057
24.940806,121.361500,三峽,C0AC60,2018-07-17T09:00:00+08:00,55.0,88,2.6,32.5,0.59,997.9,-99,0.0,9.3,79,2018-07-17T08:04:00+08:00,新北市,06,三峽區,057
24.940806,121.361500,三峽,C0AC60,2018-07-17T10:00:00+08:00,55.0,90,3.0,33.2,0.56,997.4,-99,0.0,8.8,93,2018-07-17T09:38:00+08:00,新北市,06,三峽區,057
24.940806,121.361500,三峽,C0AC60,2018-07-17T11:00:00+08:00,55.0,91,3.3,34.4,0.52,996.9,-99,0.0,11.0,77,2018-07-17T10:57:00+08:00,新北市,06,三峽區,057
24.940806,121.361500,三峽,C0AC60,2018-07-17T12:00:00+08:00,55.0,94,3.5,34.5,0.51,996.5,-99,0.0,10.4,79,2018-07-17T11:14:00+08:00,新北市,06,三峽區,057
24.940806,121.361500,三峽,C0AC60,2018-07-17T13:00:00+08:00,55.0,92,3.9,34.8,0.5,996.5,-99,0.0,11.5,81,2018-07-17T12:40:00+08:00,新北市,06,三峽區,057
24.940806,121.361500,三峽,C0AC60,2018-07-17T14:00:00+08:00,55.0,90,2.9,35.2,0.49,996.3,-99,0.0,10.4,72,2018-07-17T13:25:00+08:00,新北市,06,三峽區,057
24.940806,121.361500,三峽,C0AC60,2018-07-17T15:00:00+08:00,55.0,90,4.2,34.5,0.52,995.7,-99,0.0,11.0,108,2018-07-17T14:44:00+08:00,新北市,06,三峽區,057
24.940806,121.361500,三峽,C0AC60,2018-07-17T16:00:00+08:00,55.0,92,4.5,34.3,0.53,995.8,-99,0.0,11.0,88,2018-07-17T15:04:00+08:00,新北市,06,三峽區,057
24.940806,121.361500,三峽,C0AC60,2018-07-17T17:00:00+08:00,55.0,91,4.5,33.4,0.55,996.1,-99,0.0,10.4,87,2018-07-17T16:35:00+08:00,新北市,06,三峽區,057
24.940806,121.361500,三峽,C0AC60,2018-07-17T18:00:00+08:00,55.0,90,3.6,32.4,0.57,996.6,-99,0.0,10.4,46,2018-07-17T17:11:00+08:00,新北市,06,三峽區,057
24.940806,121.361500,三峽,C0AC60,2018-07-17T19:00:00+08:00,55.0,93,3.0,31.1,0.61,997.3,-99,0.0,9.3,49,2018-07-17T18:11:00+08:00,新北市,06,三峽區,057
24.940806,121.361500,三峽,C0AC60,2018-07-17T20:00:00+08:00,55.0,86,2.1,30.7,0.64,997.6,-99,0.0,8.2,48,2018-07-17T19:50:00+08:00,新北市,06,三峽區,057
24.940806,121.361500,三峽,C0AC60,2018-07-17T21:00:00+08:00,55.0,84,2.8,30.4,0.65,998.1,-99,0.0,8.2,85,2018-07-17T20:17:00+08:00,新北市,06,三峽區,057
24.940806,121.361500,三峽,C0AC60,2018-07-17T22:00:00+08:00,55.0,87,2.8,30.1,0.65,998.3,-99,0.0,8.2,85,2018-07-17T21:25:00+08:00,新北市,06,三峽區,057
24.940806,121.361500,三峽,C0AC60,2018-07-17T23:00:00+08:00,55.0,94,2.2,29.9,0.66,998.3,-99,0.0,7.7,80,2018-07-17T22:30:00+08:00,新北市,06,三峽區,057
24.940806,121.361500,三峽,C0AC60,2018-07-18T00:00:00+08:00,55.0,88,2.1,29.6,0.67,998.3,-99,0.0,-99,-99,-99,新北市,06,三峽區,057
24.940806,121.361500,三峽,C0AC60,2018-07-18T01:00:00+08:00,55.0,88,2.9,29.4,0.65,998.1,-99,0.0,-99,-99,-99,新北市,06,三峽區,057
24.940806,121.361500,三峽,C0AC60,2018-07-18T02:00:00+08:00,55.0,87,2.9,29.0,0.68,998.1,-99,0.0,-99,-99,-99,新北市,06,三峽區,057
24.940806,121.361500,三峽,C0AC60,2018-07-18T03:00:00+08:00,55.0,88,2.8,28.7,0.71,997.8,-99,0.0,-99,-99,-99,新北市,06,三峽區,057
24.940806,121.361500,三峽,C0AC60,2018-07-18T04:00:00+08:00,55.0,69,1.1,28.9,0.69,997.8,-99,0.0,-99,-99,-99,新北市,06,三峽區,057
24.940806,121.361500,三峽,C0AC60,2018-07-18T05:00:00+08:00,55.0,71,1.6,28.7,0.71,997.9,-99,0.0,-99,-99,-99,新北市,06,三峽區,057
24.940806,121.361500,三峽,C0AC60,2018-07-18T06:00:00+08:00,55.0,73,1.3,29.4,0.65,998.8,-99,0.0,-99,-99,-99,新北市,06,三峽區,057
24.940806,121.361500,三峽,C0AC60,2018-07-18T07:00:00+08:00,55.0,83,2.8,30.2,0.64,998.9,-99,0.0,-99,-99,-99,新北市,06,三峽區,057
24.940806,121.361500,三峽,C0AC60,2018-07-18T08:00:00+08:00,55.0,89,2.2,31.7,0.58,999.0,-99,0.0,-99,-99,-99,新北市,06,三峽區,057
24.940806,121.361500,三峽,C0AC60,2018-07-18T09:00:00+08:00,55.0,77,2.4,33.1,0.53,999.0,-99,0.0,-99,-99,-99,新北市,06,三峽區,057
24.940806,121.361500,三峽,C0AC60,2018-07-18T10:00:00+08:00,55.0,81,2.5,33.7,0.52,998.5,-99,0.0,8.2,68,2018-07-18T09:47:00+08:00,新北市,06,三峽區,057
24.940806,121.361500,三峽,C0AC60,2018-07-18T11:00:00+08:00,55.0,81,2.7,34.7,0.49,998.1,-99,0.0,9.3,75,2018-07-18T10:18:00+08:00,新北市,06,三峽區,057
24.940806,121.361500,三峽,C0AC60,2018-07-18T12:00:00+08:00,55.0,84,3.1,35.0,0.47,998.0,-99,0.0,8.8,84,2018-07-18T11:49:00+08:00,新北市,06,三峽區,057
24.940806,121.361500,三峽,C0AC60,2018-07-18T13:00:00+08:00,55.0,89,3.0,35.3,0.47,997.8,-99,0.0,9.9,75,2018-07-18T12:49:00+08:00,新北市,06,三峽區,057
24.940806,121.361500,三峽,C0AC60,2018-07-18T14:00:00+08:00,55.0,95,2.3,35.4,0.47,997.3,-99,0.0,8.8,78,2018-07-18T13:18:00+08:00,新北市,06,三峽區,057
24.940806,121.361500,三峽,C0AC60,2018-07-19T11:00:00+08:00,55.0,91,3.1,33.4,0.55,999.8,-99,0.0,8.2,90,2018-07-19T10:02:00+08:00,新北市,06,三峽區,057
24.940806,121.361500,三峽,C0AC60,2018-07-19T12:00:00+08:00,55.0,89,2.8,34.8,0.52,999.0,-99,0.0,9.9,60,2018-07-19T11:06:00+08:00,新北市,06,三峽區,057
24.940806,121.361500,三峽,C0AC60,2018-07-19T13:00:00+08:00,55.0,93,3.4,35.2,0.49,998.6,-99,0.0,9.3,86,2018-07-19T12:14:00+08:00,新北市,06,三峽區,057
24.940806,121.361500,三峽,C0AC60,2018-07-19T14:00:00+08:00,55.0,87,3.2,35.9,0.47,998.2,-99,0.0,9.3,88,2018-07-19T13:36:00+08:00,新北市,06,三峽區,057
24.940806,121.361500,三峽,C0AC60,2018-07-19T15:00:00+08:00,55.0,87,2.7,35.7,0.48,997.9,-99,0.0,8.2,77,2018-07-19T14:30:00+08:00,新北市,06,三峽區,057
24.940806,121.361500,三峽,C0AC60,2018-07-19T16:00:00+08:00,55.0,73,2.7,34.8,0.51,997.6,-99,0.0,9.9,63,2018-07-19T15:28:00+08:00,新北市,06,三峽區,057
24.940806,121.361500,三峽,C0AC60,2018-07-19T17:00:00+08:00,55.0,82,2.7,34.1,0.52,997.7,-99,0.0,9.3,64,2018-07-19T16:27:00+08:00,新北市,06,三峽區,057
24.940806,121.361500,三峽,C0AC60,2018-07-19T18:00:00+08:00,55.0,81,2.3,33.0,0.55,998.2,-99,0.0,8.8,65,2018-07-19T17:37:00+08:00,新北市,06,三峽區,057
24.940806,121.361500,三峽,C0AC60,2018-07-19T19:00:00+08:00,55.0,83,2.6,31.1,0.63,998.8,-99,0.0,8.8,56,2018-07-19T18:44:00+08:00,新北市,06,三峽區,057
24.940806,121.361500,三峽,C0AC60,2018-07-19T20:00:00+08:00,55.0,77,3.1,30.1,0.67,999.0,-99,0.0,9.3,60,2018-07-19T19:10:00+08:00,新北市,06,三峽區,057
24.940806,121.361500,三峽,C0AC60,2018-07-19T21:00:00+08:00,55.0,82,2.8,29.5,0.71,999.4,-99,0.0,8.8,68,2018-07-19T20:13:00+08:00,新北市,06,三峽區,057
24.940806,121.361500,三峽,C0AC60,2018-07-19T22:00:00+08:00,55.0,86,2.6,29.3,0.73,999.9,-99,0.0,8.2,75,2018-07-19T21:03:00+08:00,新北市,06,三峽區,057
24.940806,121.361500,三峽,C0AC60,2018-07-19T23:00:00+08:00,55.0,80,3.0,29.1,0.75,999.8,-99,0.0,8.2,67,2018-07-19T22:48:00+08:00,新北市,06,三峽區,057
24.940806,121.361500,三峽,C0AC60,2018-07-20T00:00:00+08:00,55.0,77,2.6,28.7,0.77,999.4,-99,0.0,-99,-99,-99,新北市,06,三峽區,057
24.940806,121.361500,三峽,C0AC60,2018-07-20T01:00:00+08:00,55.0,92,1.0,28.3,0.78,998.7,-99,0.0,-99,-99,-99,新北市,06,三峽區,057
24.940806,121.361500,三峽,C0AC60,2018-07-20T02:00:00+08:00,55.0,149,0.6,27.6,0.79,998.5,-99,0.0,-99,-99,-99,新北市,06,三峽區,057
24.940806,121.361500,三峽,C0AC60,2018-07-20T03:00:00+08:00,55.0,144,0.4,27.2,0.82,998.2,-99,0.0,-99,-99,-99,新北市,06,三峽區,057
24.940806,121.361500,三峽,C0AC60,2018-07-20T04:00:00+08:00,55.0,90,0.4,26.7,0.85,998.2,-99,0.0,-99,-99,-99,新北市,06,三峽區,057
24.940806,121.361500,三峽,C0AC60,2018-07-20T05:00:00+08:00,55.0,124,0.3,26.4,0.85,998.5,-99,0.0,-99,-99,-99,新北市,06,三峽區,057
24.940806,121.361500,三峽,C0AC60,2018-07-20T06:00:00+08:00,55.0,152,1.0,26.6,0.82,999.0,-99,0.0,-99,-99,-99,新北市,06,三峽區,057
24.940806,121.361500,三峽,C0AC60,2018-07-20T07:00:00+08:00,55.0,77,2.0,28.7,0.76,999.5,-99,0.0,-99,-99,-99,新北市,06,三峽區,057
24.940806,121.361500,三峽,C0AC60,2018-07-20T08:00:00+08:00,55.0,76,1.5,29.8,0.71,999.4,-99,0.0,-99,-99,-99,新北市,06,三峽區,057
24.940806,121.361500,三峽,C0AC60,2018-07-20T09:00:00+08:00,55.0,77,1.5,31.2,0.65,999.2,-99,0.0,-99,-99,-99,新北市,06,三峽區,057
24.940806,121.361500,三峽,C0AC60,2018-07-20T10:00:00+08:00,55.0,69,2.2,32.0,0.63,998.7,-99,0.0,-99,-99,-99,新北市,06,三峽區,057
24.940806,121.361500,三峽,C0AC60,2018-07-20T11:00:00+08:00,55.0,57,2.6,32.4,0.59,998.5,-99,0.0,-99,-99,-99,新北市,06,三峽區,057
24.940806,121.361500,三峽,C0AC60,2018-07-20T12:00:00+08:00,55.0,77,1.8,33.3,0.55,997.9,-99,0.0,7.7,78,2018-07-20T11:16:00+08:00,新北市,06,三峽區,057
24.940806,121.361500,三峽,C0AC60,2018-07-20T13:00:00+08:00,55.0,62,2.9,33.9,0.49,997.0,-99,0.0,9.9,80,2018-07-20T12:44:00+08:00,新北市,06,三峽區,057
24.940806,121.361500,三峽,C0AC60,2018-07-20T14:00:00+08:00,55.0,80,2.9,34.5,0.46,996.8,-99,0.0,-99,-99,-99,新北市,06,三峽區,057
24.940806,121.361500,三峽,C0AC60,2018-07-20T15:00:00+08:00,55.0,71,3.5,34.2,0.45,996.5,-99,0.0,9.3,101,2018-07-20T14:02:00+08:00,新北市,06,三峽區,057
24.940806,121.361500,三峽,C0AC60,2018-07-20T16:00:00+08:00,55.0,93,1.8,34.1,0.45,996.5,-99,0.0,7.1,66,2018-07-20T15:42:00+08:00,新北市,06,三峽區,057
24.940806,121.361500,三峽,C0AC60,2018-07-20T17:00:00+08:00,55.0,101,1.4,33.4,0.49,996.6,-99,0.0,7.7,61,2018-07-20T16:05:00+08:00,新北市,06,三峽區,057
24.940806,121.361500,三峽,C0AC60,2018-07-20T18:00:00+08:00,55.0,72,2.0,31.4,0.58,997.0,-99,0.0,8.2,59,2018-07-20T17:51:00+08:00,新北市,06,三峽區,057
24.940806,121.361500,三峽,C0AC60,2018-07-20T19:00:00+08:00,55.0,90,2.1,29.7,0.68,997.4,-99,0.0,7.7,67,2018-07-20T18:26:00+08:00,新北市,06,三峽區,057
24.940806,121.361500,三峽,C0AC60,2018-07-20T20:00:00+08:00,55.0,91,2.5,29.1,0.72,997.5,-99,0.0,-99,-99,-99,新北市,06,三峽區,057
24.940806,121.361500,三峽,C0AC60,2018-07-20T21:00:00+08:00,55.0,92,1.3,28.7,0.74,997.9,-99,0.0,-99,-99,-99,新北市,06,三峽區,057
24.940806,121.361500,三峽,C0AC60,2018-07-20T22:00:00+08:00,55.0,93,2.0,28.7,0.74,997.8,-99,0.0,-99,-99,-99,新北市,06,三峽區,057
24.940806,121.361500,三峽,C0AC60,2018-07-20T23:00:00+08:00,55.0,94,0.4,28.5,0.76,997.5,-99,0.0,-99,-99,-99,新北市,06,三峽區,057
24.940806,121.361500,三峽,C0AC60,2018-07-21T00:00:00+08:00,55.0,78,0.9,28.7,0.75,997.1,-99,0.0,-99,-99,-99,新北市,06,三峽區,057
24.940806,121.361500,三峽,C0AC60,2018-07-21T01:00:00+08:00,55.0,89,1.3,28.7,0.75,996.4,-99,0.0,-99,-99,-99,新北市,06,三峽區,057
24.940806,121.361500,三峽,C0AC60,2018-07-21T02:00:00+08:00,55.0,86,0.9,27.8,0.8,995.9,-99,0.0,-99,-99,-99,新北市,06,三峽區,057
24.940806,121.361500,三峽,C0AC60,2018-07-21T03:00:00+08:00,55.0,0,0.1,27.6,0.82,995.6,-99,0.0,-99,-99,-99,新北市,06,三峽區,057
24.940806,121.361500,三峽,C0AC60,2018-07-21T04:00:00+08:00,55.0,192,0.4,27.0,0.88,995.7,-99,0.0,-99,-99,-99,新北市,06,三峽區,057
24.940806,121.361500,三峽,C0AC60,2018-07-21T05:00:00+08:00,55.0,224,0.7,26.3,0.92,995.7,-99,0.0,-99,-99,-99,新北市,06,三峽區,057
24.940806,121.361500,三峽,C0AC60,2018-07-21T06:00:00+08:00,55.0,182,1.0,26.7,0.93,995.7,-99,0.0,-99,-99,-99,新北市,06,三峽區,057
24.940806,121.361500,三峽,C0AC60,2018-07-21T07:00:00+08:00,55.0,0,0.1,27.2,0.91,996.1,-99,0.0,-99,-99,-99,新北市,06,三峽區,057
24.940806,121.361500,三峽,C0AC60,2018-07-21T08:00:00+08:00,55.0,0,0.0,26.5,0.99,996.4,-99,3.5,-99,-99,-99,新北市,06,三峽區,057
24.940806,121.361500,三峽,C0AC60,2018-07-21T09:00:00+08:00,55.0,235,1.3,26.8,0.99,996.2,-99,3.5,-99,-99,-99,新北市,06,三峽區,057
24.940806,121.361500,三峽,C0AC60,2018-07-21T10:00:00+08:00,55.0,300,1.4,29.3,0.83,995.8,-99,3.5,-99,-99,-99,新北市,06,三峽區,057
24.940806,121.361500,三峽,C0AC60,2018-07-21T11:00:00+08:00,55.0,249,1.0,30.3,0.75,995.4,-99,3.5,-99,-99,-99,新北市,06,三峽區,057
24.940806,121.361500,三峽,C0AC60,2018-07-21T12:00:00+08:00,55.0,316,1.5,31.6,0.68,994.8,-99,3.5,-99,-99,-99,新北市,06,三峽區,057
24.940806,121.361500,三峽,C0AC60,2018-07-21T13:00:00+08:00,55.0,336,2.0,31.9,0.62,994.4,-99,3.5,-99,-99,-99,新北市,06,三峽區,057
24.940806,121.361500,三峽,C0AC60,2018-07-21T14:00:00+08:00,55.0,353,1.9,30.1,0.73,994.5,-99,3.5,8.8,329,2018-07-21T13:33:00+08:00,新北市,06,三峽區,057
24.940806,121.361500,三峽,C0AC60,2018-07-21T15:00:00+08:00,55.0,230,0.3,28.3,0.93,994.5,-99,4.0,7.7,4,2018-07-21T14:04:00+08:00,新北市,06,三峽區,057
24.940806,121.361500,三峽,C0AC60,2018-07-21T16:00:00+08:00,55.0,234,0.9,28.6,0.88,994.1,-99,4.0,-99,-99,-99,新北市,06,三峽區,057
24.940806,121.361500,三峽,C0AC60,2018-07-21T17:00:00+08:00,55.0,0,0.0,27.6,0.98,994.3,-99,8.5,-99,-99,-99,新北市,06,三峽區,057
24.940806,121.361500,三峽,C0AC60,2018-07-21T18:00:00+08:00,55.0,228,1.3,27.5,0.95,994.1,-99,8.5,-99,-99,-99,新北市,06,三峽區,057
24.940806,121.361500,三峽,C0AC60,2018-07-21T19:00:00+08:00,55.0,0,0.2,27.6,0.96,994.5,-99,8.5,-99,-99,-99,新北市,06,三峽區,057
24.940806,121.361500,三峽,C0AC60,2018-07-21T20:00:00+08:00,55.0,181,1.3,27.1,0.99,994.8,-99,8.5,-99,-99,-99,新北市,06,三峽區,057
24.940806,121.361500,三峽,C0AC60,2018-07-21T21:00:00+08:00,55.0,195,0.9,26.5,0.99,995.3,-99,8.5,-99,-99,-99,新北市,06,三峽區,057
24.940806,121.361500,三峽,C0AC60,2018-07-21T22:00:00+08:00,55.0,177,1.0,26.8,0.99,995.7,-99,8.5,-99,-99,-99,新北市,06,三峽區,057
24.940806,121.361500,三峽,C0AC60,2018-07-21T23:00:00+08:00,55.0,0,0.2,26.2,0.99,995.0,-99,8.5,-99,-99,-99,新北市,06,三峽區,057
24.940806,121.361500,三峽,C0AC60,2018-07-22T00:00:00+08:00,55.0,219,0.4,25.8,0.99,994.5,-99,8.5,-99,-99,-99,新北市,06,三峽區,057
24.940806,121.361500,三峽,C0AC60,2018-07-22T01:00:00+08:00,55.0,209,0.5,25.6,1,994.1,-99,0.0,-99,-99,-99,新北市,06,三峽區,057
24.940806,121.361500,三峽,C0AC60,2018-07-22T02:00:00+08:00,55.0,166,0.8,25.5,0.99,994.2,-99,0.0,-99,-99,-99,新北市,06,三峽區,057
24.940806,121.361500,三峽,C0AC60,2018-07-22T03:00:00+08:00,55.0,197,0.3,25.3,0.99,994.5,-99,0.0,-99,-99,-99,新北市,06,三峽區,057
24.940806,121.361500,三峽,C0AC60,2018-07-22T04:00:00+08:00,55.0,182,1.0,25.2,0.98,994.5,-99,0.0,-99,-99,-99,新北市,06,三峽區,057
24.940806,121.361500,三峽,C0AC60,2018-07-22T05:00:00+08:00,55.0,0,0.0,25.1,0.99,994.8,-99,0.0,-99,-99,-99,新北市,06,三峽區,057
24.940806,121.361500,三峽,C0AC60,2018-07-22T06:00:00+08:00,55.0,171,0.3,25.4,0.99,995.2,-99,0.0,-99,-99,-99,新北市,06,三峽區,057
24.940806,121.361500,三峽,C0AC60,2018-07-22T07:00:00+08:00,55.0,210,0.4,26.5,0.94,995.3,-99,0.0,-99,-99,-99,新北市,06,三峽區,057
24.940806,121.361500,三峽,C0AC60,2018-07-22T08:00:00+08:00,55.0,6,0.5,28.7,0.86,995.0,-99,0.0,-99,-99,-99,新北市,06,三峽區,057
24.940806,121.361500,三峽,C0AC60,2018-07-22T09:00:00+08:00,55.0,94,0.5,30.8,0.75,995.2,-99,0.0,-99,-99,-99,新北市,06,三峽區,057
24.940806,121.361500,三峽,C0AC60,2018-07-22T10:00:00+08:00,55.0,314,0.8,31.4,0.7,995.0,-99,0.0,-99,-99,-99,新北市,06,三峽區,057
24.940806,121.361500,三峽,C0AC60,2018-07-22T11:00:00+08:00,55.0,270,0.7,32.6,0.64,995.1,-99,0.0,-99,-99,-99,新北市,06,三峽區,057
24.940806,121.361500,三峽,C0AC60,2018-07-22T12:00:00+08:00,55.0,87,1.9,32.7,0.62,994.7,-99,0.0,-99,-99,-99,新北市,06,三峽區,057
24.940806,121.361500,三峽,C0AC60,2018-07-22T13:00:00+08:00,55.0,0,0.1,33.5,0.63,994.3,-99,0.0,-99,-99,-99,新北市,06,三峽區,057
24.940806,121.361500,三峽,C0AC60,2018-07-22T14:00:00+08:00,55.0,302,2.1,30.6,0.75,994.1,-99,0.0,-99,-99,-99,新北市,06,三峽區,057
24.940806,121.361500,三峽,C0AC60,2018-07-22T15:00:00+08:00,55.0,242,2.3,30.4,0.82,994.3,-99,0.0,-99,-99,-99,新北市,06,三峽區,057
24.940806,121.361500,三峽,C0AC60,2018-07-22T16:00:00+08:00,55.0,243,0.3,30.0,0.86,994.4,-99,0.0,-99,-99,-99,新北市,06,三峽區,057
24.940806,121.361500,三峽,C0AC60,2018-07-22T17:00:00+08:00,55.0,225,2.1,27.2,0.97,994.8,-99,1.0,-99,-99,-99,新北市,06,三峽區,057
24.940806,121.361500,三峽,C0AC60,2018-07-22T18:00:00+08:00,55.0,216,1.9,26.6,1,995.1,-99,1.5,-99,-99,-99,新北市,06,三峽區,057
24.940806,121.361500,三峽,C0AC60,2018-07-22T19:00:00+08:00,55.0,203,1.6,26.8,0.99,995.6,-99,1.5,-99,-99,-99,新北市,06,三峽區,057
24.940806,121.361500,三峽,C0AC60,2018-07-22T20:00:00+08:00,55.0,0,0.0,27.0,0.96,996.6,-99,1.5,-99,-99,-99,新北市,06,三峽區,057
24.940806,121.361500,三峽,C0AC60,2018-07-22T21:00:00+08:00,55.0,213,1.0,26.6,0.97,997.1,-99,1.5,-99,-99,-99,新北市,06,三峽區,057
24.940806,121.361500,三峽,C0AC60,2018-07-22T22:00:00+08:00,55.0,0,0.1,27.1,0.96,997.1,-99,1.5,-99,-99,-99,新北市,06,三峽區,057
24.940806,121.361500,三峽,C0AC60,2018-07-22T23:00:00+08:00,55.0,313,0.7,26.9,0.98,996.8,-99,1.5,-99,-99,-99,新北市,06,三峽區,057
24.940806,121.361500,三峽,C0AC60,2018-07-23T00:00:00+08:00,55.0,294,0.4,26.7,0.97,996.4,-99,1.5,-99,-99,-99,新北市,06,三峽區,057
24.940806,121.361500,三峽,C0AC60,2018-07-23T01:00:00+08:00,55.0,299,0.6,26.5,0.98,995.8,-99,-99,-99,-99,-99,新北市,06,三峽區,057
24.940806,121.361500,三峽,C0AC60,2018-07-23T02:00:00+08:00,55.0,0,0.0,26.4,0.97,995.8,-99,0.0,-99,-99,-99,新北市,06,三峽區,057
24.940806,121.361500,三峽,C0AC60,2018-07-23T03:00:00+08:00,55.0,0,0.1,26.1,0.98,995.5,-99,0.0,-99,-99,-99,新北市,06,三峽區,057
24.940806,121.361500,三峽,C0AC60,2018-07-23T04:00:00+08:00,55.0,193,0.3,25.8,0.99,994.9,-99,0.0,-99,-99,-99,新北市,06,三峽區,057
24.940806,121.361500,三峽,C0AC60,2018-07-23T05:00:00+08:00,55.0,219,1.5,25.7,0.98,995.2,-99,0.0,-99,-99,-99,新北市,06,三峽區,057
24.940806,121.361500,三峽,C0AC60,2018-07-23T06:00:00+08:00,55.0,0,0.0,26.2,0.96,995.7,-99,0.0,-99,-99,-99,新北市,06,三峽區,057
24.940806,121.361500,三峽,C0AC60,2018-07-23T07:00:00+08:00,55.0,198,0.6,26.0,0.96,996.6,-99,0.0,-99,-99,-99,新北市,06,三峽區,057
24.940806,121.361500,三峽,C0AC60,2018-07-23T08:00:00+08:00,55.0,213,1.2,26.4,0.95,997.2,-99,0.0,-99,-99,-99,新北市,06,三峽區,057
24.940806,121.361500,三峽,C0AC60,2018-07-23T09:00:00+08:00,55.0,166,1.4,27.1,0.92,997.4,-99,0.0,-99,-99,-99,新北市,06,三峽區,057
24.940806,121.361500,三峽,C0AC60,2018-07-23T10:00:00+08:00,55.0,215,1.3,27.8,0.89,997.7,-99,0.0,-99,-99,-99,新北市,06,三峽區,057
24.940806,121.361500,三峽,C0AC60,2018-07-23T11:00:00+08:00,55.0,0,0.2,29.7,0.81,997.5,-99,0.0,-99,-99,-99,新北市,06,三峽區,057
24.940806,121.361500,三峽,C0AC60,2018-07-23T12:00:00+08:00,55.0,211,1.1,29.9,0.78,998.2,-99,0.0,-99,-99,-99,新北市,06,三峽區,057
24.940806,121.361500,三峽,C0AC60,2018-07-23T13:00:00+08:00,55.0,223,0.9,30.1,0.77,997.9,-99,0.0,-99,-99,-99,新北市,06,三峽區,057
24.940806,121.361500,三峽,C0AC60,2018-07-23T14:00:00+08:00,55.0,243,1.1,30.6,0.77,997.5,-99,0.0,-99,-99,-99,新北市,06,三峽區,057
24.940806,121.361500,三峽,C0AC60,2018-07-23T15:00:00+08:00,55.0,312,0.3,32.1,0.72,997.0,-99,0.0,-99,-99,-99,新北市,06,三峽區,057
24.940806,121.361500,三峽,C0AC60,2018-07-23T16:00:00+08:00,55.0,184,0.7,32.4,0.7,997.0,-99,0.0,-99,-99,-99,新北市,06,三峽區,057
24.940806,121.361500,三峽,C0AC60,2018-07-23T17:00:00+08:00,55.0,90,1.3,32.2,0.71,996.9,-99,0.0,-99,-99,-99,新北市,06,三峽區,057
24.940806,121.361500,三峽,C0AC60,2018-07-23T18:00:00+08:00,55.0,84,0.6,31.5,0.71,997.0,-99,0.0,-99,-99,-99,新北市,06,三峽區,057
24.940806,121.361500,三峽,C0AC60,2018-07-23T19:00:00+08:00,55.0,0,0.0,30.6,0.74,997.8,-99,0.0,-99,-99,-99,新北市,06,三峽區,057
24.940806,121.361500,三峽,C0AC60,2018-07-23T20:00:00+08:00,55.0,175,0.8,29.3,0.91,998.6,-99,0.0,-99,-99,-99,新北市,06,三峽區,057
24.940806,121.361500,三峽,C0AC60,2018-07-23T21:00:00+08:00,55.0,194,0.5,28.4,0.95,999.4,-99,0.0,-99,-99,-99,新北市,06,三峽區,057
24.940806,121.361500,三峽,C0AC60,2018-07-23T22:00:00+08:00,55.0,163,0.4,27.9,0.97,1000.3,-99,0.0,-99,-99,-99,新北市,06,三峽區,057
24.940806,121.361500,三峽,C0AC60,2018-07-23T23:00:00+08:00,55.0,0,0.2,27.6,0.97,1000.5,-99,0.0,-99,-99,-99,新北市,06,三峽區,057
24.940806,121.361500,三峽,C0AC60,2018-07-24T00:00:00+08:00,55.0,157,1.5,27.3,0.97,1000.3,-99,0.0,-99,-99,-99,新北市,06,三峽區,057
24.940806,121.361500,三峽,C0AC60,2018-07-24T01:00:00+08:00,55.0,190,0.8,27.0,0.97,999.7,-99,0.0,-99,-99,-99,新北市,06,三峽區,057
24.940806,121.361500,三峽,C0AC60,2018-07-24T02:00:00+08:00,55.0,0,0.2,26.9,0.96,999.7,-99,0.0,-99,-99,-99,新北市,06,三峽區,057
24.940806,121.361500,三峽,C0AC60,2018-07-24T03:00:00+08:00,55.0,175,0.4,26.7,0.98,999.6,-99,0.0,-99,-99,-99,新北市,06,三峽區,057
24.940806,121.361500,三峽,C0AC60,2018-07-24T04:00:00+08:00,55.0,196,0.6,26.5,0.98,999.7,-99,0.0,-99,-99,-99,新北市,06,三峽區,057
24.940806,121.361500,三峽,C0AC60,2018-07-24T05:00:00+08:00,55.0,0,0.0,26.4,0.98,1000.1,-99,0.0,-99,-99,-99,新北市,06,三峽區,057
24.940806,121.361500,三峽,C0AC60,2018-07-24T06:00:00+08:00,55.0,189,0.3,26.3,0.98,1000.5,-99,0.0,-99,-99,-99,新北市,06,三峽區,057
24.940806,121.361500,三峽,C0AC60,2018-07-24T07:00:00+08:00,55.0,0,0.0,27.2,0.96,1000.7,-99,0.0,-99,-99,-99,新北市,06,三峽區,057
24.940806,121.361500,三峽,C0AC60,2018-07-24T08:00:00+08:00,55.0,0,0.1,29.6,0.86,1001.1,-99,0.0,-99,-99,-99,新北市,06,三峽區,057
24.940806,121.361500,三峽,C0AC60,2018-07-24T09:00:00+08:00,55.0,354,0.7,30.6,0.78,1001.4,-99,0.0,-99,-99,-99,新北市,06,三峽區,057
24.940806,121.361500,三峽,C0AC60,2018-07-24T10:00:00+08:00,55.0,18,0.3,32.4,0.67,1001.4,-99,0.0,-99,-99,-99,新北市,06,三峽區,057
24.940806,121.361500,三峽,C0AC60,2018-07-24T11:00:00+08:00,55.0,324,1.2,33.0,0.6,1000.9,-99,0.0,-99,-99,-99,新北市,06,三峽區,057
24.940806,121.361500,三峽,C0AC60,2018-07-24T12:00:00+08:00,55.0,51,0.5,33.9,0.57,1000.6,-99,0.0,-99,-99,-99,新北市,06,三峽區,057
24.940806,121.361500,三峽,C0AC60,2018-07-24T13:00:00+08:00,55.0,7,1.0,34.0,0.59,999.9,-99,0.0,-99,-99,-99,新北市,06,三峽區,057
24.940806,121.361500,三峽,C0AC60,2018-07-24T14:00:00+08:00,55.0,25,2.3,30.4,0.88,999.8,-99,9.0,8.2,57,2018-07-24T14:00:00+08:00,新北市,06,三峽區,057
24.940806,121.361500,三峽,C0AC60,2018-07-24T15:00:00+08:00,55.0,113,2.1,26.5,1,1000.2,-99,29.0,8.2,70,2018-07-24T14:02:00+08:00,新北市,06,三峽區,057
24.940806,121.361500,三峽,C0AC60,2018-07-24T16:00:00+08:00,55.0,152,1.4,25.9,0.99,1000.2,-99,51.5,-99,-99,-99,新北市,06,三峽區,057
24.940806,121.361500,三峽,C0AC60,2018-07-24T17:00:00+08:00,55.0,0,0.0,25.8,1,1000.2,-99,51.5,-99,-99,-99,新北市,06,三峽區,057
24.940806,121.361500,三峽,C0AC60,2018-07-24T18:00:00+08:00,55.0,281,0.3,26.3,0.99,1000.7,-99,51.5,-99,-99,-99,新北市,06,三峽區,057
24.940806,121.361500,三峽,C0AC60,2018-07-24T19:00:00+08:00,55.0,168,0.5,26.4,0.99,1001.0,-99,51.5,-99,-99,-99,新北市,06,三峽區,057
24.940806,121.361500,三峽,C0AC60,2018-07-24T20:00:00+08:00,55.0,235,0.6,26.4,1,1001.6,-99,51.5,-99,-99,-99,新北市,06,三峽區,057
24.940806,121.361500,三峽,C0AC60,2018-07-24T21:00:00+08:00,55.0,189,0.3,26.2,0.99,1001.9,-99,51.5,-99,-99,-99,新北市,06,三峽區,057
24.940806,121.361500,三峽,C0AC60,2018-07-24T22:00:00+08:00,55.0,192,1.1,25.9,0.99,1002.2,-99,51.5,-99,-99,-99,新北市,06,三峽區,057
24.940806,121.361500,三峽,C0AC60,2018-07-24T23:00:00+08:00,55.0,220,0.5,25.7,0.99,1002.0,-99,51.5,-99,-99,-99,新北市,06,三峽區,057
24.940806,121.361500,三峽,C0AC60,2018-07-25T00:00:00+08:00,55.0,198,0.6,25.6,0.99,1001.8,-99,51.5,-99,-99,-99,新北市,06,三峽區,057
24.940806,121.361500,三峽,C0AC60,2018-07-25T01:00:00+08:00,55.0,216,0.6,25.6,0.99,1001.8,-99,0.0,-99,-99,-99,新北市,06,三峽區,057
24.940806,121.361500,三峽,C0AC60,2018-07-25T02:00:00+08:00,55.0,167,0.3,25.3,0.99,1001.4,-99,0.0,-99,-99,-99,新北市,06,三峽區,057
24.940806,121.361500,三峽,C0AC60,2018-07-25T03:00:00+08:00,55.0,168,1.1,25.2,0.99,1000.9,-99,0.0,-99,-99,-99,新北市,06,三峽區,057
24.940806,121.361500,三峽,C0AC60,2018-07-25T04:00:00+08:00,55.0,0,0.1,25.2,0.99,1001.0,-99,0.0,-99,-99,-99,新北市,06,三峽區,057
24.940806,121.361500,三峽,C0AC60,2018-07-25T05:00:00+08:00,55.0,198,1.1,24.9,0.99,1001.3,-99,0.0,-99,-99,-99,新北市,06,三峽區,057
24.940806,121.361500,三峽,C0AC60,2018-07-25T06:00:00+08:00,55.0,195,0.9,25.0,0.99,1002.0,-99,0.0,-99,-99,-99,新北市,06,三峽區,057
24.940806,121.361500,三峽,C0AC60,2018-07-25T07:00:00+08:00,55.0,204,0.5,25.9,0.97,1002.5,-99,0.0,-99,-99,-99,新北市,06,三峽區,057
24.940806,121.361500,三峽,C0AC60,2018-07-25T08:00:00+08:00,55.0,176,0.4,27.8,0.9,1002.7,-99,0.0,-99,-99,-99,新北市,06,三峽區,057
24.940806,121.361500,三峽,C0AC60,2018-07-25T09:00:00+08:00,55.0,45,0.4,30.4,0.75,1002.6,-99,0.0,-99,-99,-99,新北市,06,三峽區,057
24.940806,121.361500,三峽,C0AC60,2018-07-25T10:00:00+08:00,55.0,39,0.8,31.7,0.67,1002.2,-99,0.0,-99,-99,-99,新北市,06,三峽區,057
24.940806,121.361500,三峽,C0AC60,2018-07-25T11:00:00+08:00,55.0,355,0.7,32.1,0.69,1001.9,-99,0.0,-99,-99,-99,新北市,06,三峽區,057
24.940806,121.361500,三峽,C0AC60,2018-07-25T12:00:00+08:00,55.0,320,0.8,32.4,0.7,1001.4,-99,0.0,-99,-99,-99,新北市,06,三峽區,057
24.940806,121.361500,三峽,C0AC60,2018-07-25T13:00:00+08:00,55.0,312,1.1,32.2,0.7,1000.9,-99,0.0,-99,-99,-99,新北市,06,三峽區,057
24.940806,121.361500,三峽,C0AC60,2018-07-25T14:00:00+08:00,55.0,350,0.8,32.8,0.67,1000.4,-99,0.0,-99,-99,-99,新北市,06,三峽區,057
24.940806,121.361500,三峽,C0AC60,2018-07-25T15:00:00+08:00,55.0,297,1.6,33.2,0.65,999.9,-99,0.0,-99,-99,-99,新北市,06,三峽區,057
24.940806,121.361500,三峽,C0AC60,2018-07-25T16:00:00+08:00,55.0,354,0.7,31.0,0.76,999.6,-99,0.0,-99,-99,-99,新北市,06,三峽區,057
24.940806,121.361500,三峽,C0AC60,2018-07-25T17:00:00+08:00,55.0,357,0.6,31.4,0.75,999.6,-99,0.0,-99,-99,-99,新北市,06,三峽區,057
24.940806,121.361500,三峽,C0AC60,2018-07-25T18:00:00+08:00,55.0,0,0.0,31.2,0.77,999.8,-99,0.0,-99,-99,-99,新北市,06,三峽區,057
24.940806,121.361500,三峽,C0AC60,2018-07-25T19:00:00+08:00,55.0,351,0.5,30.4,0.81,1000.4,-99,0.0,-99,-99,-99,新北市,06,三峽區,057
24.940806,121.361500,三峽,C0AC60,2018-07-25T20:00:00+08:00,55.0,181,0.4,29.5,0.91,1000.8,-99,0.0,-99,-99,-99,新北市,06,三峽區,057
24.940806,121.361500,三峽,C0AC60,2018-07-25T21:00:00+08:00,55.0,196,0.9,28.7,0.95,1001.4,-99,0.0,-99,-99,-99,新北市,06,三峽區,057
24.940806,121.361500,三峽,C0AC60,2018-07-25T22:00:00+08:00,55.0,179,0.4,28.1,0.97,1001.7,-99,0.0,-99,-99,-99,新北市,06,三峽區,057
24.940806,121.361500,三峽,C0AC60,2018-07-25T23:00:00+08:00,55.0,202,0.3,27.5,0.98,1001.6,-99,0.0,-99,-99,-99,新北市,06,三峽區,057
24.940806,121.361500,三峽,C0AC60,2018-07-26T00:00:00+08:00,55.0,175,1.2,27.1,0.98,1001.7,-99,0.0,-99,-99,-99,新北市,06,三峽區,057
24.940806,121.361500,三峽,C0AC60,2018-07-26T01:00:00+08:00,55.0,165,0.8,27.1,0.99,1001.6,-99,0.0,-99,-99,-99,新北市,06,三峽區,057
24.940806,121.361500,三峽,C0AC60,2018-07-26T02:00:00+08:00,55.0,211,0.5,26.8,0.99,1001.1,-99,0.0,-99,-99,-99,新北市,06,三峽區,057
24.940806,121.361500,三峽,C0AC60,2018-07-26T03:00:00+08:00,55.0,198,0.8,26.7,0.98,1001.0,-99,0.0,-99,-99,-99,新北市,06,三峽區,057
24.940806,121.361500,三峽,C0AC60,2018-07-26T04:00:00+08:00,55.0,217,0.5,26.5,0.98,1001.0,-99,0.0,-99,-99,-99,新北市,06,三峽區,057
24.940806,121.361500,三峽,C0AC60,2018-07-26T05:00:00+08:00,55.0,195,0.6,26.2,0.98,1001.1,-99,0.0,-99,-99,-99,新北市,06,三峽區,057
24.940806,121.361500,三峽,C0AC60,2018-07-26T06:00:00+08:00,55.0,0,0.1,26.3,0.97,1001.6,-99,0.0,-99,-99,-99,新北市,06,三峽區,057
24.940806,121.361500,三峽,C0AC60,2018-07-26T07:00:00+08:00,55.0,203,0.6,27.1,0.93,1002.1,-99,0.0,-99,-99,-99,新北市,06,三峽區,057
24.940806,121.361500,三峽,C0AC60,2018-07-26T08:00:00+08:00,55.0,209,1.1,28.4,0.88,1002.2,-99,0.0,-99,-99,-99,新北市,06,三峽區,057
24.940806,121.361500,三峽,C0AC60,2018-07-26T09:00:00+08:00,55.0,308,0.7,30.1,0.86,1002.4,-99,0.0,-99,-99,-99,新北市,06,三峽區,057
24.940806,121.361500,三峽,C0AC60,2018-07-26T10:00:00+08:00,55.0,328,0.5,31.1,0.75,1002.3,-99,0.0,-99,-99,-99,新北市,06,三峽區,057
24.940806,121.361500,三峽,C0AC60,2018-07-26T11:00:00+08:00,55.0,281,0.8,31.5,0.72,1002.1,-99,0.0,-99,-99,-99,新北市,06,三峽區,057
24.940806,121.361500,三峽,C0AC60,2018-07-26T12:00:00+08:00,55.0,249,1.0,32.7,0.67,1001.4,-99,0.0,-99,-99,-99,新北市,06,三峽區,057
24.940806,121.361500,三峽,C0AC60,2018-07-26T13:00:00+08:00,55.0,41,1.0,34.0,0.6,1000.6,-99,0.0,-99,-99,-99,新北市,06,三峽區,057
24.940806,121.361500,三峽,C0AC60,2018-07-26T14:00:00+08:00,55.0,21,0.4,33.7,0.61,999.8,-99,0.0,-99,-99,-99,新北市,06,三峽區,057
24.940806,121.361500,三峽,C0AC60,2018-07-26T15:00:00+08:00,55.0,317,1.1,34.0,0.62,999.2,-99,0.0,-99,-99,-99,新北市,06,三峽區,057
24.940806,121.361500,三峽,C0AC60,2018-07-26T20:00:00+08:00,55.0,6,0.9,30.0,0.82,1000.8,-99,0.0,-99,-99,-99,新北市,06,三峽區,057
24.940806,121.361500,三峽,C0AC60,2018-07-26T21:00:00+08:00,55.0,0,0.1,29.9,0.82,1001.1,-99,0.0,-99,-99,-99,新北市,06,三峽區,057
24.940806,121.361500,三峽,C0AC60,2018-07-26T22:00:00+08:00,55.0,198,0.3,29.2,0.92,1001.2,-99,0.0,-99,-99,-99,新北市,06,三峽區,057
24.940806,121.361500,三峽,C0AC60,2018-07-26T23:00:00+08:00,55.0,191,0.5,28.5,0.96,1000.8,-99,0.0,-99,-99,-99,新北市,06,三峽區,057
24.940806,121.361500,三峽,C0AC60,2018-07-27T00:00:00+08:00,55.0,209,0.4,28.0,0.97,1000.6,-99,0.0,-99,-99,-99,新北市,06,三峽區,057
24.940806,121.361500,三峽,C0AC60,2018-07-27T01:00:00+08:00,55.0,210,0.7,27.5,0.99,1001.0,-99,0.0,-99,-99,-99,新北市,06,三峽區,057
24.940806,121.361500,三峽,C0AC60,2018-07-27T02:00:00+08:00,55.0,0,0.2,27.3,0.99,1000.6,-99,0.0,-99,-99,-99,新北市,06,三峽區,057
24.940806,121.361500,三峽,C0AC60,2018-07-27T03:00:00+08:00,55.0,163,1.0,27.4,0.97,1000.4,-99,0.0,-99,-99,-99,新北市,06,三峽區,057
24.940806,121.361500,三峽,C0AC60,2018-07-27T04:00:00+08:00,55.0,180,0.8,27.0,0.97,1000.4,-99,0.0,-99,-99,-99,新北市,06,三峽區,057
24.940806,121.361500,三峽,C0AC60,2018-07-27T05:00:00+08:00,55.0,169,0.3,26.9,0.99,1000.6,-99,0.0,-99,-99,-99,新北市,06,三峽區,057
24.940806,121.361500,三峽,C0AC60,2018-07-27T06:00:00+08:00,55.0,205,0.7,26.8,0.98,1001.1,-99,0.0,-99,-99,-99,新北市,06,三峽區,057
24.940806,121.361500,三峽,C0AC60,2018-07-27T07:00:00+08:00,55.0,185,0.7,27.8,0.94,1001.6,-99,0.0,-99,-99,-99,新北市,06,三峽區,057
24.940806,121.361500,三峽,C0AC60,2018-07-27T08:00:00+08:00,55.0,270,0.3,29.5,0.87,1002.0,-99,0.0,-99,-99,-99,新北市,06,三峽區,057
24.940806,121.361500,三峽,C0AC60,2018-07-27T09:00:00+08:00,55.0,322,0.5,30.4,0.77,1002.0,-99,0.0,-99,-99,-99,新北市,06,三峽區,057
24.940806,121.361500,三峽,C0AC60,2018-07-27T10:00:00+08:00,55.0,297,1.0,31.6,0.71,1001.6,-99,0.0,-99,-99,-99,新北市,06,三峽區,057
24.940806,121.361500,三峽,C0AC60,2018-07-27T11:00:00+08:00,55.0,353,0.9,33.0,0.61,1001.3,-99,0.0,-99,-99,-99,新北市,06,三峽區,057
24.940806,121.361500,三峽,C0AC60,2018-07-27T12:00:00+08:00,55.0,15,1.1,33.6,0.62,1001.0,-99,0.0,-99,-99,-99,新北市,06,三峽區,057
24.940806,121.361500,三峽,C0AC60,2018-07-27T13:00:00+08:00,55.0,341,1.3,33.2,0.67,1000.6,-99,0.0,-99,-99,-99,新北市,06,三峽區,057
24.940806,121.361500,三峽,C0AC60,2018-07-27T14:00:00+08:00,55.0,350,1.5,32.1,0.69,1000.4,-99,0.0,-99,-99,-99,新北市,06,三峽區,057
24.940806,121.361500,三峽,C0AC60,2018-07-27T15:00:00+08:00,55.0,227,0.5,29.7,0.8,1000.4,-99,0.0,-99,-99,-99,新北市,06,三峽區,057
24.940806,121.361500,三峽,C0AC60,2018-07-27T16:00:00+08:00,55.0,196,1.0,27.9,0.86,1000.1,-99,0.0,-99,-99,-99,新北市,06,三峽區,057
24.940806,121.361500,三峽,C0AC60,2018-07-27T17:00:00+08:00,55.0,204,0.5,28.1,0.85,999.8,-99,0.0,-99,-99,-99,新北市,06,三峽區,057
24.940806,121.361500,三峽,C0AC60,2018-07-27T18:00:00+08:00,55.0,219,1.1,27.9,0.89,999.6,-99,0.0,-99,-99,-99,新北市,06,三峽區,057
24.940806,121.361500,三峽,C0AC60,2018-07-27T19:00:00+08:00,55.0,167,0.9,27.3,0.93,999.8,-99,0.0,-99,-99,-99,新北市,06,三峽區,057
24.940806,121.361500,三峽,C0AC60,2018-07-27T20:00:00+08:00,55.0,203,1.5,26.3,1,1000.8,-99,0.0,-99,-99,-99,新北市,06,三峽區,057
24.940806,121.361500,三峽,C0AC60,2018-07-27T21:00:00+08:00,55.0,209,1.1,26.4,0.97,1001.9,-99,0.0,-99,-99,-99,新北市,06,三峽區,057
24.940806,121.361500,三峽,C0AC60,2018-07-27T22:00:00+08:00,55.0,219,1.1,26.1,0.96,1002.6,-99,0.0,-99,-99,-99,新北市,06,三峽區,057
24.940806,121.361500,三峽,C0AC60,2018-07-27T23:00:00+08:00,55.0,231,0.4,26.2,0.93,1002.5,-99,0.0,-99,-99,-99,新北市,06,三峽區,057
24.940806,121.361500,三峽,C0AC60,2018-07-28T00:00:00+08:00,55.0,223,1.0,25.6,0.96,1002.1,-99,0.0,-99,-99,-99,新北市,06,三峽區,057
24.940806,121.361500,三峽,C0AC60,2018-07-28T01:00:00+08:00,55.0,202,0.5,25.6,0.96,1002.2,-99,0.0,-99,-99,-99,新北市,06,三峽區,057
24.940806,121.361500,三峽,C0AC60,2018-07-28T02:00:00+08:00,55.0,226,0.7,25.3,0.97,1001.7,-99,0.0,-99,-99,-99,新北市,06,三峽區,057
24.940806,121.361500,三峽,C0AC60,2018-07-28T03:00:00+08:00,55.0,205,0.8,25.4,0.96,1001.5,-99,0.0,-99,-99,-99,新北市,06,三峽區,057
24.940806,121.361500,三峽,C0AC60,2018-07-28T04:00:00+08:00,55.0,213,1.0,25.4,0.95,1001.5,-99,0.0,-99,-99,-99,新北市,06,三峽區,057
24.940806,121.361500,三峽,C0AC60,2018-07-28T05:00:00+08:00,55.0,201,1.0,25.4,0.95,1001.3,-99,0.0,-99,-99,-99,新北市,06,三峽區,057
24.940806,121.361500,三峽,C0AC60,2018-07-28T06:00:00+08:00,55.0,0,0.2,25.7,0.93,1001.5,-99,0.0,-99,-99,-99,新北市,06,三峽區,057
24.940806,121.361500,三峽,C0AC60,2018-07-28T07:00:00+08:00,55.0,188,0.3,26.7,0.9,1001.9,-99,0.0,-99,-99,-99,新北市,06,三峽區,057
24.940806,121.361500,三峽,C0AC60,2018-07-28T08:00:00+08:00,55.0,189,0.5,28.7,0.77,1002.0,-99,0.0,-99,-99,-99,新北市,06,三峽區,057
24.940806,121.361500,三峽,C0AC60,2018-07-28T09:00:00+08:00,55.0,203,0.5,30.7,0.67,1002.1,-99,0.0,-99,-99,-99,新北市,06,三峽區,057
24.940806,121.361500,三峽,C0AC60,2018-07-28T10:00:00+08:00,55.0,254,0.5,32.1,0.59,1001.6,-99,0.0,-99,-99,-99,新北市,06,三峽區,057
24.940806,121.361500,三峽,C0AC60,2018-07-28T11:00:00+08:00,55.0,234,0.4,33.2,0.55,1001.1,-99,0.0,-99,-99,-99,新北市,06,三峽區,057
24.940806,121.361500,三峽,C0AC60,2018-07-28T12:00:00+08:00,55.0,55,1.1,34.8,0.48,1000.0,-99,0.0,-99,-99,-99,新北市,06,三峽區,057
24.940806,121.361500,三峽,C0AC60,2018-07-28T13:00:00+08:00,55.0,335,1.7,33.4,0.63,999.6,-99,0.0,-99,-99,-99,新北市,06,三峽區,057
24.940806,121.361500,三峽,C0AC60,2018-07-28T14:00:00+08:00,55.0,345,2.1,33.0,0.63,999.3,-99,0.0,-99,-99,-99,新北市,06,三峽區,057
24.940806,121.361500,三峽,C0AC60,2018-07-28T15:00:00+08:00,55.0,347,1.1,33.1,0.62,998.9,-99,0.0,-99,-99,-99,新北市,06,三峽區,057
24.940806,121.361500,三峽,C0AC60,2018-07-28T16:00:00+08:00,55.0,342,2.2,32.6,0.64,998.4,-99,0.0,-99,-99,-99,新北市,06,三峽區,057
24.940806,121.361500,三峽,C0AC60,2018-07-28T17:00:00+08:00,55.0,314,1.0,32.0,0.67,998.3,-99,0.0,-99,-99,-99,新北市,06,三峽區,057
24.940806,121.361500,三峽,C0AC60,2018-07-28T18:00:00+08:00,55.0,338,1.3,31.0,0.75,998.4,-99,0.0,-99,-99,-99,新北市,06,三峽區,057
24.940806,121.361500,三峽,C0AC60,2018-07-28T19:00:00+08:00,55.0,350,0.8,30.2,0.82,998.7,-99,0.0,-99,-99,-99,新北市,06,三峽區,057
24.940806,121.361500,三峽,C0AC60,2018-07-28T20:00:00+08:00,55.0,0,0.2,30.3,0.81,999.3,-99,0.0,-99,-99,-99,新北市,06,三峽區,057
24.940806,121.361500,三峽,C0AC60,2018-07-28T21:00:00+08:00,55.0,0,0.0,29.9,0.84,1000.1,-99,0.0,-99,-99,-99,新北市,06,三峽區,057
24.940806,121.361500,三峽,C0AC60,2018-07-28T22:00:00+08:00,55.0,234,0.9,29.4,0.88,1000.7,-99,0.0,-99,-99,-99,新北市,06,三峽區,057
24.940806,121.361500,三峽,C0AC60,2018-07-28T23:00:00+08:00,55.0,206,0.7,28.4,0.94,1001.1,-99,0.0,-99,-99,-99,新北市,06,三峽區,057
24.940806,121.361500,三峽,C0AC60,2018-07-29T00:00:00+08:00,55.0,206,1.5,28.0,0.96,1000.9,-99,0.0,-99,-99,-99,新北市,06,三峽區,057
24.940806,121.361500,三峽,C0AC60,2018-07-29T01:00:00+08:00,55.0,211,1.3,27.9,0.97,1000.4,-99,0.0,-99,-99,-99,新北市,06,三峽區,057
24.940806,121.361500,三峽,C0AC60,2018-07-29T02:00:00+08:00,55.0,249,1.4,28.0,0.94,1000.0,-99,0.0,-99,-99,-99,新北市,06,三峽區,057
24.940806,121.361500,三峽,C0AC60,2018-07-29T03:00:00+08:00,55.0,238,2.2,27.9,0.92,1000.0,-99,0.0,-99,-99,-99,新北市,06,三峽區,057
24.940806,121.361500,三峽,C0AC60,2018-07-29T04:00:00+08:00,55.0,205,0.6,26.7,0.98,999.7,-99,0.0,-99,-99,-99,新北市,06,三峽區,057
24.940806,121.361500,三峽,C0AC60,2018-07-29T05:00:00+08:00,55.0,0,0.0,26.7,0.95,999.8,-99,0.0,-99,-99,-99,新北市,06,三峽區,057
24.940806,121.361500,三峽,C0AC60,2018-07-29T06:00:00+08:00,55.0,210,1.0,26.2,0.97,1000.1,-99,0.0,-99,-99,-99,新北市,06,三峽區,057
24.940806,121.361500,三峽,C0AC60,2018-07-29T07:00:00+08:00,55.0,0,0.1,27.6,0.89,1000.3,-99,0.0,-99,-99,-99,新北市,06,三峽區,057
24.940806,121.361500,三峽,C0AC60,2018-07-29T08:00:00+08:00,55.0,321,1.2,29.4,0.74,1000.4,-99,0.0,-99,-99,-99,新北市,06,三峽區,057
24.940806,121.361500,三峽,C0AC60,2018-07-29T09:00:00+08:00,55.0,268,1.9,30.8,0.64,1000.3,-99,0.0,-99,-99,-99,新北市,06,三峽區,057
24.940806,121.361500,三峽,C0AC60,2018-07-29T10:00:00+08:00,55.0,298,1.3,32.0,0.57,1000.0,-99,0.0,-99,-99,-99,新北市,06,三峽區,057
24.940806,121.361500,三峽,C0AC60,2018-07-29T11:00:00+08:00,55.0,270,1.4,33.1,0.53,999.6,-99,0.0,-99,-99,-99,新北市,06,三峽區,057
24.940806,121.361500,三峽,C0AC60,2018-07-29T12:00:00+08:00,55.0,248,1.6,34.0,0.52,998.9,-99,0.0,-99,-99,-99,新北市,06,三峽區,057
24.940806,121.361500,三峽,C0AC60,2018-07-29T13:00:00+08:00,55.0,218,0.8,35.3,0.46,998.3,-99,0.0,-99,-99,-99,新北市,06,三峽區,057
24.940806,121.361500,三峽,C0AC60,2018-07-29T14:00:00+08:00,55.0,309,2.0,35.7,0.45,997.7,-99,0.0,-99,-99,-99,新北市,06,三峽區,057
24.940806,121.361500,三峽,C0AC60,2018-07-29T15:00:00+08:00,55.0,329,1.3,35.3,0.46,997.5,-99,0.0,-99,-99,-99,新北市,06,三峽區,057
24.940806,121.361500,三峽,C0AC60,2018-07-29T16:00:00+08:00,55.0,323,1.9,34.7,0.49,997.2,-99,0.0,-99,-99,-99,新北市,06,三峽區,057
24.940806,121.361500,三峽,C0AC60,2018-07-29T17:00:00+08:00,55.0,329,1.7,33.9,0.56,997.0,-99,0.0,-99,-99,-99,新北市,06,三峽區,057
24.940806,121.361500,三峽,C0AC60,2018-07-29T18:00:00+08:00,55.0,324,1.4,32.8,0.62,997.2,-99,0.0,-99,-99,-99,新北市,06,三峽區,057
24.940806,121.361500,三峽,C0AC60,2018-07-29T19:00:00+08:00,55.0,304,1.0,31.5,0.69,997.9,-99,0.0,-99,-99,-99,新北市,06,三峽區,057
24.940806,121.361500,三峽,C0AC60,2018-07-29T20:00:00+08:00,55.0,208,1.3,30.7,0.76,998.6,-99,0.0,-99,-99,-99,新北市,06,三峽區,057
24.940806,121.361500,三峽,C0AC60,2018-07-29T21:00:00+08:00,55.0,202,1.2,29.1,0.88,999.4,-99,0.0,-99,-99,-99,新北市,06,三峽區,057
24.940806,121.361500,三峽,C0AC60,2018-07-29T22:00:00+08:00,55.0,200,1.5,28.2,0.94,1000.2,-99,0.0,-99,-99,-99,新北市,06,三峽區,057
24.940806,121.361500,三峽,C0AC60,2018-07-29T23:00:00+08:00,55.0,201,1.2,28.2,0.94,1000.3,-99,0.0,-99,-99,-99,新北市,06,三峽區,057
24.940806,121.361500,三峽,C0AC60,2018-07-30T00:00:00+08:00,55.0,229,1.6,28.5,0.94,1000.2,-99,0.0,-99,-99,-99,新北市,06,三峽區,057
24.940806,121.361500,三峽,C0AC60,2018-07-30T01:00:00+08:00,55.0,244,1.2,28.5,0.93,999.6,-99,0.0,-99,-99,-99,新北市,06,三峽區,057
24.940806,121.361500,三峽,C0AC60,2018-07-30T02:00:00+08:00,55.0,240,1.3,28.3,0.93,999.2,-99,0.0,-99,-99,-99,新北市,06,三峽區,057
24.940806,121.361500,三峽,C0AC60,2018-07-30T03:00:00+08:00,55.0,318,0.7,28.3,0.93,998.8,-99,0.0,-99,-99,-99,新北市,06,三峽區,057
24.940806,121.361500,三峽,C0AC60,2018-07-30T04:00:00+08:00,55.0,201,0.9,27.3,0.96,998.5,-99,0.0,-99,-99,-99,新北市,06,三峽區,057
24.940806,121.361500,三峽,C0AC60,2018-07-30T05:00:00+08:00,55.0,0,0.2,26.8,0.97,998.7,-99,0.0,-99,-99,-99,新北市,06,三峽區,057
24.940806,121.361500,三峽,C0AC60,2018-07-30T06:00:00+08:00,55.0,210,1.0,26.4,0.98,999.0,-99,0.0,-99,-99,-99,新北市,06,三峽區,057
24.940806,121.361500,三峽,C0AC60,2018-07-30T07:00:00+08:00,55.0,200,1.4,27.4,0.92,999.5,-99,0.0,-99,-99,-99,新北市,06,三峽區,057
24.940806,121.361500,三峽,C0AC60,2018-07-30T08:00:00+08:00,55.0,230,1.9,29.2,0.82,999.7,-99,0.0,-99,-99,-99,新北市,06,三峽區,057
24.940806,121.361500,三峽,C0AC60,2018-07-30T09:00:00+08:00,55.0,246,2.3,30.4,0.69,1000.0,-99,0.0,-99,-99,-99,新北市,06,三峽區,057
24.940806,121.361500,三峽,C0AC60,2018-07-30T10:00:00+08:00,55.0,249,2.0,32.1,0.57,999.8,-99,0.0,-99,-99,-99,新北市,06,三峽區,057
24.940806,121.361500,三峽,C0AC60,2018-07-30T11:00:00+08:00,55.0,260,1.6,33.3,0.58,999.8,-99,0.0,-99,-99,-99,新北市,06,三峽區,057
24.940806,121.361500,三峽,C0AC60,2018-07-30T12:00:00+08:00,55.0,249,1.8,33.7,0.56,999.3,-99,0.0,-99,-99,-99,新北市,06,三峽區,057
24.940806,121.361500,三峽,C0AC60,2018-07-30T13:00:00+08:00,55.0,263,2.0,34.9,0.52,998.6,-99,0.0,-99,-99,-99,新北市,06,三峽區,057
24.940806,121.361500,三峽,C0AC60,2018-07-30T14:00:00+08:00,55.0,307,1.1,35.0,0.52,998.0,-99,0.0,-99,-99,-99,新北市,06,三峽區,057
24.940806,121.361500,三峽,C0AC60,2018-07-30T15:00:00+08:00,55.0,252,1.3,35.0,0.53,997.3,-99,0.0,-99,-99,-99,新北市,06,三峽區,057
24.940806,121.361500,三峽,C0AC60,2018-07-30T16:00:00+08:00,55.0,268,1.4,34.7,0.57,997.0,-99,0.0,-99,-99,-99,新北市,06,三峽區,057
24.940806,121.361500,三峽,C0AC60,2018-07-30T17:00:00+08:00,55.0,302,2.6,34.1,0.55,997.0,-99,0.0,-99,-99,-99,新北市,06,三峽區,057
24.940806,121.361500,三峽,C0AC60,2018-07-30T18:00:00+08:00,55.0,273,1.0,33.1,0.56,997.3,-99,0.0,-99,-99,-99,新北市,06,三峽區,057
24.940806,121.361500,三峽,C0AC60,2018-07-30T19:00:00+08:00,55.0,236,1.4,31.3,0.61,997.8,-99,0.0,-99,-99,-99,新北市,06,三峽區,057
24.940806,121.361500,三峽,C0AC60,2018-07-30T20:00:00+08:00,55.0,232,0.5,30.6,0.66,998.8,-99,0.0,-99,-99,-99,新北市,06,三峽區,057
24.940806,121.361500,三峽,C0AC60,2018-07-30T21:00:00+08:00,55.0,196,1.8,29.5,0.79,999.6,-99,0.0,-99,-99,-99,新北市,06,三峽區,057
24.940806,121.361500,三峽,C0AC60,2018-07-30T22:00:00+08:00,55.0,214,1.0,29.5,0.82,1000.1,-99,0.0,-99,-99,-99,新北市,06,三峽區,057
24.940806,121.361500,三峽,C0AC60,2018-07-30T23:00:00+08:00,55.0,213,0.6,28.8,0.88,999.8,-99,0.0,-99,-99,-99,新北市,06,三峽區,057
24.940806,121.361500,三峽,C0AC60,2018-07-31T00:00:00+08:00,55.0,200,1.3,28.2,0.93,999.5,-99,0.0,-99,-99,-99,新北市,06,三峽區,057
24.940806,121.361500,三峽,C0AC60,2018-07-31T01:00:00+08:00,55.0,205,0.9,27.7,0.95,999.1,-99,0.0,-99,-99,-99,新北市,06,三峽區,057
24.940806,121.361500,三峽,C0AC60,2018-07-31T02:00:00+08:00,55.0,205,1.4,27.9,0.94,998.6,-99,0.0,-99,-99,-99,新北市,06,三峽區,057
24.940806,121.361500,三峽,C0AC60,2018-07-31T03:00:00+08:00,55.0,0,0.0,27.7,0.94,998.5,-99,0.0,-99,-99,-99,新北市,06,三峽區,057
24.940806,121.361500,三峽,C0AC60,2018-07-31T04:00:00+08:00,55.0,0,0.0,27.0,0.95,998.5,-99,0.0,-99,-99,-99,新北市,06,三峽區,057
24.940806,121.361500,三峽,C0AC60,2018-07-31T05:00:00+08:00,55.0,0,0.1,26.9,0.94,998.9,-99,0.0,-99,-99,-99,新北市,06,三峽區,057
24.940806,121.361500,三峽,C0AC60,2018-07-31T07:00:00+08:00,55.0,171,0.9,27.8,0.88,999.3,-99,0.0,-99,-99,-99,新北市,06,三峽區,057
24.940806,121.361500,三峽,C0AC60,2018-07-31T08:00:00+08:00,55.0,225,0.8,29.7,0.78,999.6,-99,0.0,-99,-99,-99,新北市,06,三峽區,057
24.940806,121.361500,三峽,C0AC60,2018-07-31T09:00:00+08:00,55.0,298,0.9,31.2,0.69,999.6,-99,0.0,-99,-99,-99,新北市,06,三峽區,057
24.940806,121.361500,三峽,C0AC60,2018-07-31T10:00:00+08:00,55.0,304,1.3,32.1,0.63,999.7,-99,0.0,-99,-99,-99,新北市,06,三峽區,057
24.940806,121.361500,三峽,C0AC60,2018-07-31T11:00:00+08:00,55.0,251,2.2,33.5,0.57,999.4,-99,0.0,-99,-99,-99,新北市,06,三峽區,057
24.940806,121.361500,三峽,C0AC60,2018-07-31T12:00:00+08:00,55.0,238,1.9,34.1,0.57,998.8,-99,0.0,-99,-99,-99,新北市,06,三峽區,057
24.940806,121.361500,三峽,C0AC60,2018-07-31T13:00:00+08:00,55.0,279,1.6,34.9,0.54,998.0,-99,0.0,-99,-99,-99,新北市,06,三峽區,057
24.940806,121.361500,三峽,C0AC60,2018-07-31T14:00:00+08:00,55.0,300,2.1,34.7,0.56,997.3,-99,0.0,-99,-99,-99,新北市,06,三峽區,057
24.940806,121.361500,三峽,C0AC60,2018-07-31T15:00:00+08:00,55.0,283,1.6,35.4,0.52,996.8,-99,0.0,-99,-99,-99,新北市,06,三峽區,057
24.940806,121.361500,三峽,C0AC60,2018-07-31T16:00:00+08:00,55.0,280,2.1,34.9,0.53,996.7,-99,0.0,-99,-99,-99,新北市,06,三峽區,057
24.940806,121.361500,三峽,C0AC60,2018-07-31T17:00:00+08:00,55.0,315,1.6,34.6,0.53,996.2,-99,0.0,-99,-99,-99,新北市,06,三峽區,057
24.940806,121.361500,三峽,C0AC60,2018-07-31T18:00:00+08:00,55.0,248,1.7,33.4,0.55,997.1,-99,0.0,-99,-99,-99,新北市,06,三峽區,057
24.940806,121.361500,三峽,C0AC60,2018-07-31T19:00:00+08:00,55.0,244,1.5,31.8,0.61,997.4,-99,0.0,-99,-99,-99,新北市,06,三峽區,057
24.940806,121.361500,三峽,C0AC60,2018-07-31T20:00:00+08:00,55.0,235,0.9,31.3,0.65,998.4,-99,0.0,-99,-99,-99,新北市,06,三峽區,057
24.940806,121.361500,三峽,C0AC60,2018-07-31T21:00:00+08:00,55.0,206,0.7,29.7,0.77,998.8,-99,0.0,-99,-99,-99,新北市,06,三峽區,057
24.940806,121.361500,三峽,C0AC60,2018-07-31T22:00:00+08:00,55.0,209,1.2,29.4,0.82,999.2,-99,0.0,-99,-99,-99,新北市,06,三峽區,057
24.940806,121.361500,三峽,C0AC60,2018-07-31T23:00:00+08:00,55.0,0,0.2,28.6,0.91,999.1,-99,0.0,-99,-99,-99,新北市,06,三峽區,057
