24.940806,121.361500,三峽,C0AC60,2018-12-01T00:00:00+08:00,55.0,205,0.5,19.5,0.82,1013.7,-99,0.0,-99,-99,-99,新北市,06,三峽區,057
24.940806,121.361500,三峽,C0AC60,2018-12-01T01:00:00+08:00,55.0,160,1.3,19.2,0.87,1013.5,-99,0.0,-99,-99,-99,新北市,06,三峽區,057
24.940806,121.361500,三峽,C0AC60,2018-12-01T02:00:00+08:00,55.0,166,0.6,19.4,0.85,1013.4,-99,0.0,-99,-99,-99,新北市,06,三峽區,057
24.940806,121.361500,三峽,C0AC60,2018-12-01T03:00:00+08:00,55.0,175,1.2,19.4,0.87,1013.3,-99,0.0,-99,-99,-99,新北市,06,三峽區,057
24.940806,121.361500,三峽,C0AC60,2018-12-01T04:00:00+08:00,55.0,175,0.3,19.0,0.91,1012.9,-99,0.0,-99,-99,-99,新北市,06,三峽區,057
24.940806,121.361500,三峽,C0AC60,2018-12-01T05:00:00+08:00,55.0,178,0.5,18.4,0.95,1013.1,-99,0.0,-99,-99,-99,新北市,06,三峽區,057
24.940806,121.361500,三峽,C0AC60,2018-12-01T06:00:00+08:00,55.0,149,0.4,18.0,0.96,1013.4,-99,0.0,-99,-99,-99,新北市,06,三峽區,057
24.940806,121.361500,三峽,C0AC60,2018-12-01T07:00:00+08:00,55.0,0,0.2,18.0,0.97,1014.4,-99,0.0,-99,-99,-99,新北市,06,三峽區,057
24.940806,121.361500,三峽,C0AC60,2018-12-01T08:00:00+08:00,55.0,156,0.5,19.0,0.93,1014.8,-99,0.0,-99,-99,-99,新北市,06,三峽區,057
24.940806,121.361500,三峽,C0AC60,2018-12-01T09:00:00+08:00,55.0,0,0.0,21.7,0.78,1014.9,-99,0.0,-99,-99,-99,新北市,06,三峽區,057
24.940806,121.361500,三峽,C0AC60,2018-12-01T10:00:00+08:00,55.0,40,1.9,23.6,0.71,1013.8,-99,0.0,-99,-99,-99,新北市,06,三峽區,057
24.940806,121.361500,三峽,C0AC60,2018-12-01T11:00:00+08:00,55.0,62,1.3,25.8,0.53,1013.1,-99,0.0,-99,-99,-99,新北市,06,三峽區,057
24.940806,121.361500,三峽,C0AC60,2018-12-01T12:00:00+08:00,55.0,0,0.2,27.1,0.48,1012.2,-99,0.0,-99,-99,-99,新北市,06,三峽區,057
24.940806,121.361500,三峽,C0AC60,2018-12-01T13:00:00+08:00,55.0,336,1.6,26.6,0.57,1011.2,-99,0.0,-99,-99,-99,新北市,06,三峽區,057
24.940806,121.361500,三峽,C0AC60,2018-12-01T14:00:00+08:00,55.0,0,0.0,27.6,0.54,1010.6,-99,0.0,-99,-99,-99,新北市,06,三峽區,057
24.940806,121.361500,三峽,C0AC60,2018-12-01T15:00:00+08:00,55.0,103,0.3,27.7,0.5,1010.3,-99,0.0,-99,-99,-99,新北市,06,三峽區,057
24.940806,121.361500,三峽,C0AC60,2018-12-01T16:00:00+08:00,55.0,0,0.0,27.3,0.59,1010.2,-99,0.0,-99,-99,-99,新北市,06,三峽區,057
24.940806,121.361500,三峽,C0AC60,2018-12-01T17:00:00+08:00,55.0,0,0.0,24.8,0.71,1010.4,-99,0.0,-99,-99,-99,新北市,06,三峽區,057
24.940806,121.361500,三峽,C0AC60,2018-12-01T18:00:00+08:00,55.0,0,0.0,23.5,0.8,1010.8,-99,0.0,-99,-99,-99,新北市,06,三峽區,057
24.940806,121.361500,三峽,C0AC60,2018-12-01T19:00:00+08:00,55.0,168,0.5,21.6,0.94,1011.4,-99,0.0,-99,-99,-99,新北市,06,三峽區,057
24.940806,121.361500,三峽,C0AC60,2018-12-01T20:00:00+08:00,55.0,172,0.5,20.6,0.95,1011.8,-99,0.0,-99,-99,-99,新北市,06,三峽區,057
24.940806,121.361500,三峽,C0AC60,2018-12-01T21:00:00+08:00,55.0,157,1.7,20.0,0.94,1011.9,-99,0.0,-99,-99,-99,新北市,06,三峽區,057
24.940806,121.361500,三峽,C0AC60,2018-12-01T22:00:00+08:00,55.0,150,1.2,19.4,0.95,1011.7,-99,0.0,-99,-99,-99,新北市,06,三峽區,057
24.940806,121.361500,三峽,C0AC60,2018-12-01T23:00:00+08:00,55.0,162,1.5,18.7,0.96,1011.2,-99,0.0,-99,-99,-99,新北市,06,三峽區,057
24.940806,121.361500,三峽,C0AC60,2018-12-02T00:00:00+08:00,55.0,158,1.4,18.5,0.96,1010.8,-99,0.0,-99,-99,-99,新北市,06,三峽區,057
24.940806,121.361500,三峽,C0AC60,2018-12-02T01:00:00+08:00,55.0,159,2.7,18.1,0.97,1010.8,-99,0.0,-99,-99,-99,新北市,06,三峽區,057
24.940806,121.361500,三峽,C0AC60,2018-12-02T02:00:00+08:00,55.0,199,0.9,17.5,0.99,1010.8,-99,0.0,-99,-99,-99,新北市,06,三峽區,057
24.940806,121.361500,三峽,C0AC60,2018-12-02T03:00:00+08:00,55.0,159,2.1,17.2,0.95,1010.8,-99,0.0,-99,-99,-99,新北市,06,三峽區,057
24.940806,121.361500,三峽,C0AC60,2018-12-02T04:00:00+08:00,55.0,156,2.0,17.6,0.91,1010.5,-99,0.0,-99,-99,-99,新北市,06,三峽區,057
24.940806,121.361500,三峽,C0AC60,2018-12-02T05:00:00+08:00,55.0,157,1.3,17.2,0.92,1010.8,-99,0.0,-99,-99,-99,新北市,06,三峽區,057
24.940806,121.361500,三峽,C0AC60,2018-12-02T06:00:00+08:00,55.0,154,2.4,16.8,0.94,1011.0,-99,0.0,-99,-99,-99,新北市,06,三峽區,057
24.940806,121.361500,三峽,C0AC60,2018-12-02T07:00:00+08:00,55.0,162,1.4,17.3,0.9,1011.2,-99,0.0,-99,-99,-99,新北市,06,三峽區,057
24.940806,121.361500,三峽,C0AC60,2018-12-02T08:00:00+08:00,55.0,152,1.2,19.0,0.81,1011.5,-99,0.0,-99,-99,-99,新北市,06,三峽區,057
24.940806,121.361500,三峽,C0AC60,2018-12-02T09:00:00+08:00,55.0,177,1.3,21.8,0.72,1011.7,-99,0.0,-99,-99,-99,新北市,06,三峽區,057
24.940806,121.361500,三峽,C0AC60,2018-12-02T10:00:00+08:00,55.0,101,0.5,24.8,0.58,1011.3,-99,0.0,-99,-99,-99,新北市,06,三峽區,057
24.940806,121.361500,三峽,C0AC60,2018-12-02T11:00:00+08:00,55.0,0,0.2,26.9,0.45,1010.4,-99,0.0,-99,-99,-99,新北市,06,三峽區,057
24.940806,121.361500,三峽,C0AC60,2018-12-02T12:00:00+08:00,55.0,228,0.4,27.6,0.41,1009.5,-99,0.0,-99,-99,-99,新北市,06,三峽區,057
24.940806,121.361500,三峽,C0AC60,2018-12-02T13:00:00+08:00,55.0,247,1.6,28.6,0.39,1008.4,-99,0.0,-99,-99,-99,新北市,06,三峽區,057
24.940806,121.361500,三峽,C0AC60,2018-12-02T14:00:00+08:00,55.0,0,0.0,29.8,0.36,1007.8,-99,0.0,-99,-99,-99,新北市,06,三峽區,057
24.940806,121.361500,三峽,C0AC60,2018-12-02T15:00:00+08:00,55.0,227,0.7,30.1,0.36,1007.9,-99,0.0,-99,-99,-99,新北市,06,三峽區,057
24.940806,121.361500,三峽,C0AC60,2018-12-02T16:00:00+08:00,55.0,0,0.0,30.2,0.38,1008.1,-99,0.0,-99,-99,-99,新北市,06,三峽區,057
24.940806,121.361500,三峽,C0AC60,2018-12-02T17:00:00+08:00,55.0,303,1.1,25.7,0.61,1009.0,-99,0.0,-99,-99,-99,新北市,06,三峽區,057
24.940806,121.361500,三峽,C0AC60,2018-12-02T18:00:00+08:00,55.0,197,0.5,23.0,0.71,1009.4,-99,0.0,-99,-99,-99,新北市,06,三峽區,057
24.940806,121.361500,三峽,C0AC60,2018-12-02T19:00:00+08:00,55.0,185,0.4,22.4,0.79,1010.1,-99,0.0,-99,-99,-99,新北市,06,三峽區,057
24.940806,121.361500,三峽,C0AC60,2018-12-02T20:00:00+08:00,55.0,163,1.6,21.0,0.89,1011.1,-99,0.0,-99,-99,-99,新北市,06,三峽區,057
24.940806,121.361500,三峽,C0AC60,2018-12-02T21:00:00+08:00,55.0,209,1.7,20.2,0.9,1011.6,-99,0.0,-99,-99,-99,新北市,06,三峽區,057
24.940806,121.361500,三峽,C0AC60,2018-12-02T22:00:00+08:00,55.0,0,0.0,20.4,0.88,1011.7,-99,0.0,-99,-99,-99,新北市,06,三峽區,057
24.940806,121.361500,三峽,C0AC60,2018-12-02T23:00:00+08:00,55.0,158,2.1,19.5,0.94,1011.7,-99,0.0,-99,-99,-99,新北市,06,三峽區,057
24.940806,121.361500,三峽,C0AC60,2018-12-03T00:00:00+08:00,55.0,188,0.9,19.1,0.91,1011.3,-99,0.0,-99,-99,-99,新北市,06,三峽區,057
24.940806,121.361500,三峽,C0AC60,2018-12-03T01:00:00+08:00,55.0,153,0.8,18.9,0.9,1010.8,-99,0.0,-99,-99,-99,新北市,06,三峽區,057
24.940806,121.361500,三峽,C0AC60,2018-12-03T02:00:00+08:00,55.0,321,0.6,18.7,0.89,1010.6,-99,0.0,-99,-99,-99,新北市,06,三峽區,057
24.940806,121.361500,三峽,C0AC60,2018-12-03T03:00:00+08:00,55.0,185,0.9,18.0,0.92,1011.0,-99,0.0,-99,-99,-99,新北市,06,三峽區,057
24.940806,121.361500,三峽,C0AC60,2018-12-03T04:00:00+08:00,55.0,216,0.4,17.6,0.93,1011.0,-99,0.0,-99,-99,-99,新北市,06,三峽區,057
24.940806,121.361500,三峽,C0AC60,2018-12-03T05:00:00+08:00,55.0,159,1.8,17.0,0.93,1011.3,-99,0.0,-99,-99,-99,新北市,06,三峽區,057
24.940806,121.361500,三峽,C0AC60,2018-12-03T06:00:00+08:00,55.0,229,0.8,17.2,0.92,1011.7,-99,0.0,-99,-99,-99,新北市,06,三峽區,057
24.940806,121.361500,三峽,C0AC60,2018-12-03T07:00:00+08:00,55.0,0,0.0,17.1,0.91,1012.0,-99,0.0,-99,-99,-99,新北市,06,三峽區,057
24.940806,121.361500,三峽,C0AC60,2018-12-03T08:00:00+08:00,55.0,163,0.3,19.3,0.8,1012.6,-99,0.0,-99,-99,-99,新北市,06,三峽區,057
24.940806,121.361500,三峽,C0AC60,2018-12-03T09:00:00+08:00,55.0,0,0.1,21.0,0.7,1012.9,-99,0.0,-99,-99,-99,新北市,06,三峽區,057
24.940806,121.361500,三峽,C0AC60,2018-12-03T10:00:00+08:00,55.0,72,0.5,24.2,0.61,1012.7,-99,0.0,-99,-99,-99,新北市,06,三峽區,057
24.940806,121.361500,三峽,C0AC60,2018-12-03T11:00:00+08:00,55.0,104,0.4,26.4,0.54,1011.7,-99,0.0,-99,-99,-99,新北市,06,三峽區,057
24.940806,121.361500,三峽,C0AC60,2018-12-03T12:00:00+08:00,55.0,0,0.1,28.3,0.36,1010.7,-99,0.0,-99,-99,-99,新北市,06,三峽區,057
24.940806,121.361500,三峽,C0AC60,2018-12-03T13:00:00+08:00,55.0,0,0.1,30.2,0.34,1009.5,-99,0.0,-99,-99,-99,新北市,06,三峽區,057
24.940806,121.361500,三峽,C0AC60,2018-12-03T14:00:00+08:00,55.0,346,1.0,28.9,0.42,1009.0,-99,0.0,-99,-99,-99,新北市,06,三峽區,057
24.940806,121.361500,三峽,C0AC60,2018-12-03T15:00:00+08:00,55.0,311,1.5,28.3,0.48,1008.9,-99,0.0,-99,-99,-99,新北市,06,三峽區,057
24.940806,121.361500,三峽,C0AC60,2018-12-03T16:00:00+08:00,55.0,311,0.8,27.7,0.54,1009.1,-99,0.0,-99,-99,-99,新北市,06,三峽區,057
24.940806,121.361500,三峽,C0AC60,2018-12-03T17:00:00+08:00,55.0,0,0.0,25.8,0.62,1009.5,-99,0.0,-99,-99,-99,新北市,06,三峽區,057
24.940806,121.361500,三峽,C0AC60,2018-12-03T18:00:00+08:00,55.0,163,0.9,23.6,0.76,1010.2,-99,0.0,-99,-99,-99,新北市,06,三峽區,057
24.940806,121.361500,三峽,C0AC60,2018-12-03T19:00:00+08:00,55.0,210,0.3,22.2,0.81,1010.6,-99,0.0,-99,-99,-99,新北市,06,三峽區,057
24.940806,121.361500,三峽,C0AC60,2018-12-03T20:00:00+08:00,55.0,176,0.6,21.1,0.87,1011.1,-99,0.0,-99,-99,-99,新北市,06,三峽區,057
24.940806,121.361500,三峽,C0AC60,2018-12-03T21:00:00+08:00,55.0,192,0.4,20.4,0.9,1011.2,-99,0.0,-99,-99,-99,新北市,06,三峽區,057
24.940806,121.361500,三峽,C0AC60,2018-12-03T22:00:00+08:00,55.0,164,2.3,19.7,0.92,1011.3,-99,0.0,-99,-99,-99,新北市,06,三峽區,057
24.940806,121.361500,三峽,C0AC60,2018-12-03T23:00:00+08:00,55.0,194,0.4,19.2,0.93,1011.2,-99,0.0,-99,-99,-99,新北市,06,三峽區,057
24.940806,121.361500,三峽,C0AC60,2018-12-04T00:00:00+08:00,55.0,215,0.7,18.7,0.91,1010.9,-99,0.0,-99,-99,-99,新北市,06,三峽區,057
24.940806,121.361500,三峽,C0AC60,2018-12-04T01:00:00+08:00,55.0,0,0.0,18.6,0.95,1010.9,-99,0.0,-99,-99,-99,新北市,06,三峽區,057
24.940806,121.361500,三峽,C0AC60,2018-12-04T02:00:00+08:00,55.0,0,0.0,18.6,0.91,1010.8,-99,0.0,-99,-99,-99,新北市,06,三峽區,057
24.940806,121.361500,三峽,C0AC60,2018-12-04T03:00:00+08:00,55.0,203,1.7,17.8,0.93,1010.9,-99,0.0,-99,-99,-99,新北市,06,三峽區,057
24.940806,121.361500,三峽,C0AC60,2018-12-04T04:00:00+08:00,55.0,164,1.2,17.8,0.9,1010.5,-99,0.0,-99,-99,-99,新北市,06,三峽區,057
24.940806,121.361500,三峽,C0AC60,2018-12-04T05:00:00+08:00,55.0,158,2.2,17.4,0.92,1010.8,-99,0.0,-99,-99,-99,新北市,06,三峽區,057
24.940806,121.361500,三峽,C0AC60,2018-12-04T06:00:00+08:00,55.0,158,0.8,17.4,0.92,1011.5,-99,0.0,-99,-99,-99,新北市,06,三峽區,057
24.940806,121.361500,三峽,C0AC60,2018-12-04T07:00:00+08:00,55.0,171,0.9,17.7,0.91,1012.2,-99,0.0,-99,-99,-99,新北市,06,三峽區,057
24.940806,121.361500,三峽,C0AC60,2018-12-04T08:00:00+08:00,55.0,195,1.8,19.7,0.78,1012.5,-99,0.0,-99,-99,-99,新北市,06,三峽區,057
24.940806,121.361500,三峽,C0AC60,2018-12-04T09:00:00+08:00,55.0,97,0.9,23.3,0.62,1012.8,-99,0.0,-99,-99,-99,新北市,06,三峽區,057
24.940806,121.361500,三峽,C0AC60,2018-12-04T10:00:00+08:00,55.0,101,0.8,25.6,0.55,1012.7,-99,0.0,-99,-99,-99,新北市,06,三峽區,057
24.940806,121.361500,三峽,C0AC60,2018-12-04T11:00:00+08:00,55.0,180,0.7,28.1,0.53,1011.7,-99,0.0,-99,-99,-99,新北市,06,三峽區,057
24.940806,121.361500,三峽,C0AC60,2018-12-04T12:00:00+08:00,55.0,303,0.4,28.9,0.53,1010.6,-99,0.0,-99,-99,-99,新北市,06,三峽區,057
24.940806,121.361500,三峽,C0AC60,2018-12-04T13:00:00+08:00,55.0,236,1.0,28.9,0.53,1009.8,-99,0.0,-99,-99,-99,新北市,06,三峽區,057
24.940806,121.361500,三峽,C0AC60,2018-12-04T14:00:00+08:00,55.0,2,1.1,29.7,0.52,1009.4,-99,0.0,-99,-99,-99,新北市,06,三峽區,057
24.940806,121.361500,三峽,C0AC60,2018-12-04T15:00:00+08:00,55.0,55,0.8,29.8,0.52,1009.0,-99,0.0,-99,-99,-99,新北市,06,三峽區,057
24.940806,121.361500,三峽,C0AC60,2018-12-04T16:00:00+08:00,55.0,0,0.1,28.9,0.56,1009.1,-99,0.0,-99,-99,-99,新北市,06,三峽區,057
24.940806,121.361500,三峽,C0AC60,2018-12-04T17:00:00+08:00,55.0,0,0.0,26.8,0.73,1009.6,-99,0.0,-99,-99,-99,新北市,06,三峽區,057
24.940806,121.361500,三峽,C0AC60,2018-12-04T18:00:00+08:00,55.0,0,0.0,25.1,0.86,1010.2,-99,0.0,-99,-99,-99,新北市,06,三峽區,057
24.940806,121.361500,三峽,C0AC60,2018-12-04T19:00:00+08:00,55.0,167,1.3,24.5,0.88,1010.9,-99,0.0,-99,-99,-99,新北市,06,三峽區,057
24.940806,121.361500,三峽,C0AC60,2018-12-04T20:00:00+08:00,55.0,71,2.2,24.2,0.87,1011.6,-99,0.0,-99,-99,-99,新北市,06,三峽區,057
24.940806,121.361500,三峽,C0AC60,2018-12-04T21:00:00+08:00,55.0,83,1.4,23.2,0.89,1012.0,-99,0.0,7.1,88,2018-12-04T20:44:00+08:00,新北市,06,三峽區,057
24.940806,121.361500,三峽,C0AC60,2018-12-04T22:00:00+08:00,55.0,91,1.3,22.8,0.94,1012.5,-99,0.0,-99,-99,-99,新北市,06,三峽區,057
24.940806,121.361500,三峽,C0AC60,2018-12-04T23:00:00+08:00,55.0,94,2.0,22.5,0.94,1012.5,-99,0.0,-99,-99,-99,新北市,06,三峽區,057
24.940806,121.361500,三峽,C0AC60,2018-12-05T00:00:00+08:00,55.0,93,1.8,22.1,0.94,1012.4,-99,0.0,-99,-99,-99,新北市,06,三峽區,057
24.940806,121.361500,三峽,C0AC60,2018-12-05T01:00:00+08:00,55.0,90,2.2,21.5,0.95,1012.2,-99,0.0,-99,-99,-99,新北市,06,三峽區,057
24.940806,121.361500,三峽,C0AC60,2018-12-05T02:00:00+08:00,55.0,79,2.8,21.5,0.94,1012.3,-99,0.0,-99,-99,-99,新北市,06,三峽區,057
24.940806,121.361500,三峽,C0AC60,2018-12-05T03:00:00+08:00,55.0,94,1.5,21.3,0.95,1012.2,-99,0.0,-99,-99,-99,新北市,06,三峽區,057
24.940806,121.361500,三峽,C0AC60,2018-12-05T04:00:00+08:00,55.0,95,1.2,21.5,0.94,1012.3,-99,0.0,-99,-99,-99,新北市,06,三峽區,057
24.940806,121.361500,三峽,C0AC60,2018-12-05T05:00:00+08:00,55.0,93,1.3,21.6,0.93,1012.6,-99,0.0,-99,-99,-99,新北市,06,三峽區,057
24.940806,121.361500,三峽,C0AC60,2018-12-05T06:00:00+08:00,55.0,100,1.5,21.1,0.97,1013.0,-99,0.0,-99,-99,-99,新北市,06,三峽區,057
24.940806,121.361500,三峽,C0AC60,2018-12-05T07:00:00+08:00,55.0,93,2.2,21.1,0.96,1013.7,-99,0.0,-99,-99,-99,新北市,06,三峽區,057
24.940806,121.361500,三峽,C0AC60,2018-12-05T08:00:00+08:00,55.0,100,2.3,21.3,0.94,1013.8,-99,0.0,-99,-99,-99,新北市,06,三峽區,057
24.940806,121.361500,三峽,C0AC60,2018-12-05T09:00:00+08:00,55.0,95,2.9,21.8,0.91,1014.0,-99,0.0,-99,-99,-99,新北市,06,三峽區,057
24.940806,121.361500,三峽,C0AC60,2018-12-05T10:00:00+08:00,55.0,90,2.3,22.3,0.9,1013.8,-99,0.0,-99,-99,-99,新北市,06,三峽區,057
24.940806,121.361500,三峽,C0AC60,2018-12-05T11:00:00+08:00,55.0,92,2.3,22.3,0.92,1013.0,-99,0.0,8.2,80,2018-12-05T10:48:00+08:00,新北市,06,三峽區,057
24.940806,121.361500,三峽,C0AC60,2018-12-05T12:00:00+08:00,55.0,80,3.4,23.0,0.88,1011.7,-99,0.0,-99,-99,-99,新北市,06,三峽區,057
24.940806,121.361500,三峽,C0AC60,2018-12-05T13:00:00+08:00,55.0,83,2.8,23.1,0.87,1010.7,-99,0.0,9.3,65,2018-12-05T12:04:00+08:00,新北市,06,三峽區,057
24.940806,121.361500,三峽,C0AC60,2018-12-05T14:00:00+08:00,55.0,79,3.3,22.6,0.89,1009.9,-99,0.0,8.8,74,2018-12-05T13:04:00+08:00,新北市,06,三峽區,057
24.940806,121.361500,三峽,C0AC60,2018-12-05T15:00:00+08:00,55.0,73,4.3,22.5,0.89,1009.4,-99,0.0,11.0,71,2018-12-05T14:56:00+08:00,新北市,06,三峽區,057
24.940806,121.361500,三峽,C0AC60,2018-12-05T16:00:00+08:00,55.0,73,4.8,22.3,0.9,1009.1,-99,0.0,12.1,91,2018-12-05T15:45:00+08:00,新北市,06,三峽區,057
24.940806,121.361500,三峽,C0AC60,2018-12-05T17:00:00+08:00,55.0,73,4.2,21.9,0.91,1009.1,-99,0.0,12.6,63,2018-12-05T16:16:00+08:00,新北市,06,三峽區,057
24.940806,121.361500,三峽,C0AC60,2018-12-05T18:00:00+08:00,55.0,72,4.2,22.0,0.91,1009.1,-99,0.0,12.6,96,2018-12-05T17:13:00+08:00,新北市,06,三峽區,057
24.940806,121.361500,三峽,C0AC60,2018-12-05T19:00:00+08:00,55.0,79,4.4,22.2,0.88,1009.3,-99,0.0,13.2,92,2018-12-05T18:49:00+08:00,新北市,06,三峽區,057
24.940806,121.361500,三峽,C0AC60,2018-12-05T20:00:00+08:00,55.0,75,3.5,22.3,0.88,1009.7,-99,0.0,11.5,88,2018-12-05T19:49:00+08:00,新北市,06,三峽區,057
24.940806,121.361500,三峽,C0AC60,2018-12-05T21:00:00+08:00,55.0,80,3.7,22.3,0.89,1009.8,-99,0.0,9.3,78,2018-12-05T20:31:00+08:00,新北市,06,三峽區,057
24.940806,121.361500,三峽,C0AC60,2018-12-05T22:00:00+08:00,55.0,89,2.8,22.4,0.9,1009.2,-99,0.0,8.8,76,2018-12-05T21:27:00+08:00,新北市,06,三峽區,057
24.940806,121.361500,三峽,C0AC60,2018-12-05T23:00:00+08:00,55.0,127,1.0,22.2,0.91,1008.9,-99,0.0,-99,-99,-99,新北市,06,三峽區,057
24.940806,121.361500,三峽,C0AC60,2018-12-06T00:00:00+08:00,55.0,160,0.5,21.5,0.94,1008.8,-99,0.0,-99,-99,-99,新北市,06,三峽區,057
24.940806,121.361500,三峽,C0AC60,2018-12-06T01:00:00+08:00,55.0,164,1.1,20.4,0.98,1008.9,-99,0.0,-99,-99,-99,新北市,06,三峽區,057
24.940806,121.361500,三峽,C0AC60,2018-12-06T02:00:00+08:00,55.0,153,0.7,20.0,0.99,1008.7,-99,0.0,-99,-99,-99,新北市,06,三峽區,057
24.940806,121.361500,三峽,C0AC60,2018-12-06T03:00:00+08:00,55.0,159,0.6,19.8,0.99,1008.8,-99,0.0,-99,-99,-99,新北市,06,三峽區,057
24.940806,121.361500,三峽,C0AC60,2018-12-06T04:00:00+08:00,55.0,158,0.4,19.5,0.99,1009.1,-99,0.0,-99,-99,-99,新北市,06,三峽區,057
24.940806,121.361500,三峽,C0AC60,2018-12-06T05:00:00+08:00,55.0,166,0.8,19.5,0.99,1009.7,-99,0.0,-99,-99,-99,新北市,06,三峽區,057
24.940806,121.361500,三峽,C0AC60,2018-12-06T06:00:00+08:00,55.0,184,1.2,19.8,0.99,1010.0,-99,0.0,-99,-99,-99,新北市,06,三峽區,057
24.940806,121.361500,三峽,C0AC60,2018-12-06T07:00:00+08:00,55.0,0,0.0,20.2,0.99,1010.5,-99,0.0,-99,-99,-99,新北市,06,三峽區,057
24.940806,121.361500,三峽,C0AC60,2018-12-06T08:00:00+08:00,55.0,175,0.4,20.9,0.97,1010.8,-99,0.0,-99,-99,-99,新北市,06,三峽區,057
24.940806,121.361500,三峽,C0AC60,2018-12-06T09:00:00+08:00,55.0,0,0.0,22.3,0.91,1011.1,-99,0.0,-99,-99,-99,新北市,06,三峽區,057
24.940806,121.361500,三峽,C0AC60,2018-12-06T10:00:00+08:00,55.0,0,0.0,24.2,0.84,1011.0,-99,0.0,-99,-99,-99,新北市,06,三峽區,057
24.940806,121.361500,三峽,C0AC60,2018-12-06T11:00:00+08:00,55.0,11,0.4,26.0,0.75,1010.5,-99,0.0,-99,-99,-99,新北市,06,三峽區,057
24.940806,121.361500,三峽,C0AC60,2018-12-06T12:00:00+08:00,55.0,240,0.4,27.6,0.65,1009.5,-99,0.0,-99,-99,-99,新北市,06,三峽區,057
24.940806,121.361500,三峽,C0AC60,2018-12-06T13:00:00+08:00,55.0,21,0.3,28.9,0.6,1008.4,-99,0.0,-99,-99,-99,新北市,06,三峽區,057
24.940806,121.361500,三峽,C0AC60,2018-12-06T14:00:00+08:00,55.0,0,0.0,28.8,0.57,1007.8,-99,0.0,-99,-99,-99,新北市,06,三峽區,057
24.940806,121.361500,三峽,C0AC60,2018-12-06T15:00:00+08:00,55.0,316,0.6,28.6,0.68,1007.6,-99,0.0,-99,-99,-99,新北市,06,三峽區,057
24.940806,121.361500,三峽,C0AC60,2018-12-06T16:00:00+08:00,55.0,294,1.1,24.2,0.92,1008.9,-99,0.0,-99,-99,-99,新北市,06,三峽區,057
24.940806,121.361500,三峽,C0AC60,2018-12-06T17:00:00+08:00,55.0,81,1.3,23.8,0.92,1009.7,-99,0.0,-99,-99,-99,新北市,06,三峽區,057
24.940806,121.361500,三峽,C0AC60,2018-12-06T18:00:00+08:00,55.0,94,1.6,23.4,0.93,1010.5,-99,0.0,-99,-99,-99,新北市,06,三峽區,057
24.940806,121.361500,三峽,C0AC60,2018-12-06T19:00:00+08:00,55.0,96,2.5,22.3,0.9,1011.3,-99,0.0,-99,-99,-99,新北市,06,三峽區,057
24.940806,121.361500,三峽,C0AC60,2018-12-06T20:00:00+08:00,55.0,84,2.2,21.6,0.93,1011.7,-99,0.0,-99,-99,-99,新北市,06,三峽區,057
24.940806,121.361500,三峽,C0AC60,2018-12-06T21:00:00+08:00,55.0,91,2.4,21.2,0.94,1011.9,-99,0.0,8.2,93,2018-12-06T20:50:00+08:00,新北市,06,三峽區,057
24.940806,121.361500,三峽,C0AC60,2018-12-06T22:00:00+08:00,55.0,92,1.3,21.1,0.95,1012.4,-99,0.0,-99,-99,-99,新北市,06,三峽區,057
24.940806,121.361500,三峽,C0AC60,2018-12-06T23:00:00+08:00,55.0,100,0.9,20.9,0.98,1012.4,-99,0.0,-99,-99,-99,新北市,06,三峽區,057
24.940806,121.361500,三峽,C0AC60,2018-12-07T00:00:00+08:00,55.0,100,2.0,21.1,0.95,1012.5,-99,0.0,-99,-99,-99,新北市,06,三峽區,057
24.940806,121.361500,三峽,C0AC60,2018-12-07T01:00:00+08:00,55.0,91,1.9,20.9,0.93,1013.0,-99,0.0,-99,-99,-99,新北市,06,三峽區,057
24.940806,121.361500,三峽,C0AC60,2018-12-07T02:00:00+08:00,55.0,96,1.7,20.5,0.9,1013.2,-99,0.0,7.7,100,2018-12-07T01:16:00+08:00,新北市,06,三峽區,057
24.940806,121.361500,三峽,C0AC60,2018-12-07T03:00:00+08:00,55.0,89,1.9,20.2,0.91,1013.9,-99,0.0,-99,-99,-99,新北市,06,三峽區,057
24.940806,121.361500,三峽,C0AC60,2018-12-07T04:00:00+08:00,55.0,90,1.5,19.1,0.97,1014.3,-99,0.0,6.6,46,2018-12-07T03:24:00+08:00,新北市,06,三峽區,057
24.940806,121.361500,三峽,C0AC60,2018-12-07T05:00:00+08:00,55.0,86,1.8,18.7,0.97,1014.7,-99,0.0,-99,-99,-99,新北市,06,三峽區,057
24.940806,121.361500,三峽,C0AC60,2018-12-07T06:00:00+08:00,55.0,97,2.6,18.6,0.93,1015.4,-99,0.0,8.2,97,2018-12-07T05:20:00+08:00,新北市,06,三峽區,057
24.940806,121.361500,三峽,C0AC60,2018-12-07T07:00:00+08:00,55.0,93,2.0,18.4,0.91,1016.6,-99,0.0,-99,-99,-99,新北市,06,三峽區,057
24.940806,121.361500,三峽,C0AC60,2018-12-07T08:00:00+08:00,55.0,93,2.1,17.8,0.98,1017.1,-99,0.5,-99,-99,-99,新北市,06,三峽區,057
24.940806,121.361500,三峽,C0AC60,2018-12-07T09:00:00+08:00,55.0,92,2.3,18.7,0.91,1017.8,-99,0.5,-99,-99,-99,新北市,06,三峽區,057
24.940806,121.361500,三峽,C0AC60,2018-12-07T10:00:00+08:00,55.0,92,3.3,18.7,0.9,1017.5,-99,0.5,9.9,107,2018-12-07T09:58:00+08:00,新北市,06,三峽區,057
24.940806,121.361500,三峽,C0AC60,2018-12-07T11:00:00+08:00,55.0,96,2.9,18.8,0.9,1016.9,-99,0.5,8.8,93,2018-12-07T10:07:00+08:00,新北市,06,三峽區,057
24.940806,121.361500,三峽,C0AC60,2018-12-07T12:00:00+08:00,55.0,89,2.8,19.3,0.86,1015.7,-99,0.5,11.0,81,2018-12-07T11:25:00+08:00,新北市,06,三峽區,057
24.940806,121.361500,三峽,C0AC60,2018-12-07T13:00:00+08:00,55.0,90,2.1,20.5,0.77,1014.6,-99,0.5,9.9,83,2018-12-07T12:24:00+08:00,新北市,06,三峽區,057
24.940806,121.361500,三峽,C0AC60,2018-12-07T14:00:00+08:00,55.0,99,2.0,18.9,0.94,1014.2,-99,0.5,9.3,90,2018-12-07T13:26:00+08:00,新北市,06,三峽區,057
24.940806,121.361500,三峽,C0AC60,2018-12-07T15:00:00+08:00,55.0,81,3.1,18.6,0.94,1014.3,-99,0.5,9.3,74,2018-12-07T14:36:00+08:00,新北市,06,三峽區,057
24.940806,121.361500,三峽,C0AC60,2018-12-07T16:00:00+08:00,55.0,87,2.3,18.0,0.96,1014.7,-99,0.5,8.2,58,2018-12-07T15:07:00+08:00,新北市,06,三峽區,057
24.940806,121.361500,三峽,C0AC60,2018-12-07T17:00:00+08:00,55.0,78,2.7,17.5,0.99,1015.4,-99,0.5,9.3,75,2018-12-07T16:20:00+08:00,新北市,06,三峽區,057
24.940806,121.361500,三峽,C0AC60,2018-12-07T18:00:00+08:00,55.0,88,2.9,17.4,0.99,1016.0,-99,0.5,11.5,67,2018-12-07T17:10:00+08:00,新北市,06,三峽區,057
24.940806,121.361500,三峽,C0AC60,2018-12-07T19:00:00+08:00,55.0,96,2.1,17.3,0.99,1016.9,-99,0.5,-99,-99,-99,新北市,06,三峽區,057
24.940806,121.361500,三峽,C0AC60,2018-12-07T20:00:00+08:00,55.0,94,1.7,17.2,0.99,1017.4,-99,0.5,-99,-99,-99,新北市,06,三峽區,057
24.940806,121.361500,三峽,C0AC60,2018-12-07T21:00:00+08:00,55.0,97,1.8,17.3,0.99,1017.6,-99,0.5,-99,-99,-99,新北市,06,三峽區,057
24.940806,121.361500,三峽,C0AC60,2018-12-07T22:00:00+08:00,55.0,97,1.2,17.5,0.99,1017.6,-99,0.5,-99,-99,-99,新北市,06,三峽區,057
24.940806,121.361500,三峽,C0AC60,2018-12-07T23:00:00+08:00,55.0,76,1.9,17.4,0.99,1017.8,-99,1.0,-99,-99,-99,新北市,06,三峽區,057
24.940806,121.361500,三峽,C0AC60,2018-12-08T00:00:00+08:00,55.0,91,2.0,17.6,0.99,1017.4,-99,1.0,-99,-99,-99,新北市,06,三峽區,057
24.940806,121.361500,三峽,C0AC60,2018-12-08T01:00:00+08:00,55.0,92,2.1,17.4,0.99,1017.4,-99,0.0,-99,-99,-99,新北市,06,三峽區,057
24.940806,121.361500,三峽,C0AC60,2018-12-08T02:00:00+08:00,55.0,93,2.1,16.9,0.99,1017.1,-99,0.0,-99,-99,-99,新北市,06,三峽區,057
24.940806,121.361500,三峽,C0AC60,2018-12-08T03:00:00+08:00,55.0,87,2.2,17.1,0.98,1017.1,-99,0.0,8.2,76,2018-12-08T02:13:00+08:00,新北市,06,三峽區,057
24.940806,121.361500,三峽,C0AC60,2018-12-08T04:00:00+08:00,55.0,89,2.1,16.8,0.99,1017.1,-99,0.0,7.7,80,2018-12-08T03:03:00+08:00,新北市,06,三峽區,057
24.940806,121.361500,三峽,C0AC60,2018-12-08T05:00:00+08:00,55.0,94,2.1,16.8,0.99,1017.5,-99,0.0,-99,-99,-99,新北市,06,三峽區,057
24.940806,121.361500,三峽,C0AC60,2018-12-08T06:00:00+08:00,55.0,94,2.3,16.8,0.98,1017.8,-99,0.0,-99,-99,-99,新北市,06,三峽區,057
24.940806,121.361500,三峽,C0AC60,2018-12-08T07:00:00+08:00,55.0,96,2.8,16.8,0.97,1018.2,-99,0.0,8.2,58,2018-12-08T06:25:00+08:00,新北市,06,三峽區,057
24.940806,121.361500,三峽,C0AC60,2018-12-08T08:00:00+08:00,55.0,91,1.9,16.9,0.97,1018.7,-99,0.0,-99,-99,-99,新北市,06,三峽區,057
24.940806,121.361500,三峽,C0AC60,2018-12-08T09:00:00+08:00,55.0,97,2.4,17.3,0.96,1019.0,-99,0.0,9.3,81,2018-12-08T08:02:00+08:00,新北市,06,三峽區,057
24.940806,121.361500,三峽,C0AC60,2018-12-08T10:00:00+08:00,55.0,95,2.4,17.7,0.95,1018.9,-99,0.0,8.2,52,2018-12-08T09:21:00+08:00,新北市,06,三峽區,057
24.940806,121.361500,三峽,C0AC60,2018-12-08T11:00:00+08:00,55.0,86,2.8,18.7,0.91,1018.2,-99,0.0,11.0,80,2018-12-08T10:43:00+08:00,新北市,06,三峽區,057
24.940806,121.361500,三峽,C0AC60,2018-12-08T12:00:00+08:00,55.0,78,2.6,20.4,0.82,1017.1,-99,0.0,9.9,105,2018-12-08T11:50:00+08:00,新北市,06,三峽區,057
24.940806,121.361500,三峽,C0AC60,2018-12-08T13:00:00+08:00,55.0,82,3.7,20.0,0.8,1016.2,-99,0.0,11.5,84,2018-12-08T12:32:00+08:00,新北市,06,三峽區,057
24.940806,121.361500,三峽,C0AC60,2018-12-08T14:00:00+08:00,55.0,84,3.2,19.8,0.83,1015.7,-99,0.0,10.4,112,2018-12-08T13:13:00+08:00,新北市,06,三峽區,057
24.940806,121.361500,三峽,C0AC60,2018-12-08T15:00:00+08:00,55.0,80,3.7,20.2,0.78,1015.2,-99,0.0,10.4,353,2018-12-08T14:43:00+08:00,新北市,06,三峽區,057
24.940806,121.361500,三峽,C0AC60,2018-12-08T16:00:00+08:00,55.0,81,3.5,18.0,0.97,1016.0,-99,0.0,12.1,85,2018-12-08T15:11:00+08:00,新北市,06,三峽區,057
24.940806,121.361500,三峽,C0AC60,2018-12-08T17:00:00+08:00,55.0,87,3.3,18.0,0.96,1016.0,-99,0.0,11.0,88,2018-12-08T16:59:00+08:00,新北市,06,三峽區,057
24.940806,121.361500,三峽,C0AC60,2018-12-08T18:00:00+08:00,55.0,80,3.0,17.8,0.97,1016.0,-99,0.0,10.4,77,2018-12-08T17:38:00+08:00,新北市,06,三峽區,057
24.940806,121.361500,三峽,C0AC60,2018-12-08T19:00:00+08:00,55.0,80,3.1,18.0,0.95,1016.0,-99,0.0,9.9,79,2018-12-08T18:28:00+08:00,新北市,06,三峽區,057
24.940806,121.361500,三峽,C0AC60,2018-12-08T20:00:00+08:00,55.0,83,3.7,17.6,0.98,1016.6,-99,0.0,9.9,66,2018-12-08T19:21:00+08:00,新北市,06,三峽區,057
24.940806,121.361500,三峽,C0AC60,2018-12-08T21:00:00+08:00,55.0,78,3.1,17.7,0.99,1016.5,-99,0.0,9.3,71,2018-12-08T20:46:00+08:00,新北市,06,三峽區,057
24.940806,121.361500,三峽,C0AC60,2018-12-08T22:00:00+08:00,55.0,84,3.0,17.6,0.99,1017.1,-99,0.0,10.4,67,2018-12-08T21:15:00+08:00,新北市,06,三峽區,057
24.940806,121.361500,三峽,C0AC60,2018-12-08T23:00:00+08:00,55.0,78,2.5,17.4,0.99,1017.2,-99,0.0,8.2,84,2018-12-08T22:05:00+08:00,新北市,06,三峽區,057
24.940806,121.361500,三峽,C0AC60,2018-12-09T00:00:00+08:00,55.0,82,2.5,17.3,0.99,1017.4,-99,0.0,-99,-99,-99,新北市,06,三峽區,057
24.940806,121.361500,三峽,C0AC60,2018-12-09T01:00:00+08:00,55.0,76,2.2,17.1,0.99,1017.4,-99,0.5,8.2,78,2018-12-09T00:02:00+08:00,新北市,06,三峽區,057
24.940806,121.361500,三峽,C0AC60,2018-12-09T02:00:00+08:00,55.0,91,2.1,17.0,0.99,1016.9,-99,0.5,8.8,86,2018-12-09T01:01:00+08:00,新北市,06,三峽區,057
24.940806,121.361500,三峽,C0AC60,2018-12-09T03:00:00+08:00,55.0,82,1.2,16.9,0.99,1017.4,-99,0.5,7.7,81,2018-12-09T02:22:00+08:00,新北市,06,三峽區,057
24.940806,121.361500,三峽,C0AC60,2018-12-09T04:00:00+08:00,55.0,92,1.8,16.6,0.99,1017.3,-99,1.0,7.1,87,2018-12-09T03:49:00+08:00,新北市,06,三峽區,057
24.940806,121.361500,三峽,C0AC60,2018-12-09T05:00:00+08:00,55.0,92,1.4,16.7,0.99,1017.5,-99,1.5,7.7,75,2018-12-09T04:41:00+08:00,新北市,06,三峽區,057
24.940806,121.361500,三峽,C0AC60,2018-12-09T06:00:00+08:00,55.0,82,2.5,16.3,0.99,1017.6,-99,1.5,8.8,68,2018-12-09T05:13:00+08:00,新北市,06,三峽區,057
24.940806,121.361500,三峽,C0AC60,2018-12-09T07:00:00+08:00,55.0,81,1.8,16.4,0.99,1018.1,-99,1.5,-99,-99,-99,新北市,06,三峽區,057
24.940806,121.361500,三峽,C0AC60,2018-12-09T08:00:00+08:00,55.0,90,2.4,16.7,0.99,1018.0,-99,2.0,8.2,82,2018-12-09T07:05:00+08:00,新北市,06,三峽區,057
24.940806,121.361500,三峽,C0AC60,2018-12-09T09:00:00+08:00,55.0,79,3.7,17.5,0.98,1018.3,-99,2.0,9.9,87,2018-12-09T08:50:00+08:00,新北市,06,三峽區,057
24.940806,121.361500,三峽,C0AC60,2018-12-09T10:00:00+08:00,55.0,73,3.3,17.9,0.98,1018.4,-99,2.0,9.9,100,2018-12-09T09:21:00+08:00,新北市,06,三峽區,057
24.940806,121.361500,三峽,C0AC60,2018-12-09T11:00:00+08:00,55.0,75,3.2,18.5,0.96,1017.7,-99,2.0,10.4,94,2018-12-09T10:02:00+08:00,新北市,06,三峽區,057
24.940806,121.361500,三峽,C0AC60,2018-12-09T12:00:00+08:00,55.0,74,3.8,18.4,0.97,1016.4,-99,2.0,10.4,93,2018-12-09T11:34:00+08:00,新北市,06,三峽區,057
24.940806,121.361500,三峽,C0AC60,2018-12-09T13:00:00+08:00,55.0,79,3.0,19.3,0.91,1015.3,-99,2.0,9.3,86,2018-12-09T12:26:00+08:00,新北市,06,三峽區,057
24.940806,121.361500,三峽,C0AC60,2018-12-09T14:00:00+08:00,55.0,90,2.2,18.7,0.94,1014.6,-99,2.0,9.9,84,2018-12-09T13:28:00+08:00,新北市,06,三峽區,057
24.940806,121.361500,三峽,C0AC60,2018-12-09T15:00:00+08:00,55.0,79,3.8,19.2,0.92,1014.2,-99,2.0,10.4,76,2018-12-09T14:59:00+08:00,新北市,06,三峽區,057
24.940806,121.361500,三峽,C0AC60,2018-12-09T16:00:00+08:00,55.0,83,3.1,18.7,0.95,1014.3,-99,2.0,11.0,91,2018-12-09T15:01:00+08:00,新北市,06,三峽區,057
24.940806,121.361500,三峽,C0AC60,2018-12-09T17:00:00+08:00,55.0,86,3.2,18.0,0.98,1014.6,-99,2.0,11.0,84,2018-12-09T16:10:00+08:00,新北市,06,三峽區,057
24.940806,121.361500,三峽,C0AC60,2018-12-09T18:00:00+08:00,55.0,82,2.4,18.0,0.99,1014.6,-99,2.0,8.8,87,2018-12-09T17:28:00+08:00,新北市,06,三峽區,057
24.940806,121.361500,三峽,C0AC60,2018-12-09T19:00:00+08:00,55.0,79,2.8,17.9,0.99,1015.2,-99,2.0,-99,-99,-99,新北市,06,三峽區,057
24.940806,121.361500,三峽,C0AC60,2018-12-09T20:00:00+08:00,55.0,75,2.9,18.2,0.98,1015.3,-99,2.0,8.2,75,2018-12-09T19:55:00+08:00,新北市,06,三峽區,057
24.940806,121.361500,三峽,C0AC60,2018-12-09T21:00:00+08:00,55.0,72,3.5,18.2,0.99,1015.4,-99,2.0,9.9,88,2018-12-09T20:12:00+08:00,新北市,06,三峽區,057
24.940806,121.361500,三峽,C0AC60,2018-12-09T22:00:00+08:00,55.0,73,2.3,18.2,0.99,1015.1,-99,2.0,9.3,55,2018-12-09T21:19:00+08:00,新北市,06,三峽區,057
24.940806,121.361500,三峽,C0AC60,2018-12-09T23:00:00+08:00,55.0,91,1.4,18.6,0.98,1014.6,-99,2.0,8.2,75,2018-12-09T22:08:00+08:00,新北市,06,三峽區,057
24.940806,121.361500,三峽,C0AC60,2018-12-10T00:00:00+08:00,55.0,83,2.2,18.8,0.99,1014.3,-99,2.0,-99,-99,-99,新北市,06,三峽區,057
24.940806,121.361500,三峽,C0AC60,2018-12-10T01:00:00+08:00,55.0,96,2.0,18.8,0.99,1014.2,-99,0.0,7.1,68,2018-12-10T00:15:00+08:00,新北市,06,三峽區,057
24.940806,121.361500,三峽,C0AC60,2018-12-10T02:00:00+08:00,55.0,97,1.2,19.3,0.99,1013.4,-99,0.0,-99,-99,-99,新北市,06,三峽區,057
24.940806,121.361500,三峽,C0AC60,2018-12-10T03:00:00+08:00,55.0,72,1.8,19.1,0.99,1013.2,-99,0.0,-99,-99,-99,新北市,06,三峽區,057
24.940806,121.361500,三峽,C0AC60,2018-12-10T04:00:00+08:00,55.0,48,1.1,19.0,0.99,1012.9,-99,0.0,-99,-99,-99,新北市,06,三峽區,057
24.940806,121.361500,三峽,C0AC60,2018-12-10T05:00:00+08:00,55.0,98,0.5,19.0,0.99,1012.7,-99,0.0,-99,-99,-99,新北市,06,三峽區,057
24.940806,121.361500,三峽,C0AC60,2018-12-10T06:00:00+08:00,55.0,28,1.1,19.2,0.99,1013.0,-99,0.0,-99,-99,-99,新北市,06,三峽區,057
24.940806,121.361500,三峽,C0AC60,2018-12-10T07:00:00+08:00,55.0,54,1.5,19.3,0.99,1013.5,-99,0.0,-99,-99,-99,新北市,06,三峽區,057
24.940806,121.361500,三峽,C0AC60,2018-12-10T08:00:00+08:00,55.0,66,2.2,19.8,0.99,1013.6,-99,0.0,-99,-99,-99,新北市,06,三峽區,057
24.940806,121.361500,三峽,C0AC60,2018-12-10T09:00:00+08:00,55.0,52,1.7,20.5,0.99,1014.3,-99,0.0,-99,-99,-99,新北市,06,三峽區,057
24.940806,121.361500,三峽,C0AC60,2018-12-10T10:00:00+08:00,55.0,55,2.2,22.1,0.97,1014.2,-99,0.0,-99,-99,-99,新北市,06,三峽區,057
24.940806,121.361500,三峽,C0AC60,2018-12-10T11:00:00+08:00,55.0,78,2.1,22.1,0.94,1013.7,-99,0.0,8.2,69,2018-12-10T10:11:00+08:00,新北市,06,三峽區,057
24.940806,121.361500,三峽,C0AC60,2018-12-10T12:00:00+08:00,55.0,66,0.4,20.8,0.99,1012.8,-99,0.0,-99,-99,-99,新北市,06,三峽區,057
24.940806,121.361500,三峽,C0AC60,2018-12-10T13:00:00+08:00,55.0,76,2.0,21.6,0.98,1011.8,-99,0.0,7.1,77,2018-12-10T12:34:00+08:00,新北市,06,三峽區,057
24.940806,121.361500,三峽,C0AC60,2018-12-10T14:00:00+08:00,55.0,84,1.6,22.4,0.92,1011.3,-99,0.0,-99,-99,-99,新北市,06,三峽區,057
24.940806,121.361500,三峽,C0AC60,2018-12-10T15:00:00+08:00,55.0,87,2.3,22.3,0.9,1011.0,-99,0.0,-99,-99,-99,新北市,06,三峽區,057
24.940806,121.361500,三峽,C0AC60,2018-12-10T16:00:00+08:00,55.0,94,2.8,21.3,0.96,1010.9,-99,0.0,-99,-99,-99,新北市,06,三峽區,057
24.940806,121.361500,三峽,C0AC60,2018-12-10T17:00:00+08:00,55.0,82,3.5,21.0,0.97,1011.3,-99,0.0,9.9,91,2018-12-10T16:57:00+08:00,新北市,06,三峽區,057
24.940806,121.361500,三峽,C0AC60,2018-12-10T18:00:00+08:00,55.0,91,1.3,20.5,0.99,1011.5,-99,0.0,-99,-99,-99,新北市,06,三峽區,057
24.940806,121.361500,三峽,C0AC60,2018-12-10T19:00:00+08:00,55.0,54,2.3,20.9,0.99,1011.9,-99,0.0,-99,-99,-99,新北市,06,三峽區,057
24.940806,121.361500,三峽,C0AC60,2018-12-10T20:00:00+08:00,55.0,83,2.2,21.0,0.99,1012.3,-99,0.0,8.8,103,2018-12-10T19:36:00+08:00,新北市,06,三峽區,057
24.940806,121.361500,三峽,C0AC60,2018-12-10T21:00:00+08:00,55.0,57,1.9,20.9,0.99,1012.1,-99,0.0,8.2,82,2018-12-10T20:31:00+08:00,新北市,06,三峽區,057
24.940806,121.361500,三峽,C0AC60,2018-12-10T22:00:00+08:00,55.0,76,3.1,21.1,0.99,1011.5,-99,0.0,-99,-99,-99,新北市,06,三峽區,057
24.940806,121.361500,三峽,C0AC60,2018-12-10T23:00:00+08:00,55.0,87,2.2,21.0,0.99,1011.0,-99,0.0,8.2,68,2018-12-10T22:02:00+08:00,新北市,06,三峽區,057
24.940806,121.361500,三峽,C0AC60,2018-12-11T00:00:00+08:00,55.0,92,1.7,21.2,0.99,1010.5,-99,0.0,-99,-99,-99,新北市,06,三峽區,057
24.940806,121.361500,三峽,C0AC60,2018-12-11T01:00:00+08:00,55.0,125,0.9,21.1,0.99,1010.5,-99,0.0,-99,-99,-99,新北市,06,三峽區,057
24.940806,121.361500,三峽,C0AC60,2018-12-11T02:00:00+08:00,55.0,171,1.1,20.2,0.99,1011.0,-99,0.0,-99,-99,-99,新北市,06,三峽區,057
24.940806,121.361500,三峽,C0AC60,2018-12-11T03:00:00+08:00,55.0,215,1.2,20.6,0.99,1011.4,-99,0.0,-99,-99,-99,新北市,06,三峽區,057
24.940806,121.361500,三峽,C0AC60,2018-12-11T04:00:00+08:00,55.0,0,0.0,20.5,0.99,1011.6,-99,0.0,-99,-99,-99,新北市,06,三峽區,057
24.940806,121.361500,三峽,C0AC60,2018-12-11T05:00:00+08:00,55.0,0,0.0,20.3,0.99,1011.6,-99,0.0,-99,-99,-99,新北市,06,三峽區,057
24.940806,121.361500,三峽,C0AC60,2018-12-11T06:00:00+08:00,55.0,0,0.0,20.0,0.99,1011.9,-99,0.0,-99,-99,-99,新北市,06,三峽區,057
24.940806,121.361500,三峽,C0AC60,2018-12-11T07:00:00+08:00,55.0,0,0.0,19.7,0.99,1012.3,-99,0.0,-99,-99,-99,新北市,06,三峽區,057
24.940806,121.361500,三峽,C0AC60,2018-12-11T08:00:00+08:00,55.0,0,0.1,19.8,0.99,1013.3,-99,0.0,-99,-99,-99,新北市,06,三峽區,057
24.940806,121.361500,三峽,C0AC60,2018-12-11T09:00:00+08:00,55.0,0,0.0,20.4,0.99,1013.7,-99,0.0,-99,-99,-99,新北市,06,三峽區,057
24.940806,121.361500,三峽,C0AC60,2018-12-11T10:00:00+08:00,55.0,0,0.0,20.8,0.99,1013.8,-99,0.0,-99,-99,-99,新北市,06,三峽區,057
24.940806,121.361500,三峽,C0AC60,2018-12-11T11:00:00+08:00,55.0,337,0.5,20.3,0.99,1013.3,-99,0.0,-99,-99,-99,新北市,06,三峽區,057
24.940806,121.361500,三峽,C0AC60,2018-12-11T12:00:00+08:00,55.0,0,0.2,20.5,0.99,1012.8,-99,0.0,-99,-99,-99,新北市,06,三峽區,057
24.940806,121.361500,三峽,C0AC60,2018-12-11T13:00:00+08:00,55.0,13,0.3,20.6,0.99,1011.8,-99,0.0,-99,-99,-99,新北市,06,三峽區,057
24.940806,121.361500,三峽,C0AC60,2018-12-11T14:00:00+08:00,55.0,89,0.5,20.2,0.99,1011.8,-99,0.0,-99,-99,-99,新北市,06,三峽區,057
24.940806,121.361500,三峽,C0AC60,2018-12-11T15:00:00+08:00,55.0,89,2.2,19.2,0.99,1011.9,-99,1.0,-99,-99,-99,新北市,06,三峽區,057
24.940806,121.361500,三峽,C0AC60,2018-12-11T16:00:00+08:00,55.0,94,1.4,18.9,0.99,1012.6,-99,1.0,-99,-99,-99,新北市,06,三峽區,057
24.940806,121.361500,三峽,C0AC60,2018-12-11T17:00:00+08:00,55.0,90,1.3,18.6,0.99,1013.7,-99,1.0,-99,-99,-99,新北市,06,三峽區,057
24.940806,121.361500,三峽,C0AC60,2018-12-11T18:00:00+08:00,55.0,68,1.1,18.2,0.99,1014.9,-99,1.0,-99,-99,-99,新北市,06,三峽區,057
24.940806,121.361500,三峽,C0AC60,2018-12-11T19:00:00+08:00,55.0,35,2.0,17.3,0.99,1015.7,-99,1.5,-99,-99,-99,新北市,06,三峽區,057
24.940806,121.361500,三峽,C0AC60,2018-12-11T20:00:00+08:00,55.0,87,1.3,17.3,0.99,1016.5,-99,1.5,-99,-99,-99,新北市,06,三峽區,057
24.940806,121.361500,三峽,C0AC60,2018-12-11T21:00:00+08:00,55.0,92,2.4,17.1,0.94,1016.8,-99,1.5,-99,-99,-99,新北市,06,三峽區,057
24.940806,121.361500,三峽,C0AC60,2018-12-11T22:00:00+08:00,55.0,95,1.6,17.0,0.93,1017.2,-99,1.5,7.7,109,2018-12-11T21:05:00+08:00,新北市,06,三峽區,057
24.940806,121.361500,三峽,C0AC60,2018-12-11T23:00:00+08:00,55.0,94,1.3,16.8,0.93,1017.7,-99,1.5,-99,-99,-99,新北市,06,三峽區,057
24.940806,121.361500,三峽,C0AC60,2018-12-12T00:00:00+08:00,55.0,93,1.0,16.6,0.94,1017.8,-99,1.5,-99,-99,-99,新北市,06,三峽區,057
24.940806,121.361500,三峽,C0AC60,2018-12-12T01:00:00+08:00,55.0,103,1.7,16.6,0.92,1018.0,-99,0.0,7.7,81,2018-12-12T00:58:00+08:00,新北市,06,三峽區,057
24.940806,121.361500,三峽,C0AC60,2018-12-12T02:00:00+08:00,55.0,97,1.1,16.4,0.92,1018.3,-99,0.0,7.1,78,2018-12-12T01:53:00+08:00,新北市,06,三峽區,057
24.940806,121.361500,三峽,C0AC60,2018-12-12T03:00:00+08:00,55.0,90,1.5,16.0,0.93,1018.4,-99,0.0,-99,-99,-99,新北市,06,三峽區,057
24.940806,121.361500,三峽,C0AC60,2018-12-12T04:00:00+08:00,55.0,94,1.3,15.8,0.92,1018.3,-99,0.0,-99,-99,-99,新北市,06,三峽區,057
24.940806,121.361500,三峽,C0AC60,2018-12-12T05:00:00+08:00,55.0,97,1.4,15.7,0.92,1018.8,-99,0.0,-99,-99,-99,新北市,06,三峽區,057
24.940806,121.361500,三峽,C0AC60,2018-12-12T06:00:00+08:00,55.0,92,1.6,15.5,0.92,1019.5,-99,0.0,-99,-99,-99,新北市,06,三峽區,057
24.940806,121.361500,三峽,C0AC60,2018-12-12T07:00:00+08:00,55.0,96,1.8,15.5,0.91,1020.0,-99,0.0,-99,-99,-99,新北市,06,三峽區,057
24.940806,121.361500,三峽,C0AC60,2018-12-12T08:00:00+08:00,55.0,93,2.0,15.8,0.89,1020.7,-99,0.0,-99,-99,-99,新北市,06,三峽區,057
24.940806,121.361500,三峽,C0AC60,2018-12-12T09:00:00+08:00,55.0,94,1.7,16.2,0.88,1021.3,-99,0.0,8.2,87,2018-12-12T08:07:00+08:00,新北市,06,三峽區,057
24.940806,121.361500,三峽,C0AC60,2018-12-12T10:00:00+08:00,55.0,97,1.7,16.6,0.9,1020.8,-99,0.0,-99,-99,-99,新北市,06,三峽區,057
24.940806,121.361500,三峽,C0AC60,2018-12-12T11:00:00+08:00,55.0,92,2.2,16.1,0.93,1019.8,-99,0.0,-99,-99,-99,新北市,06,三峽區,057
24.940806,121.361500,三峽,C0AC60,2018-12-12T12:00:00+08:00,55.0,86,1.6,15.9,0.99,1019.5,-99,0.0,8.2,59,2018-12-12T11:07:00+08:00,新北市,06,三峽區,057
24.940806,121.361500,三峽,C0AC60,2018-12-12T13:00:00+08:00,55.0,98,2.6,16.1,0.94,1018.7,-99,0.0,7.7,95,2018-12-12T12:45:00+08:00,新北市,06,三峽區,057
24.940806,121.361500,三峽,C0AC60,2018-12-12T14:00:00+08:00,55.0,89,2.2,15.5,0.97,1018.9,-99,0.0,7.7,92,2018-12-12T13:40:00+08:00,新北市,06,三峽區,057
24.940806,121.361500,三峽,C0AC60,2018-12-12T15:00:00+08:00,55.0,96,2.2,15.4,0.94,1018.8,-99,0.0,7.7,91,2018-12-12T14:35:00+08:00,新北市,06,三峽區,057
24.940806,121.361500,三峽,C0AC60,2018-12-12T16:00:00+08:00,55.0,99,2.1,15.1,0.96,1019.3,-99,0.0,8.8,83,2018-12-12T15:28:00+08:00,新北市,06,三峽區,057
24.940806,121.361500,三峽,C0AC60,2018-12-12T17:00:00+08:00,55.0,93,2.5,14.5,0.99,1019.4,-99,0.0,-99,-99,-99,新北市,06,三峽區,057
24.940806,121.361500,三峽,C0AC60,2018-12-12T18:00:00+08:00,55.0,98,2.5,14.3,0.99,1019.3,-99,0.0,-99,-99,-99,新北市,06,三峽區,057
24.940806,121.361500,三峽,C0AC60,2018-12-12T19:00:00+08:00,55.0,88,1.5,14.4,0.99,1019.9,-99,0.0,10.4,79,2018-12-12T18:12:00+08:00,新北市,06,三峽區,057
24.940806,121.361500,三峽,C0AC60,2018-12-12T20:00:00+08:00,55.0,81,3.3,14.3,0.99,1019.9,-99,0.0,9.3,87,2018-12-12T19:24:00+08:00,新北市,06,三峽區,057
24.940806,121.361500,三峽,C0AC60,2018-12-12T21:00:00+08:00,55.0,79,3.3,14.4,0.98,1019.6,-99,0.0,10.4,71,2018-12-12T20:50:00+08:00,新北市,06,三峽區,057
24.940806,121.361500,三峽,C0AC60,2018-12-12T22:00:00+08:00,55.0,80,3.4,14.6,0.96,1020.0,-99,0.0,9.9,50,2018-12-12T21:10:00+08:00,新北市,06,三峽區,057
24.940806,121.361500,三峽,C0AC60,2018-12-12T23:00:00+08:00,55.0,81,2.4,14.9,0.95,1019.4,-99,0.0,8.8,94,2018-12-12T22:37:00+08:00,新北市,06,三峽區,057
24.940806,121.361500,三峽,C0AC60,2018-12-13T00:00:00+08:00,55.0,82,2.3,15.2,0.92,1019.0,-99,0.0,7.7,70,2018-12-12T23:53:00+08:00,新北市,06,三峽區,057
24.940806,121.361500,三峽,C0AC60,2018-12-13T01:00:00+08:00,55.0,89,1.9,15.3,0.92,1018.4,-99,0.0,9.3,81,2018-12-13T00:01:00+08:00,新北市,06,三峽區,057
24.940806,121.361500,三峽,C0AC60,2018-12-13T02:00:00+08:00,55.0,87,2.6,15.7,0.91,1017.6,-99,0.0,9.9,103,2018-12-13T01:28:00+08:00,新北市,06,三峽區,057
24.940806,121.361500,三峽,C0AC60,2018-12-13T03:00:00+08:00,55.0,68,3.7,16.0,0.91,1017.7,-99,0.0,10.4,85,2018-12-13T02:46:00+08:00,新北市,06,三峽區,057
24.940806,121.361500,三峽,C0AC60,2018-12-13T09:00:00+08:00,55.0,79,2.0,17.1,0.94,1020.0,-99,0.0,-99,-99,-99,新北市,06,三峽區,057
24.940806,121.361500,三峽,C0AC60,2018-12-13T10:00:00+08:00,55.0,71,3.6,17.8,0.9,1019.7,-99,0.0,9.3,82,2018-12-13T09:02:00+08:00,新北市,06,三峽區,057
24.940806,121.361500,三峽,C0AC60,2018-12-13T11:00:00+08:00,55.0,80,3.0,18.7,0.86,1018.8,-99,0.0,10.4,88,2018-12-13T10:05:00+08:00,新北市,06,三峽區,057
24.940806,121.361500,三峽,C0AC60,2018-12-13T12:00:00+08:00,55.0,81,4.3,19.5,0.79,1017.9,-99,0.0,12.1,77,2018-12-13T11:56:00+08:00,新北市,06,三峽區,057
24.940806,121.361500,三峽,C0AC60,2018-12-13T10:00:00+08:00,55.0,71,3.6,17.8,0.9,1019.7,-99,0.0,9.3,82,2018-12-13T09:02:00+08:00,新北市,06,三峽區,057
24.940806,121.361500,三峽,C0AC60,2018-12-13T11:00:00+08:00,55.0,80,3.0,18.7,0.86,1018.8,-99,0.0,10.4,88,2018-12-13T10:05:00+08:00,新北市,06,三峽區,057
24.940806,121.361500,三峽,C0AC60,2018-12-13T09:00:00+08:00,55.0,79,2.0,17.1,0.94,1020.0,-99,0.0,-99,-99,-99,新北市,06,三峽區,057
24.940806,121.361500,三峽,C0AC60,2018-12-13T12:00:00+08:00,55.0,81,4.3,19.5,0.79,1017.9,-99,0.0,12.1,77,2018-12-13T11:56:00+08:00,新北市,06,三峽區,057
24.940806,121.361500,三峽,C0AC60,2018-12-13T14:00:00+08:00,55.0,69,3.4,19.1,0.83,1016.5,-99,0.0,11.0,70,2018-12-13T13:19:00+08:00,新北市,06,三峽區,057
24.940806,121.361500,三峽,C0AC60,2018-12-13T11:00:00+08:00,55.0,80,3.0,18.7,0.86,1018.8,-99,0.0,10.4,88,2018-12-13T10:05:00+08:00,新北市,06,三峽區,057
24.940806,121.361500,三峽,C0AC60,2018-12-13T12:00:00+08:00,55.0,81,4.3,19.5,0.79,1017.9,-99,0.0,12.1,77,2018-12-13T11:56:00+08:00,新北市,06,三峽區,057
24.940806,121.361500,三峽,C0AC60,2018-12-13T15:00:00+08:00,55.0,85,3.7,18.2,0.89,1017.4,-99,0.0,10.4,104,2018-12-13T14:40:00+08:00,新北市,06,三峽區,057
24.940806,121.361500,三峽,C0AC60,2018-12-13T14:00:00+08:00,55.0,69,3.4,19.1,0.83,1016.5,-99,0.0,11.0,70,2018-12-13T13:19:00+08:00,新北市,06,三峽區,057
24.940806,121.361500,三峽,C0AC60,2018-12-13T11:00:00+08:00,55.0,80,3.0,18.7,0.86,1018.8,-99,0.0,10.4,88,2018-12-13T10:05:00+08:00,新北市,06,三峽區,057
24.940806,121.361500,三峽,C0AC60,2018-12-13T15:00:00+08:00,55.0,85,3.7,18.2,0.89,1017.4,-99,0.0,10.4,104,2018-12-13T14:40:00+08:00,新北市,06,三峽區,057
24.940806,121.361500,三峽,C0AC60,2018-12-13T16:00:00+08:00,55.0,75,3.1,18.0,0.95,1017.8,-99,0.0,9.9,49,2018-12-13T15:41:00+08:00,新北市,06,三峽區,057
24.940806,121.361500,三峽,C0AC60,2018-12-13T12:00:00+08:00,55.0,81,4.3,19.5,0.79,1017.9,-99,0.0,12.1,77,2018-12-13T11:56:00+08:00,新北市,06,三峽區,057
24.940806,121.361500,三峽,C0AC60,2018-12-13T14:00:00+08:00,55.0,69,3.4,19.1,0.83,1016.5,-99,0.0,11.0,70,2018-12-13T13:19:00+08:00,新北市,06,三峽區,057
24.940806,121.361500,三峽,C0AC60,2018-12-13T11:00:00+08:00,55.0,80,3.0,18.7,0.86,1018.8,-99,0.0,10.4,88,2018-12-13T10:05:00+08:00,新北市,06,三峽區,057
24.940806,121.361500,三峽,C0AC60,2018-12-13T09:00:00+08:00,55.0,79,2.0,17.1,0.94,1020.0,-99,0.0,-99,-99,-99,新北市,06,三峽區,057
24.940806,121.361500,三峽,C0AC60,2018-12-13T12:00:00+08:00,55.0,81,4.3,19.5,0.79,1017.9,-99,0.0,12.1,77,2018-12-13T11:56:00+08:00,新北市,06,三峽區,057
24.940806,121.361500,三峽,C0AC60,2018-12-13T16:00:00+08:00,55.0,75,3.1,18.0,0.95,1017.8,-99,0.0,9.9,49,2018-12-13T15:41:00+08:00,新北市,06,三峽區,057
24.940806,121.361500,三峽,C0AC60,2018-12-13T14:00:00+08:00,55.0,69,3.4,19.1,0.83,1016.5,-99,0.0,11.0,70,2018-12-13T13:19:00+08:00,新北市,06,三峽區,057
24.940806,121.361500,三峽,C0AC60,2018-12-13T12:00:00+08:00,55.0,81,4.3,19.5,0.79,1017.9,-99,0.0,12.1,77,2018-12-13T11:56:00+08:00,新北市,06,三峽區,057
24.940806,121.361500,三峽,C0AC60,2018-12-13T11:00:00+08:00,55.0,80,3.0,18.7,0.86,1018.8,-99,0.0,10.4,88,2018-12-13T10:05:00+08:00,新北市,06,三峽區,057
24.940806,121.361500,三峽,C0AC60,2018-12-13T16:00:00+08:00,55.0,75,3.1,18.0,0.95,1017.8,-99,0.0,9.9,49,2018-12-13T15:41:00+08:00,新北市,06,三峽區,057
24.940806,121.361500,三峽,C0AC60,2018-12-13T15:00:00+08:00,55.0,85,3.7,18.2,0.89,1017.4,-99,0.0,10.4,104,2018-12-13T14:40:00+08:00,新北市,06,三峽區,057
24.940806,121.361500,三峽,C0AC60,2018-12-13T14:00:00+08:00,55.0,69,3.4,19.1,0.83,1016.5,-99,0.0,11.0,70,2018-12-13T13:19:00+08:00,新北市,06,三峽區,057
24.940806,121.361500,三峽,C0AC60,2018-12-13T18:00:00+08:00,55.0,81,2.3,17.3,0.99,1019.2,-99,0.0,-99,-99,-99,新北市,06,三峽區,057
24.940806,121.361500,三峽,C0AC60,2018-12-13T15:00:00+08:00,55.0,85,3.7,18.2,0.89,1017.4,-99,0.0,10.4,104,2018-12-13T14:40:00+08:00,新北市,06,三峽區,057
24.940806,121.361500,三峽,C0AC60,2018-12-13T11:00:00+08:00,55.0,80,3.0,18.7,0.86,1018.8,-99,0.0,10.4,88,2018-12-13T10:05:00+08:00,新北市,06,三峽區,057
24.940806,121.361500,三峽,C0AC60,2018-12-13T17:00:00+08:00,55.0,81,2.0,17.6,0.96,1018.6,-99,0.0,8.8,82,2018-12-13T16:17:00+08:00,新北市,06,三峽區,057
24.940806,121.361500,三峽,C0AC60,2018-12-13T18:00:00+08:00,55.0,81,2.3,17.3,0.99,1019.2,-99,0.0,-99,-99,-99,新北市,06,三峽區,057
24.940806,121.361500,三峽,C0AC60,2018-12-13T21:00:00+08:00,55.0,81,3.0,16.3,0.99,1019.4,-99,0.5,12.1,106,2018-12-13T20:05:00+08:00,新北市,06,三峽區,057
24.940806,121.361500,三峽,C0AC60,2018-12-13T22:00:00+08:00,55.0,74,3.6,16.3,0.99,1019.1,-99,0.5,9.9,72,2018-12-13T21:32:00+08:00,新北市,06,三峽區,057
24.940806,121.361500,三峽,C0AC60,2018-12-13T23:00:00+08:00,55.0,82,3.2,16.3,0.99,1019.3,-99,0.5,10.4,75,2018-12-13T22:24:00+08:00,新北市,06,三峽區,057
24.940806,121.361500,三峽,C0AC60,2018-12-14T00:00:00+08:00,55.0,81,2.4,16.4,0.99,1019.2,-99,0.5,8.2,80,2018-12-13T23:52:00+08:00,新北市,06,三峽區,057
24.940806,121.361500,三峽,C0AC60,2018-12-14T01:00:00+08:00,55.0,83,3.0,16.5,0.99,1019.2,-99,0.0,9.3,88,2018-12-14T00:41:00+08:00,新北市,06,三峽區,057
24.940806,121.361500,三峽,C0AC60,2018-12-14T02:00:00+08:00,55.0,77,3.1,16.5,0.99,1019.0,-99,0.0,8.2,80,2018-12-14T01:14:00+08:00,新北市,06,三峽區,057
24.940806,121.361500,三峽,C0AC60,2018-12-14T03:00:00+08:00,55.0,74,2.9,16.5,0.99,1018.8,-99,0.0,8.8,61,2018-12-14T02:05:00+08:00,新北市,06,三峽區,057
24.940806,121.361500,三峽,C0AC60,2018-12-14T04:00:00+08:00,55.0,84,1.9,16.4,0.99,1019.0,-99,0.0,9.3,98,2018-12-14T03:16:00+08:00,新北市,06,三峽區,057
24.940806,121.361500,三峽,C0AC60,2018-12-14T05:00:00+08:00,55.0,86,2.3,16.4,0.99,1019.5,-99,0.0,-99,-99,-99,新北市,06,三峽區,057
24.940806,121.361500,三峽,C0AC60,2018-12-14T06:00:00+08:00,55.0,73,2.7,16.4,0.99,1020.1,-99,0.5,-99,-99,-99,新北市,06,三峽區,057
24.940806,121.361500,三峽,C0AC60,2018-12-14T07:00:00+08:00,55.0,81,1.9,16.3,0.99,1020.7,-99,0.5,10.4,62,2018-12-14T06:15:00+08:00,新北市,06,三峽區,057
24.940806,121.361500,三峽,C0AC60,2018-12-14T08:00:00+08:00,55.0,85,2.5,16.5,0.99,1021.3,-99,1.0,8.2,85,2018-12-14T07:46:00+08:00,新北市,06,三峽區,057
24.940806,121.361500,三峽,C0AC60,2018-12-14T09:00:00+08:00,55.0,90,2.6,17.5,0.99,1021.2,-99,1.0,7.7,78,2018-12-14T08:58:00+08:00,新北市,06,三峽區,057
24.940806,121.361500,三峽,C0AC60,2018-12-14T10:00:00+08:00,55.0,82,2.3,18.1,0.97,1020.7,-99,1.0,8.8,70,2018-12-14T09:39:00+08:00,新北市,06,三峽區,057
24.940806,121.361500,三峽,C0AC60,2018-12-14T11:00:00+08:00,55.0,79,3.6,19.5,0.88,1019.9,-99,1.0,11.0,68,2018-12-14T10:22:00+08:00,新北市,06,三峽區,057
24.940806,121.361500,三峽,C0AC60,2018-12-14T12:00:00+08:00,55.0,72,4.7,19.1,0.89,1019.3,-99,1.0,13.7,87,2018-12-14T11:36:00+08:00,新北市,06,三峽區,057
24.940806,121.361500,三峽,C0AC60,2018-12-14T13:00:00+08:00,55.0,85,2.7,19.2,0.91,1018.6,-99,1.0,12.1,68,2018-12-14T12:24:00+08:00,新北市,06,三峽區,057
24.940806,121.361500,三峽,C0AC60,2018-12-14T14:00:00+08:00,55.0,82,2.5,19.3,0.89,1018.3,-99,1.0,12.6,69,2018-12-14T13:27:00+08:00,新北市,06,三峽區,057
24.940806,121.361500,三峽,C0AC60,2018-12-14T15:00:00+08:00,55.0,78,3.9,18.6,0.92,1018.2,-99,1.0,12.6,32,2018-12-14T14:56:00+08:00,新北市,06,三峽區,057
24.940806,121.361500,三峽,C0AC60,2018-12-14T16:00:00+08:00,55.0,80,3.9,17.9,0.95,1018.6,-99,1.0,9.9,100,2018-12-14T15:51:00+08:00,新北市,06,三峽區,057
24.940806,121.361500,三峽,C0AC60,2018-12-14T17:00:00+08:00,55.0,88,2.9,17.4,0.99,1018.8,-99,1.0,8.8,70,2018-12-14T16:09:00+08:00,新北市,06,三峽區,057
24.940806,121.361500,三峽,C0AC60,2018-12-14T18:00:00+08:00,55.0,85,2.8,17.5,0.99,1019.4,-99,1.0,9.3,77,2018-12-14T17:04:00+08:00,新北市,06,三峽區,057
24.940806,121.361500,三峽,C0AC60,2018-12-14T19:00:00+08:00,55.0,88,2.4,17.6,0.98,1020.0,-99,1.0,9.3,79,2018-12-14T18:51:00+08:00,新北市,06,三峽區,057
24.940806,121.361500,三峽,C0AC60,2018-12-14T20:00:00+08:00,55.0,93,2.0,17.6,0.99,1020.6,-99,1.0,8.2,86,2018-12-14T19:02:00+08:00,新北市,06,三峽區,057
24.940806,121.361500,三峽,C0AC60,2018-12-14T21:00:00+08:00,55.0,80,2.9,17.5,0.99,1020.6,-99,1.0,9.9,72,2018-12-14T20:53:00+08:00,新北市,06,三峽區,057
24.940806,121.361500,三峽,C0AC60,2018-12-14T22:00:00+08:00,55.0,79,2.9,17.4,0.99,1020.0,-99,1.0,9.3,65,2018-12-14T21:27:00+08:00,新北市,06,三峽區,057
24.940806,121.361500,三峽,C0AC60,2018-12-14T23:00:00+08:00,55.0,82,2.4,17.3,0.99,1019.9,-99,1.0,10.4,105,2018-12-14T22:12:00+08:00,新北市,06,三峽區,057
24.940806,121.361500,三峽,C0AC60,2018-12-15T00:00:00+08:00,55.0,89,2.2,17.3,0.99,1019.6,-99,1.0,-99,-99,-99,新北市,06,三峽區,057
24.940806,121.361500,三峽,C0AC60,2018-12-15T16:00:00+08:00,55.0,74,3.9,20.4,0.83,1014.4,-99,0.0,9.9,58,2018-12-15T15:08:00+08:00,新北市,06,三峽區,057
24.940806,121.361500,三峽,C0AC60,2018-12-15T17:00:00+08:00,55.0,79,3.2,20.2,0.84,1014.7,-99,0.0,9.3,87,2018-12-15T16:05:00+08:00,新北市,06,三峽區,057
24.940806,121.361500,三峽,C0AC60,2018-12-15T18:00:00+08:00,55.0,82,3.5,19.9,0.86,1015.3,-99,0.0,8.8,89,2018-12-15T17:23:00+08:00,新北市,06,三峽區,057
24.940806,121.361500,三峽,C0AC60,2018-12-15T19:00:00+08:00,55.0,77,3.2,20.0,0.85,1015.3,-99,0.0,-99,-99,-99,新北市,06,三峽區,057
24.940806,121.361500,三峽,C0AC60,2018-12-15T20:00:00+08:00,55.0,80,3.1,20.2,0.84,1015.4,-99,0.0,8.2,60,2018-12-15T19:21:00+08:00,新北市,06,三峽區,057
24.940806,121.361500,三峽,C0AC60,2018-12-15T21:00:00+08:00,55.0,82,3.1,20.0,0.87,1015.6,-99,0.0,8.2,43,2018-12-15T20:37:00+08:00,新北市,06,三峽區,057
24.940806,121.361500,三峽,C0AC60,2018-12-15T22:00:00+08:00,55.0,91,2.1,20.0,0.87,1015.5,-99,0.0,-99,-99,-99,新北市,06,三峽區,057
24.940806,121.361500,三峽,C0AC60,2018-12-15T23:00:00+08:00,55.0,109,1.0,20.1,0.87,1015.0,-99,0.0,-99,-99,-99,新北市,06,三峽區,057
24.940806,121.361500,三峽,C0AC60,2018-12-16T00:00:00+08:00,55.0,0,0.0,19.6,0.94,1014.6,-99,0.0,-99,-99,-99,新北市,06,三峽區,057
24.940806,121.361500,三峽,C0AC60,2018-12-16T01:00:00+08:00,55.0,162,0.6,19.3,0.96,1014.7,-99,0.0,-99,-99,-99,新北市,06,三峽區,057
24.940806,121.361500,三峽,C0AC60,2018-12-16T02:00:00+08:00,55.0,156,0.9,18.8,0.99,1014.7,-99,0.0,-99,-99,-99,新北市,06,三峽區,057
24.940806,121.361500,三峽,C0AC60,2018-12-16T03:00:00+08:00,55.0,175,0.5,18.8,0.99,1014.6,-99,0.0,-99,-99,-99,新北市,06,三峽區,057
24.940806,121.361500,三峽,C0AC60,2018-12-16T04:00:00+08:00,55.0,0,0.0,18.7,0.99,1014.8,-99,0.0,-99,-99,-99,新北市,06,三峽區,057
24.940806,121.361500,三峽,C0AC60,2018-12-16T05:00:00+08:00,55.0,0,0.0,18.7,0.99,1015.1,-99,0.0,-99,-99,-99,新北市,06,三峽區,057
24.940806,121.361500,三峽,C0AC60,2018-12-16T06:00:00+08:00,55.0,0,0.2,18.7,0.99,1015.3,-99,0.0,-99,-99,-99,新北市,06,三峽區,057
24.940806,121.361500,三峽,C0AC60,2018-12-16T07:00:00+08:00,55.0,0,0.0,18.7,0.99,1015.5,-99,0.0,-99,-99,-99,新北市,06,三峽區,057
24.940806,121.361500,三峽,C0AC60,2018-12-16T08:00:00+08:00,55.0,0,0.0,19.2,0.99,1015.9,-99,0.0,-99,-99,-99,新北市,06,三峽區,057
24.940806,121.361500,三峽,C0AC60,2018-12-16T09:00:00+08:00,55.0,234,1.7,20.5,0.94,1016.9,-99,0.0,-99,-99,-99,新北市,06,三峽區,057
24.940806,121.361500,三峽,C0AC60,2018-12-16T10:00:00+08:00,55.0,239,1.6,20.9,0.94,1016.9,-99,0.0,-99,-99,-99,新北市,06,三峽區,057
24.940806,121.361500,三峽,C0AC60,2018-12-16T11:00:00+08:00,55.0,279,1.5,22.1,0.89,1015.9,-99,0.0,-99,-99,-99,新北市,06,三峽區,057
24.940806,121.361500,三峽,C0AC60,2018-12-16T12:00:00+08:00,55.0,311,1.5,21.5,0.91,1014.8,-99,0.0,-99,-99,-99,新北市,06,三峽區,057
24.940806,121.361500,三峽,C0AC60,2018-12-16T13:00:00+08:00,55.0,320,1.2,20.7,0.93,1014.2,-99,0.0,-99,-99,-99,新北市,06,三峽區,057
24.940806,121.361500,三峽,C0AC60,2018-12-16T14:00:00+08:00,55.0,349,1.6,20.6,0.91,1013.5,-99,0.0,-99,-99,-99,新北市,06,三峽區,057
24.940806,121.361500,三峽,C0AC60,2018-12-16T15:00:00+08:00,55.0,345,1.2,20.2,0.91,1013.3,-99,0.0,-99,-99,-99,新北市,06,三峽區,057
24.940806,121.361500,三峽,C0AC60,2018-12-16T16:00:00+08:00,55.0,324,0.5,19.9,0.92,1013.7,-99,0.0,-99,-99,-99,新北市,06,三峽區,057
24.940806,121.361500,三峽,C0AC60,2018-12-16T17:00:00+08:00,55.0,0,0.1,19.2,0.92,1014.3,-99,0.0,-99,-99,-99,新北市,06,三峽區,057
24.940806,121.361500,三峽,C0AC60,2018-12-16T18:00:00+08:00,55.0,347,1.0,19.1,0.91,1014.7,-99,0.0,-99,-99,-99,新北市,06,三峽區,057
24.940806,121.361500,三峽,C0AC60,2018-12-16T19:00:00+08:00,55.0,0,0.0,19.0,0.91,1015.0,-99,0.0,-99,-99,-99,新北市,06,三峽區,057
24.940806,121.361500,三峽,C0AC60,2018-12-16T20:00:00+08:00,55.0,27,0.3,18.8,0.9,1015.3,-99,0.0,-99,-99,-99,新北市,06,三峽區,057
24.940806,121.361500,三峽,C0AC60,2018-12-16T21:00:00+08:00,55.0,0,0.0,18.7,0.92,1015.6,-99,0.0,-99,-99,-99,新北市,06,三峽區,057
24.940806,121.361500,三峽,C0AC60,2018-12-16T22:00:00+08:00,55.0,89,0.3,18.3,0.98,1015.3,-99,0.0,-99,-99,-99,新北市,06,三峽區,057
24.940806,121.361500,三峽,C0AC60,2018-12-16T23:00:00+08:00,55.0,93,1.0,18.1,0.96,1015.2,-99,0.0,-99,-99,-99,新北市,06,三峽區,057
24.940806,121.361500,三峽,C0AC60,2018-12-17T00:00:00+08:00,55.0,360,0.4,16.8,0.96,1015.4,-99,0.0,-99,-99,-99,新北市,06,三峽區,057
24.940806,121.361500,三峽,C0AC60,2018-12-17T01:00:00+08:00,55.0,66,0.7,15.5,0.99,1015.8,-99,0.0,-99,-99,-99,新北市,06,三峽區,057
24.940806,121.361500,三峽,C0AC60,2018-12-17T02:00:00+08:00,55.0,82,0.6,14.9,0.99,1015.9,-99,0.0,-99,-99,-99,新北市,06,三峽區,057
24.940806,121.361500,三峽,C0AC60,2018-12-17T03:00:00+08:00,55.0,52,0.6,14.4,0.99,1016.1,-99,0.5,-99,-99,-99,新北市,06,三峽區,057
24.940806,121.361500,三峽,C0AC60,2018-12-17T04:00:00+08:00,55.0,0,0.2,14.1,0.99,1016.2,-99,0.5,-99,-99,-99,新北市,06,三峽區,057
24.940806,121.361500,三峽,C0AC60,2018-12-17T05:00:00+08:00,55.0,0,0.2,14.2,0.99,1016.7,-99,0.5,-99,-99,-99,新北市,06,三峽區,057
24.940806,121.361500,三峽,C0AC60,2018-12-17T06:00:00+08:00,55.0,0,0.2,14.3,0.99,1017.2,-99,0.5,-99,-99,-99,新北市,06,三峽區,057
24.940806,121.361500,三峽,C0AC60,2018-12-17T07:00:00+08:00,55.0,91,0.8,14.4,0.99,1017.9,-99,0.5,-99,-99,-99,新北市,06,三峽區,057
24.940806,121.361500,三峽,C0AC60,2018-12-17T08:00:00+08:00,55.0,88,0.8,14.8,0.93,1018.8,-99,0.5,-99,-99,-99,新北市,06,三峽區,057
24.940806,121.361500,三峽,C0AC60,2018-12-17T09:00:00+08:00,55.0,81,0.8,15.6,0.84,1019.6,-99,0.5,-99,-99,-99,新北市,06,三峽區,057
24.940806,121.361500,三峽,C0AC60,2018-12-17T10:00:00+08:00,55.0,68,1.8,17.2,0.63,1019.7,-99,0.5,-99,-99,-99,新北市,06,三峽區,057
24.940806,121.361500,三峽,C0AC60,2018-12-17T11:00:00+08:00,55.0,93,2.1,18.5,0.52,1019.1,-99,0.5,-99,-99,-99,新北市,06,三峽區,057
24.940806,121.361500,三峽,C0AC60,2018-12-17T12:00:00+08:00,55.0,81,2.0,18.4,0.5,1018.5,-99,0.5,-99,-99,-99,新北市,06,三峽區,057
24.940806,121.361500,三峽,C0AC60,2018-12-17T13:00:00+08:00,55.0,85,1.9,18.7,0.47,1017.4,-99,0.5,-99,-99,-99,新北市,06,三峽區,057
24.940806,121.361500,三峽,C0AC60,2018-12-17T14:00:00+08:00,55.0,93,2.4,18.7,0.46,1017.1,-99,0.5,-99,-99,-99,新北市,06,三峽區,057
24.940806,121.361500,三峽,C0AC60,2018-12-17T15:00:00+08:00,55.0,75,2.0,17.9,0.47,1016.7,-99,0.5,-99,-99,-99,新北市,06,三峽區,057
24.940806,121.361500,三峽,C0AC60,2018-12-17T16:00:00+08:00,55.0,89,2.1,17.0,0.5,1016.8,-99,0.5,-99,-99,-99,新北市,06,三峽區,057
24.940806,121.361500,三峽,C0AC60,2018-12-17T17:00:00+08:00,55.0,89,2.3,15.9,0.55,1017.4,-99,0.5,-99,-99,-99,新北市,06,三峽區,057
24.940806,121.361500,三峽,C0AC60,2018-12-17T18:00:00+08:00,55.0,95,1.8,15.2,0.56,1018.1,-99,0.5,-99,-99,-99,新北市,06,三峽區,057
24.940806,121.361500,三峽,C0AC60,2018-12-17T19:00:00+08:00,55.0,92,1.3,15.1,0.56,1018.7,-99,0.5,-99,-99,-99,新北市,06,三峽區,057
24.940806,121.361500,三峽,C0AC60,2018-12-17T20:00:00+08:00,55.0,88,1.4,15.0,0.58,1019.1,-99,0.5,-99,-99,-99,新北市,06,三峽區,057
24.940806,121.361500,三峽,C0AC60,2018-12-17T21:00:00+08:00,55.0,88,1.5,14.9,0.59,1019.3,-99,0.5,-99,-99,-99,新北市,06,三峽區,057
24.940806,121.361500,三峽,C0AC60,2018-12-17T22:00:00+08:00,55.0,95,1.1,14.8,0.58,1019.5,-99,0.5,-99,-99,-99,新北市,06,三峽區,057
24.940806,121.361500,三峽,C0AC60,2018-12-17T23:00:00+08:00,55.0,91,0.8,14.4,0.6,1019.3,-99,0.5,-99,-99,-99,新北市,06,三峽區,057
24.940806,121.361500,三峽,C0AC60,2018-12-18T00:00:00+08:00,55.0,88,1.2,14.1,0.62,1019.1,-99,0.5,-99,-99,-99,新北市,06,三峽區,057
24.940806,121.361500,三峽,C0AC60,2018-12-18T01:00:00+08:00,55.0,74,0.8,14.2,0.58,1018.4,-99,0.0,-99,-99,-99,新北市,06,三峽區,057
24.940806,121.361500,三峽,C0AC60,2018-12-18T02:00:00+08:00,55.0,92,1.7,14.4,0.55,1018.2,-99,0.0,-99,-99,-99,新北市,06,三峽區,057
24.940806,121.361500,三峽,C0AC60,2018-12-18T03:00:00+08:00,55.0,88,2.5,14.8,0.52,1017.6,-99,0.0,-99,-99,-99,新北市,06,三峽區,057
24.940806,121.361500,三峽,C0AC60,2018-12-18T04:00:00+08:00,55.0,92,2.1,14.5,0.53,1017.0,-99,0.0,-99,-99,-99,新北市,06,三峽區,057
24.940806,121.361500,三峽,C0AC60,2018-12-18T05:00:00+08:00,55.0,73,2.5,13.9,0.58,1017.2,-99,0.0,7.7,81,2018-12-18T04:26:00+08:00,新北市,06,三峽區,057
24.940806,121.361500,三峽,C0AC60,2018-12-18T06:00:00+08:00,55.0,81,2.4,13.5,0.62,1017.5,-99,0.0,-99,-99,-99,新北市,06,三峽區,057
24.940806,121.361500,三峽,C0AC60,2018-12-18T07:00:00+08:00,55.0,81,3.1,13.6,0.62,1017.9,-99,0.0,8.8,62,2018-12-18T07:00:00+08:00,新北市,06,三峽區,057
24.940806,121.361500,三峽,C0AC60,2018-12-18T08:00:00+08:00,55.0,80,2.9,14.7,0.58,1018.0,-99,0.0,8.8,90,2018-12-18T07:58:00+08:00,新北市,06,三峽區,057
24.940806,121.361500,三峽,C0AC60,2018-12-18T09:00:00+08:00,55.0,78,3.6,16.3,0.54,1017.9,-99,0.0,10.4,77,2018-12-18T08:43:00+08:00,新北市,06,三峽區,057
24.940806,121.361500,三峽,C0AC60,2018-12-18T10:00:00+08:00,55.0,78,3.3,18.3,0.48,1018.0,-99,0.0,11.5,81,2018-12-18T09:50:00+08:00,新北市,06,三峽區,057
24.940806,121.361500,三峽,C0AC60,2018-12-18T11:00:00+08:00,55.0,83,3.5,19.9,0.42,1017.4,-99,0.0,9.9,50,2018-12-18T10:21:00+08:00,新北市,06,三峽區,057
24.940806,121.361500,三峽,C0AC60,2018-12-18T12:00:00+08:00,55.0,78,4.0,21.1,0.37,1016.0,-99,0.0,10.4,60,2018-12-18T11:48:00+08:00,新北市,06,三峽區,057
24.940806,121.361500,三峽,C0AC60,2018-12-18T13:00:00+08:00,55.0,72,2.9,21.9,0.32,1014.6,-99,0.0,9.3,82,2018-12-18T12:22:00+08:00,新北市,06,三峽區,057
24.940806,121.361500,三峽,C0AC60,2018-12-18T14:00:00+08:00,55.0,75,3.5,22.4,0.32,1013.8,-99,0.0,11.0,81,2018-12-18T13:03:00+08:00,新北市,06,三峽區,057
24.940806,121.361500,三峽,C0AC60,2018-12-18T15:00:00+08:00,55.0,79,3.6,22.4,0.32,1013.9,-99,0.0,10.4,70,2018-12-18T14:30:00+08:00,新北市,06,三峽區,057
24.940806,121.361500,三峽,C0AC60,2018-12-18T16:00:00+08:00,55.0,74,3.4,21.3,0.36,1014.2,-99,0.0,9.9,84,2018-12-18T15:24:00+08:00,新北市,06,三峽區,057
24.940806,121.361500,三峽,C0AC60,2018-12-18T17:00:00+08:00,55.0,83,3.5,19.5,0.46,1014.8,-99,0.0,11.0,68,2018-12-18T16:01:00+08:00,新北市,06,三峽區,057
24.940806,121.361500,三峽,C0AC60,2018-12-18T18:00:00+08:00,55.0,81,3.0,18.0,0.52,1015.7,-99,0.0,11.5,95,2018-12-18T17:19:00+08:00,新北市,06,三峽區,057
24.940806,121.361500,三峽,C0AC60,2018-12-18T19:00:00+08:00,55.0,82,3.2,17.4,0.55,1016.1,-99,0.0,11.0,81,2018-12-18T18:27:00+08:00,新北市,06,三峽區,057
24.940806,121.361500,三峽,C0AC60,2018-12-18T20:00:00+08:00,55.0,85,2.7,17.1,0.58,1016.2,-99,0.0,8.8,86,2018-12-18T19:12:00+08:00,新北市,06,三峽區,057
24.940806,121.361500,三峽,C0AC60,2018-12-18T21:00:00+08:00,55.0,84,3.5,17.0,0.58,1016.1,-99,0.0,9.3,79,2018-12-18T20:33:00+08:00,新北市,06,三峽區,057
24.940806,121.361500,三峽,C0AC60,2018-12-18T22:00:00+08:00,55.0,79,3.6,16.9,0.58,1015.8,-99,0.0,9.9,89,2018-12-18T21:28:00+08:00,新北市,06,三峽區,057
24.940806,121.361500,三峽,C0AC60,2018-12-18T23:00:00+08:00,55.0,79,3.3,17.3,0.55,1015.1,-99,0.0,-99,-99,-99,新北市,06,三峽區,057
24.940806,121.361500,三峽,C0AC60,2018-12-19T00:00:00+08:00,55.0,86,3.0,17.3,0.55,1014.6,-99,0.0,9.3,85,2018-12-18T23:54:00+08:00,新北市,06,三峽區,057
24.940806,121.361500,三峽,C0AC60,2018-12-19T01:00:00+08:00,55.0,101,2.1,17.0,0.59,1014.4,-99,0.0,9.9,110,2018-12-19T00:30:00+08:00,新北市,06,三峽區,057
24.940806,121.361500,三峽,C0AC60,2018-12-19T02:00:00+08:00,55.0,163,2.2,12.8,0.66,1014.1,-99,0.0,-99,-99,-99,新北市,06,三峽區,057
24.940806,121.361500,三峽,C0AC60,2018-12-19T03:00:00+08:00,55.0,166,1.7,-99,0.67,1014.0,-99,0.0,-99,-99,-99,新北市,06,三峽區,057
24.940806,121.361500,三峽,C0AC60,2018-12-19T04:00:00+08:00,55.0,158,3.1,-99,0.66,1013.9,-99,0.0,-99,-99,-99,新北市,06,三峽區,057
24.940806,121.361500,三峽,C0AC60,2018-12-19T05:00:00+08:00,55.0,155,2.2,-99,0.6,1014.2,-99,0.0,-99,-99,-99,新北市,06,三峽區,057
24.940806,121.361500,三峽,C0AC60,2018-12-19T06:00:00+08:00,55.0,162,2.3,-99,0.61,1014.8,-99,0.0,-99,-99,-99,新北市,06,三峽區,057
24.940806,121.361500,三峽,C0AC60,2018-12-19T07:00:00+08:00,55.0,159,1.9,-99,0.64,1015.3,-99,0.0,-99,-99,-99,新北市,06,三峽區,057
24.940806,121.361500,三峽,C0AC60,2018-12-19T08:00:00+08:00,55.0,156,2.1,13.2,0.6,1016.1,-99,0.0,-99,-99,-99,新北市,06,三峽區,057
24.940806,121.361500,三峽,C0AC60,2018-12-19T09:00:00+08:00,55.0,164,1.8,16.1,0.52,1016.2,-99,0.0,-99,-99,-99,新北市,06,三峽區,057
24.940806,121.361500,三峽,C0AC60,2018-12-19T10:00:00+08:00,55.0,0,0.2,20.1,0.46,1015.7,-99,0.0,-99,-99,-99,新北市,06,三峽區,057
24.940806,121.361500,三峽,C0AC60,2018-12-19T11:00:00+08:00,55.0,45,0.5,22.2,0.41,1014.8,-99,0.0,-99,-99,-99,新北市,06,三峽區,057
24.940806,121.361500,三峽,C0AC60,2018-12-19T12:00:00+08:00,55.0,355,0.4,23.7,0.35,1013.6,-99,0.0,-99,-99,-99,新北市,06,三峽區,057
24.940806,121.361500,三峽,C0AC60,2018-12-19T13:00:00+08:00,55.0,96,0.8,25.4,0.3,1012.4,-99,0.0,-99,-99,-99,新北市,06,三峽區,057
24.940806,121.361500,三峽,C0AC60,2018-12-19T14:00:00+08:00,55.0,316,0.6,25.8,0.32,1011.5,-99,0.0,-99,-99,-99,新北市,06,三峽區,057
24.940806,121.361500,三峽,C0AC60,2018-12-19T15:00:00+08:00,55.0,328,0.9,24.2,0.45,1011.0,-99,0.0,-99,-99,-99,新北市,06,三峽區,057
24.940806,121.361500,三峽,C0AC60,2018-12-19T16:00:00+08:00,55.0,335,1.4,23.2,0.52,1011.3,-99,0.0,-99,-99,-99,新北市,06,三峽區,057
24.940806,121.361500,三峽,C0AC60,2018-12-19T17:00:00+08:00,55.0,325,0.4,21.3,0.6,1012.1,-99,0.0,-99,-99,-99,新北市,06,三峽區,057
24.940806,121.361500,三峽,C0AC60,2018-12-19T18:00:00+08:00,55.0,194,0.4,20.0,0.7,1012.6,-99,0.0,-99,-99,-99,新北市,06,三峽區,057
24.940806,121.361500,三峽,C0AC60,2018-12-19T19:00:00+08:00,55.0,0,0.2,18.1,0.83,1013.2,-99,0.0,-99,-99,-99,新北市,06,三峽區,057
24.940806,121.361500,三峽,C0AC60,2018-12-19T20:00:00+08:00,55.0,0,0.0,17.5,0.85,1013.3,-99,0.0,-99,-99,-99,新北市,06,三峽區,057
24.940806,121.361500,三峽,C0AC60,2018-12-19T21:00:00+08:00,55.0,208,0.3,16.8,0.88,1013.5,-99,0.0,-99,-99,-99,新北市,06,三峽區,057
24.940806,121.361500,三峽,C0AC60,2018-12-19T22:00:00+08:00,55.0,206,0.5,16.0,0.96,1013.5,-99,0.0,-99,-99,-99,新北市,06,三峽區,057
24.940806,121.361500,三峽,C0AC60,2018-12-19T23:00:00+08:00,55.0,202,0.3,15.8,0.94,1013.5,-99,0.0,-99,-99,-99,新北市,06,三峽區,057
24.940806,121.361500,三峽,C0AC60,2018-12-20T00:00:00+08:00,55.0,180,0.7,15.4,0.95,1013.2,-99,0.0,-99,-99,-99,新北市,06,三峽區,057
24.940806,121.361500,三峽,C0AC60,2018-12-20T01:00:00+08:00,55.0,217,0.5,15.1,0.95,1012.9,-99,0.0,-99,-99,-99,新北市,06,三峽區,057
24.940806,121.361500,三峽,C0AC60,2018-12-20T02:00:00+08:00,55.0,0,0.1,14.5,0.97,1012.4,-99,0.0,-99,-99,-99,新北市,06,三峽區,057
24.940806,121.361500,三峽,C0AC60,2018-12-20T03:00:00+08:00,55.0,181,1.6,14.3,0.92,1011.9,-99,0.0,-99,-99,-99,新北市,06,三峽區,057
24.940806,121.361500,三峽,C0AC60,2018-12-20T04:00:00+08:00,55.0,167,0.3,14.1,0.89,1011.4,-99,0.0,-99,-99,-99,新北市,06,三峽區,057
24.940806,121.361500,三峽,C0AC60,2018-12-20T05:00:00+08:00,55.0,167,1.5,13.7,0.84,1011.7,-99,0.0,-99,-99,-99,新北市,06,三峽區,057
24.940806,121.361500,三峽,C0AC60,2018-12-20T06:00:00+08:00,55.0,0,0.2,13.7,0.75,1012.0,-99,0.0,-99,-99,-99,新北市,06,三峽區,057
24.940806,121.361500,三峽,C0AC60,2018-12-20T07:00:00+08:00,55.0,145,0.4,13.5,0.74,1012.8,-99,0.0,-99,-99,-99,新北市,06,三峽區,057
24.940806,121.361500,三峽,C0AC60,2018-12-20T08:00:00+08:00,55.0,0,0.2,15.6,0.65,1012.9,-99,0.0,-99,-99,-99,新北市,06,三峽區,057
24.940806,121.361500,三峽,C0AC60,2018-12-20T09:00:00+08:00,55.0,94,1.0,17.7,0.73,1012.9,-99,0.0,-99,-99,-99,新北市,06,三峽區,057
24.940806,121.361500,三峽,C0AC60,2018-12-20T10:00:00+08:00,55.0,100,0.8,20.6,0.6,1012.3,-99,0.0,-99,-99,-99,新北市,06,三峽區,057
24.940806,121.361500,三峽,C0AC60,2018-12-20T11:00:00+08:00,55.0,79,1.9,23.7,0.47,1011.3,-99,0.0,-99,-99,-99,新北市,06,三峽區,057
24.940806,121.361500,三峽,C0AC60,2018-12-20T12:00:00+08:00,55.0,97,1.0,26.5,0.38,1010.1,-99,0.0,-99,-99,-99,新北市,06,三峽區,057
24.940806,121.361500,三峽,C0AC60,2018-12-20T13:00:00+08:00,55.0,0,0.1,28.0,0.32,1008.7,-99,0.0,-99,-99,-99,新北市,06,三峽區,057
24.940806,121.361500,三峽,C0AC60,2018-12-20T14:00:00+08:00,55.0,332,1.5,27.8,0.34,1008.1,-99,0.0,-99,-99,-99,新北市,06,三峽區,057
24.940806,121.361500,三峽,C0AC60,2018-12-20T15:00:00+08:00,55.0,345,0.8,27.7,0.38,1007.7,-99,0.0,-99,-99,-99,新北市,06,三峽區,057
24.940806,121.361500,三峽,C0AC60,2018-12-20T16:00:00+08:00,55.0,338,2.2,24.3,0.55,1008.8,-99,0.0,-99,-99,-99,新北市,06,三峽區,057
24.940806,121.361500,三峽,C0AC60,2018-12-20T17:00:00+08:00,55.0,338,1.1,22.3,0.58,1010.0,-99,0.0,8.2,264,2018-12-20T16:38:00+08:00,新北市,06,三峽區,057
24.940806,121.361500,三峽,C0AC60,2018-12-20T18:00:00+08:00,55.0,0,0.0,21.9,0.59,1010.9,-99,0.0,-99,-99,-99,新北市,06,三峽區,057
24.940806,121.361500,三峽,C0AC60,2018-12-20T19:00:00+08:00,55.0,0,0.0,20.4,0.74,1011.1,-99,0.0,-99,-99,-99,新北市,06,三峽區,057
24.940806,121.361500,三峽,C0AC60,2018-12-20T20:00:00+08:00,55.0,0,0.0,19.7,0.81,1011.1,-99,0.0,-99,-99,-99,新北市,06,三峽區,057
24.940806,121.361500,三峽,C0AC60,2018-12-20T21:00:00+08:00,55.0,156,0.5,19.3,0.83,1011.0,-99,0.0,-99,-99,-99,新北市,06,三峽區,057
24.940806,121.361500,三峽,C0AC60,2018-12-20T22:00:00+08:00,55.0,0,0.0,19.2,0.86,1011.1,-99,0.0,-99,-99,-99,新北市,06,三峽區,057
24.940806,121.361500,三峽,C0AC60,2018-12-20T23:00:00+08:00,55.0,0,0.2,18.5,0.93,1011.6,-99,0.0,-99,-99,-99,新北市,06,三峽區,057
24.940806,121.361500,三峽,C0AC60,2018-12-21T00:00:00+08:00,55.0,168,0.4,18.3,0.94,1011.7,-99,0.0,-99,-99,-99,新北市,06,三峽區,057
24.940806,121.361500,三峽,C0AC60,2018-12-21T01:00:00+08:00,55.0,0,0.0,18.3,0.95,1011.6,-99,0.0,-99,-99,-99,新北市,06,三峽區,057
24.940806,121.361500,三峽,C0AC60,2018-12-21T02:00:00+08:00,55.0,175,0.4,17.8,0.96,1011.4,-99,0.0,-99,-99,-99,新北市,06,三峽區,057
24.940806,121.361500,三峽,C0AC60,2018-12-21T03:00:00+08:00,55.0,0,0.0,17.3,0.96,1011.2,-99,0.0,-99,-99,-99,新北市,06,三峽區,057
24.940806,121.361500,三峽,C0AC60,2018-12-21T04:00:00+08:00,55.0,172,0.6,16.9,0.98,1011.1,-99,0.0,-99,-99,-99,新北市,06,三峽區,057
24.940806,121.361500,三峽,C0AC60,2018-12-21T05:00:00+08:00,55.0,205,0.7,16.6,0.98,1011.5,-99,0.0,-99,-99,-99,新北市,06,三峽區,057
24.940806,121.361500,三峽,C0AC60,2018-12-21T06:00:00+08:00,55.0,0,0.0,16.6,0.97,1011.8,-99,0.0,-99,-99,-99,新北市,06,三峽區,057
24.940806,121.361500,三峽,C0AC60,2018-12-21T07:00:00+08:00,55.0,161,0.6,16.6,0.97,1012.4,-99,0.0,-99,-99,-99,新北市,06,三峽區,057
24.940806,121.361500,三峽,C0AC60,2018-12-21T08:00:00+08:00,55.0,0,0.0,17.3,0.96,1012.9,-99,0.0,-99,-99,-99,新北市,06,三峽區,057
24.940806,121.361500,三峽,C0AC60,2018-12-21T09:00:00+08:00,55.0,114,0.5,20.0,0.86,1012.9,-99,0.0,-99,-99,-99,新北市,06,三峽區,057
24.940806,121.361500,三峽,C0AC60,2018-12-21T10:00:00+08:00,55.0,90,2.2,22.2,0.76,1012.5,-99,0.0,-99,-99,-99,新北市,06,三峽區,057
24.940806,121.361500,三峽,C0AC60,2018-12-21T11:00:00+08:00,55.0,53,2.6,24.4,0.72,1011.6,-99,0.0,-99,-99,-99,新北市,06,三峽區,057
24.940806,121.361500,三峽,C0AC60,2018-12-21T12:00:00+08:00,55.0,75,2.1,25.9,0.65,1010.6,-99,0.0,-99,-99,-99,新北市,06,三峽區,057
24.940806,121.361500,三峽,C0AC60,2018-12-21T13:00:00+08:00,55.0,74,2.1,26.3,0.63,1009.3,-99,0.0,7.7,91,2018-12-21T12:51:00+08:00,新北市,06,三峽區,057
24.940806,121.361500,三峽,C0AC60,2018-12-21T14:00:00+08:00,55.0,65,2.8,26.1,0.66,1008.7,-99,0.0,8.2,91,2018-12-21T13:33:00+08:00,新北市,06,三峽區,057
24.940806,121.361500,三峽,C0AC60,2018-12-13T18:00:00+08:00,55.0,81,2.3,17.3,0.99,1019.2,-99,0.0,-99,-99,-99,新北市,06,三峽區,057
24.940806,121.361500,三峽,C0AC60,2018-12-13T14:00:00+08:00,55.0,69,3.4,19.1,0.83,1016.5,-99,0.0,11.0,70,2018-12-13T13:19:00+08:00,新北市,06,三峽區,057
24.940806,121.361500,三峽,C0AC60,2018-12-13T11:00:00+08:00,55.0,80,3.0,18.7,0.86,1018.8,-99,0.0,10.4,88,2018-12-13T10:05:00+08:00,新北市,06,三峽區,057
24.940806,121.361500,三峽,C0AC60,2018-12-21T14:00:00+08:00,55.0,65,2.8,26.1,0.66,1008.7,-99,0.0,8.2,91,2018-12-21T13:33:00+08:00,新北市,06,三峽區,057
24.940806,121.361500,三峽,C0AC60,2018-12-21T15:00:00+08:00,55.0,82,3.9,25.9,0.66,1008.6,-99,0.0,-99,-99,-99,新北市,06,三峽區,057
24.940806,121.361500,三峽,C0AC60,2018-12-21T16:00:00+08:00,55.0,72,3.1,25.2,0.69,1008.7,-99,0.0,9.9,91,2018-12-21T15:12:00+08:00,新北市,06,三峽區,057
24.940806,121.361500,三峽,C0AC60,2018-12-21T17:00:00+08:00,55.0,74,3.2,23.8,0.75,1008.9,-99,0.0,-99,-99,-99,新北市,06,三峽區,057
24.940806,121.361500,三峽,C0AC60,2018-12-21T18:00:00+08:00,55.0,79,2.7,23.2,0.75,1009.3,-99,0.0,8.8,91,2018-12-21T17:27:00+08:00,新北市,06,三峽區,057
24.940806,121.361500,三峽,C0AC60,2018-12-21T19:00:00+08:00,55.0,73,2.3,22.8,0.74,1009.6,-99,0.0,-99,-99,-99,新北市,06,三峽區,057
24.940806,121.361500,三峽,C0AC60,2018-12-21T20:00:00+08:00,55.0,81,3.0,22.8,0.71,1009.7,-99,0.0,8.2,69,2018-12-21T19:41:00+08:00,新北市,06,三峽區,057
24.940806,121.361500,三峽,C0AC60,2018-12-21T21:00:00+08:00,55.0,180,1.0,21.5,0.77,1009.8,-99,0.0,-99,-99,-99,新北市,06,三峽區,057
24.940806,121.361500,三峽,C0AC60,2018-12-21T22:00:00+08:00,55.0,164,2.4,19.4,0.97,1010.0,-99,0.0,-99,-99,-99,新北市,06,三峽區,057
24.940806,121.361500,三峽,C0AC60,2018-12-21T23:00:00+08:00,55.0,0,0.0,19.5,0.98,1010.3,-99,0.0,-99,-99,-99,新北市,06,三峽區,057
24.940806,121.361500,三峽,C0AC60,2018-12-22T00:00:00+08:00,55.0,155,1.8,19.0,0.99,1010.6,-99,0.0,-99,-99,-99,新北市,06,三峽區,057
24.940806,121.361500,三峽,C0AC60,2018-12-22T01:00:00+08:00,55.0,0,0.2,19.1,0.99,1010.7,-99,0.0,-99,-99,-99,新北市,06,三峽區,057
24.940806,121.361500,三峽,C0AC60,2018-12-22T02:00:00+08:00,55.0,0,0.0,18.6,0.99,1010.8,-99,0.0,-99,-99,-99,新北市,06,三峽區,057
24.940806,121.361500,三峽,C0AC60,2018-12-22T03:00:00+08:00,55.0,181,0.5,18.2,0.99,1010.9,-99,0.0,-99,-99,-99,新北市,06,三峽區,057
24.940806,121.361500,三峽,C0AC60,2018-12-22T04:00:00+08:00,55.0,188,0.6,18.2,0.99,1010.8,-99,0.0,-99,-99,-99,新北市,06,三峽區,057
24.940806,121.361500,三峽,C0AC60,2018-12-22T05:00:00+08:00,55.0,161,0.3,18.1,0.99,1011.2,-99,0.0,-99,-99,-99,新北市,06,三峽區,057
24.940806,121.361500,三峽,C0AC60,2018-12-22T06:00:00+08:00,55.0,159,1.8,17.8,0.99,1011.6,-99,0.0,-99,-99,-99,新北市,06,三峽區,057
24.940806,121.361500,三峽,C0AC60,2018-12-22T07:00:00+08:00,55.0,0,0.2,17.7,0.99,1012.1,-99,0.0,-99,-99,-99,新北市,06,三峽區,057
24.940806,121.361500,三峽,C0AC60,2018-12-22T08:00:00+08:00,55.0,154,0.9,18.7,0.98,1012.6,-99,0.0,-99,-99,-99,新北市,06,三峽區,057
24.940806,121.361500,三峽,C0AC60,2018-12-22T09:00:00+08:00,55.0,0,0.0,21.3,0.89,1013.0,-99,0.0,-99,-99,-99,新北市,06,三峽區,057
24.940806,121.361500,三峽,C0AC60,2018-12-22T10:00:00+08:00,55.0,0,0.0,23.4,0.75,1013.0,-99,0.0,-99,-99,-99,新北市,06,三峽區,057
24.940806,121.361500,三峽,C0AC60,2018-12-22T11:00:00+08:00,55.0,0,0.0,24.7,0.72,1012.1,-99,0.0,-99,-99,-99,新北市,06,三峽區,057
24.940806,121.361500,三峽,C0AC60,2018-12-22T12:00:00+08:00,55.0,309,0.5,25.3,0.72,1011.0,-99,0.0,-99,-99,-99,新北市,06,三峽區,057
24.940806,121.361500,三峽,C0AC60,2018-12-22T13:00:00+08:00,55.0,326,1.2,26.0,0.68,1010.1,-99,0.0,-99,-99,-99,新北市,06,三峽區,057
24.940806,121.361500,三峽,C0AC60,2018-12-21T18:00:00+08:00,55.0,79,2.7,23.2,0.75,1009.3,-99,0.0,8.8,91,2018-12-21T17:27:00+08:00,新北市,06,三峽區,057
24.940806,121.361500,三峽,C0AC60,2018-12-22T17:00:00+08:00,55.0,305,0.7,24.7,0.73,1009.9,-99,0.0,-99,-99,-99,新北市,06,三峽區,057
24.940806,121.361500,三峽,C0AC60,2018-12-22T18:00:00+08:00,55.0,317,0.8,23.4,0.8,1010.5,-99,0.0,-99,-99,-99,新北市,06,三峽區,057
24.940806,121.361500,三峽,C0AC60,2018-12-23T08:00:00+08:00,55.0,76,1.8,22.0,0.99,1012.0,-99,0.0,-99,-99,-99,新北市,06,三峽區,057
24.940806,121.361500,三峽,C0AC60,2018-12-23T09:00:00+08:00,55.0,80,2.5,23.1,0.99,1012.8,-99,0.0,-99,-99,-99,新北市,06,三峽區,057
24.940806,121.361500,三峽,C0AC60,2018-12-23T10:00:00+08:00,55.0,71,2.9,23.2,0.95,1013.3,-99,0.0,10.4,77,2018-12-23T09:46:00+08:00,新北市,06,三峽區,057
24.940806,121.361500,三峽,C0AC60,2018-12-23T11:00:00+08:00,55.0,78,2.9,21.1,0.99,1013.0,-99,0.0,9.9,68,2018-12-23T10:32:00+08:00,新北市,06,三峽區,057
24.940806,121.361500,三峽,C0AC60,2018-12-23T12:00:00+08:00,55.0,93,1.5,21.1,0.98,1012.8,-99,0.0,11.0,87,2018-12-23T11:27:00+08:00,新北市,06,三峽區,057
24.940806,121.361500,三峽,C0AC60,2018-12-23T13:00:00+08:00,55.0,92,2.4,20.4,0.98,1012.6,-99,0.0,8.2,70,2018-12-23T12:18:00+08:00,新北市,06,三峽區,057
24.940806,121.361500,三峽,C0AC60,2018-12-23T14:00:00+08:00,55.0,91,2.1,19.3,0.99,1012.7,-99,0.0,8.2,74,2018-12-23T13:54:00+08:00,新北市,06,三峽區,057
24.940806,121.361500,三峽,C0AC60,2018-12-23T15:00:00+08:00,55.0,94,2.0,18.9,0.99,1012.7,-99,0.5,7.7,93,2018-12-23T14:43:00+08:00,新北市,06,三峽區,057
24.940806,121.361500,三峽,C0AC60,2018-12-23T16:00:00+08:00,55.0,98,2.3,18.1,0.99,1013.4,-99,3.5,7.7,83,2018-12-23T15:09:00+08:00,新北市,06,三峽區,057
24.940806,121.361500,三峽,C0AC60,2018-12-23T17:00:00+08:00,55.0,81,3.1,17.9,0.99,1014.0,-99,5.5,8.8,70,2018-12-23T16:25:00+08:00,新北市,06,三峽區,057
24.940806,121.361500,三峽,C0AC60,2018-12-23T18:00:00+08:00,55.0,91,1.7,17.7,0.99,1014.6,-99,10.5,7.7,77,2018-12-23T17:27:00+08:00,新北市,06,三峽區,057
24.940806,121.361500,三峽,C0AC60,2018-12-23T19:00:00+08:00,55.0,99,1.5,17.6,0.99,1015.0,-99,14.0,7.1,73,2018-12-23T18:06:00+08:00,新北市,06,三峽區,057
24.940806,121.361500,三峽,C0AC60,2018-12-23T20:00:00+08:00,55.0,85,1.0,17.6,0.99,1015.5,-99,16.5,-99,-99,-99,新北市,06,三峽區,057
24.940806,121.361500,三峽,C0AC60,2018-12-23T21:00:00+08:00,55.0,85,1.9,17.5,0.99,1015.3,-99,20.0,8.2,91,2018-12-23T20:53:00+08:00,新北市,06,三峽區,057
24.940806,121.361500,三峽,C0AC60,2018-12-23T22:00:00+08:00,55.0,94,1.8,17.6,0.99,1015.4,-99,25.0,-99,-99,-99,新北市,06,三峽區,057
24.940806,121.361500,三峽,C0AC60,2018-12-23T23:00:00+08:00,55.0,83,2.2,17.1,0.99,1015.1,-99,30.0,7.7,63,2018-12-23T22:19:00+08:00,新北市,06,三峽區,057
24.940806,121.361500,三峽,C0AC60,2018-12-24T00:00:00+08:00,55.0,89,2.1,17.0,0.99,1015.6,-99,33.0,-99,-99,-99,新北市,06,三峽區,057
24.940806,121.361500,三峽,C0AC60,2018-12-24T01:00:00+08:00,55.0,79,1.9,16.6,0.99,1015.4,-99,3.0,7.1,56,2018-12-24T00:56:00+08:00,新北市,06,三峽區,057
24.940806,121.361500,三峽,C0AC60,2018-12-24T02:00:00+08:00,55.0,91,1.5,16.3,0.99,1015.4,-99,8.5,-99,-99,-99,新北市,06,三峽區,057
24.940806,121.361500,三峽,C0AC60,2018-12-24T03:00:00+08:00,55.0,85,2.2,15.9,0.99,1015.3,-99,13.5,-99,-99,-99,新北市,06,三峽區,057
24.940806,121.361500,三峽,C0AC60,2018-12-24T04:00:00+08:00,55.0,88,1.6,15.6,0.99,1015.4,-99,16.5,-99,-99,-99,新北市,06,三峽區,057
24.940806,121.361500,三峽,C0AC60,2018-12-24T05:00:00+08:00,55.0,92,1.8,15.5,0.99,1015.3,-99,16.5,7.1,87,2018-12-24T04:53:00+08:00,新北市,06,三峽區,057
24.940806,121.361500,三峽,C0AC60,2018-12-24T06:00:00+08:00,55.0,97,1.6,15.7,0.98,1015.5,-99,16.5,7.7,68,2018-12-24T05:18:00+08:00,新北市,06,三峽區,057
24.940806,121.361500,三峽,C0AC60,2018-12-24T07:00:00+08:00,55.0,88,1.7,15.5,0.99,1016.2,-99,16.5,-99,-99,-99,新北市,06,三峽區,057
24.940806,121.361500,三峽,C0AC60,2018-12-24T08:00:00+08:00,55.0,89,1.4,15.6,0.99,1016.5,-99,17.0,-99,-99,-99,新北市,06,三峽區,057
24.940806,121.361500,三峽,C0AC60,2018-12-24T09:00:00+08:00,55.0,83,2.3,15.7,0.99,1016.3,-99,17.5,-99,-99,-99,新北市,06,三峽區,057
24.940806,121.361500,三峽,C0AC60,2018-12-24T10:00:00+08:00,55.0,81,2.5,16.2,0.99,1015.8,-99,17.5,8.8,65,2018-12-24T09:17:00+08:00,新北市,06,三峽區,057
24.940806,121.361500,三峽,C0AC60,2018-12-24T11:00:00+08:00,55.0,81,2.8,16.7,0.99,1014.9,-99,17.5,8.2,82,2018-12-24T10:48:00+08:00,新北市,06,三峽區,057
24.940806,121.361500,三峽,C0AC60,2018-12-24T12:00:00+08:00,55.0,82,3.0,17.3,0.99,1013.6,-99,17.5,11.5,95,2018-12-24T11:39:00+08:00,新北市,06,三峽區,057
24.940806,121.361500,三峽,C0AC60,2018-12-24T13:00:00+08:00,55.0,80,3.2,17.4,0.99,1012.7,-99,17.5,9.9,76,2018-12-24T12:02:00+08:00,新北市,06,三峽區,057
24.940806,121.361500,三峽,C0AC60,2018-12-24T14:00:00+08:00,55.0,83,4.2,18.2,0.96,1012.2,-99,17.5,13.2,74,2018-12-24T14:00:00+08:00,新北市,06,三峽區,057
24.940806,121.361500,三峽,C0AC60,2018-12-24T15:00:00+08:00,55.0,78,2.5,18.0,0.96,1011.9,-99,17.5,10.4,71,2018-12-24T14:40:00+08:00,新北市,06,三峽區,057
24.940806,121.361500,三峽,C0AC60,2018-12-24T16:00:00+08:00,55.0,83,3.1,17.8,0.98,1012.0,-99,17.5,8.8,77,2018-12-24T15:46:00+08:00,新北市,06,三峽區,057
24.940806,121.361500,三峽,C0AC60,2018-12-24T17:00:00+08:00,55.0,82,3.4,17.6,0.98,1011.9,-99,17.5,9.3,59,2018-12-24T16:51:00+08:00,新北市,06,三峽區,057
24.940806,121.361500,三峽,C0AC60,2018-12-24T18:00:00+08:00,55.0,79,4.2,17.7,0.97,1011.3,-99,17.5,11.5,95,2018-12-24T17:47:00+08:00,新北市,06,三峽區,057
24.940806,121.361500,三峽,C0AC60,2018-12-24T19:00:00+08:00,55.0,81,4.1,18.3,0.92,1011.2,-99,17.5,11.0,91,2018-12-24T18:03:00+08:00,新北市,06,三峽區,057
24.940806,121.361500,三峽,C0AC60,2018-12-24T20:00:00+08:00,55.0,72,4.8,18.2,0.95,1011.2,-99,17.5,11.5,103,2018-12-24T19:02:00+08:00,新北市,06,三峽區,057
24.940806,121.361500,三峽,C0AC60,2018-12-24T21:00:00+08:00,55.0,74,4.0,18.2,0.97,1011.1,-99,17.5,11.5,64,2018-12-24T20:05:00+08:00,新北市,06,三峽區,057
24.940806,121.361500,三峽,C0AC60,2018-12-24T22:00:00+08:00,55.0,74,4.4,18.3,0.98,1010.9,-99,17.5,10.4,83,2018-12-24T21:05:00+08:00,新北市,06,三峽區,057
24.940806,121.361500,三峽,C0AC60,2018-12-24T23:00:00+08:00,55.0,78,4.2,18.3,0.99,1010.4,-99,17.5,11.0,100,2018-12-24T22:44:00+08:00,新北市,06,三峽區,057
24.940806,121.361500,三峽,C0AC60,2018-12-25T00:00:00+08:00,55.0,73,5.3,18.4,0.99,1009.9,-99,17.5,12.6,35,2018-12-24T23:56:00+08:00,新北市,06,三峽區,057
24.940806,121.361500,三峽,C0AC60,2018-12-25T01:00:00+08:00,55.0,78,4.6,18.4,0.99,1009.4,-99,0.0,12.1,105,2018-12-25T00:08:00+08:00,新北市,06,三峽區,057
24.940806,121.361500,三峽,C0AC60,2018-12-25T02:00:00+08:00,55.0,77,4.6,18.5,0.99,1009.3,-99,0.0,13.2,76,2018-12-25T01:59:00+08:00,新北市,06,三峽區,057
24.940806,121.361500,三峽,C0AC60,2018-12-25T09:00:00+08:00,55.0,85,1.7,19.4,0.99,1010.6,-99,0.0,7.1,68,2018-12-25T08:56:00+08:00,新北市,06,三峽區,057
24.940806,121.361500,三峽,C0AC60,2018-12-25T10:00:00+08:00,55.0,75,2.5,20.4,0.99,1010.2,-99,0.0,9.3,87,2018-12-25T09:14:00+08:00,新北市,06,三峽區,057
24.940806,121.361500,三峽,C0AC60,2018-12-25T11:00:00+08:00,55.0,78,2.8,21.7,0.96,1008.9,-99,0.0,9.3,94,2018-12-25T10:16:00+08:00,新北市,06,三峽區,057
24.940806,121.361500,三峽,C0AC60,2018-12-25T12:00:00+08:00,55.0,84,1.6,22.9,0.93,1007.7,-99,0.0,-99,-99,-99,新北市,06,三峽區,057
24.940806,121.361500,三峽,C0AC60,2018-12-25T13:00:00+08:00,55.0,77,1.4,23.5,0.91,1006.9,-99,0.0,8.2,69,2018-12-25T12:21:00+08:00,新北市,06,三峽區,057
24.940806,121.361500,三峽,C0AC60,2018-12-25T14:00:00+08:00,55.0,83,2.2,24.0,0.9,1006.6,-99,0.0,-99,-99,-99,新北市,06,三峽區,057
24.940806,121.361500,三峽,C0AC60,2018-12-25T15:00:00+08:00,55.0,0,0.2,24.2,0.9,1006.4,-99,0.0,-99,-99,-99,新北市,06,三峽區,057
24.940806,121.361500,三峽,C0AC60,2018-12-25T16:00:00+08:00,55.0,0,0.0,24.0,0.91,1006.8,-99,0.0,-99,-99,-99,新北市,06,三峽區,057
24.940806,121.361500,三峽,C0AC60,2018-12-25T17:00:00+08:00,55.0,317,0.4,23.0,0.97,1007.2,-99,0.0,-99,-99,-99,新北市,06,三峽區,057
24.940806,121.361500,三峽,C0AC60,2018-12-25T18:00:00+08:00,55.0,297,0.9,22.0,0.99,1007.9,-99,0.0,-99,-99,-99,新北市,06,三峽區,057
24.940806,121.361500,三峽,C0AC60,2018-12-25T19:00:00+08:00,55.0,0,0.2,21.6,0.99,1007.9,-99,0.0,-99,-99,-99,新北市,06,三峽區,057
24.940806,121.361500,三峽,C0AC60,2018-12-25T20:00:00+08:00,55.0,0,0.2,21.4,0.99,1007.9,-99,0.0,-99,-99,-99,新北市,06,三峽區,057
24.940806,121.361500,三峽,C0AC60,2018-12-25T21:00:00+08:00,55.0,0,0.1,21.3,0.99,1008.1,-99,0.0,-99,-99,-99,新北市,06,三峽區,057
24.940806,121.361500,三峽,C0AC60,2018-12-25T22:00:00+08:00,55.0,0,0.0,21.1,0.99,1008.2,-99,0.0,-99,-99,-99,新北市,06,三峽區,057
24.940806,121.361500,三峽,C0AC60,2018-12-25T23:00:00+08:00,55.0,313,0.4,20.9,0.99,1008.2,-99,0.0,-99,-99,-99,新北市,06,三峽區,057
24.940806,121.361500,三峽,C0AC60,2018-12-26T00:00:00+08:00,55.0,297,0.6,20.5,0.99,1008.0,-99,0.0,-99,-99,-99,新北市,06,三峽區,057
24.940806,121.361500,三峽,C0AC60,2018-12-26T01:00:00+08:00,55.0,0,0.1,20.1,0.99,1007.8,-99,0.0,-99,-99,-99,新北市,06,三峽區,057
24.940806,121.361500,三峽,C0AC60,2018-12-26T02:00:00+08:00,55.0,295,0.4,19.8,0.99,1007.7,-99,0.5,-99,-99,-99,新北市,06,三峽區,057
24.940806,121.361500,三峽,C0AC60,2018-12-26T03:00:00+08:00,55.0,299,0.3,19.4,0.99,1007.9,-99,0.5,-99,-99,-99,新北市,06,三峽區,057
24.940806,121.361500,三峽,C0AC60,2018-12-26T10:00:00+08:00,55.0,0,0.1,19.8,0.99,1009.2,-99,1.0,-99,-99,-99,新北市,06,三峽區,057
24.940806,121.361500,三峽,C0AC60,2018-12-26T11:00:00+08:00,55.0,225,0.5,20.1,0.99,1008.2,-99,1.0,-99,-99,-99,新北市,06,三峽區,057
24.940806,121.361500,三峽,C0AC60,2018-12-26T12:00:00+08:00,55.0,0,0.1,20.4,0.99,1007.1,-99,1.0,-99,-99,-99,新北市,06,三峽區,057
24.940806,121.361500,三峽,C0AC60,2018-12-26T13:00:00+08:00,55.0,0,0.0,20.5,0.99,1006.5,-99,1.0,-99,-99,-99,新北市,06,三峽區,057
24.940806,121.361500,三峽,C0AC60,2018-12-26T14:00:00+08:00,55.0,336,0.4,20.2,0.99,1006.7,-99,1.0,-99,-99,-99,新北市,06,三峽區,057
24.940806,121.361500,三峽,C0AC60,2018-12-26T15:00:00+08:00,55.0,18,0.5,20.4,0.99,1007.1,-99,1.0,-99,-99,-99,新北市,06,三峽區,057
24.940806,121.361500,三峽,C0AC60,2018-12-27T00:00:00+08:00,55.0,-99,-99,-99,-99,-99,-99,-99,-99,-99,-99,新北市,06,三峽區,057
24.940806,121.361500,三峽,C0AC60,2018-12-27T14:00:00+08:00,55.0,-99,-99,-99,-99,-99,-99,-99,-99,-99,-99,新北市,06,三峽區,057
24.940806,121.361500,三峽,C0AC60,2018-12-27T15:00:00+08:00,55.0,-99,-99,-99,-99,-99,-99,-99,-99,-99,-99,新北市,06,三峽區,057
24.940806,121.361500,三峽,C0AC60,2018-12-28T09:00:00+08:00,55.0,-99,-99,-99,-99,-99,-99,-99,-99,-99,-99,新北市,06,三峽區,057
24.940806,121.361500,三峽,C0AC60,2018-12-28T12:00:00+08:00,55.0,-99,-99,-99,-99,-99,-99,-99,-99,-99,-99,新北市,06,三峽區,057
24.940806,121.361500,三峽,C0AC60,2018-12-28T14:00:00+08:00,55.0,-99,-99,-99,-99,-99,-99,-99,-99,-99,-99,新北市,06,三峽區,057
24.940806,121.361500,三峽,C0AC60,2018-12-28T11:00:00+08:00,55.0,-99,-99,-99,-99,-99,-99,-99,-99,-99,-99,新北市,06,三峽區,057
24.940806,121.361500,三峽,C0AC60,2018-12-28T13:00:00+08:00,55.0,-99,-99,-99,-99,-99,-99,-99,-99,-99,-99,新北市,06,三峽區,057
24.940806,121.361500,三峽,C0AC60,2018-12-28T12:00:00+08:00,55.0,-99,-99,-99,-99,-99,-99,-99,-99,-99,-99,新北市,06,三峽區,057
24.940806,121.361500,三峽,C0AC60,2018-12-28T10:00:00+08:00,55.0,-99,-99,-99,-99,-99,-99,-99,-99,-99,-99,新北市,06,三峽區,057
24.940806,121.361500,三峽,C0AC60,2018-12-28T13:00:00+08:00,55.0,-99,-99,-99,-99,-99,-99,-99,-99,-99,-99,新北市,06,三峽區,057
24.940806,121.361500,三峽,C0AC60,2018-12-28T14:00:00+08:00,55.0,-99,-99,-99,-99,-99,-99,-99,-99,-99,-99,新北市,06,三峽區,057
24.940806,121.361500,三峽,C0AC60,2018-12-28T12:00:00+08:00,55.0,-99,-99,-99,-99,-99,-99,-99,-99,-99,-99,新北市,06,三峽區,057
24.940806,121.361500,三峽,C0AC60,2018-12-28T11:00:00+08:00,55.0,-99,-99,-99,-99,-99,-99,-99,-99,-99,-99,新北市,06,三峽區,057
24.940806,121.361500,三峽,C0AC60,2018-12-28T13:00:00+08:00,55.0,-99,-99,-99,-99,-99,-99,-99,-99,-99,-99,新北市,06,三峽區,057
24.940806,121.361500,三峽,C0AC60,2018-12-28T16:00:00+08:00,55.0,-99,-99,-99,-99,-99,-99,-99,-99,-99,-99,新北市,06,三峽區,057
24.940806,121.361500,三峽,C0AC60,2018-12-28T12:00:00+08:00,55.0,-99,-99,-99,-99,-99,-99,-99,-99,-99,-99,新北市,06,三峽區,057
24.940806,121.361500,三峽,C0AC60,2018-12-28T09:00:00+08:00,55.0,-99,-99,-99,-99,-99,-99,-99,-99,-99,-99,新北市,06,三峽區,057
24.940806,121.361500,三峽,C0AC60,2018-12-28T13:00:00+08:00,55.0,-99,-99,-99,-99,-99,-99,-99,-99,-99,-99,新北市,06,三峽區,057
24.940806,121.361500,三峽,C0AC60,2018-12-28T16:00:00+08:00,55.0,-99,-99,-99,-99,-99,-99,-99,-99,-99,-99,新北市,06,三峽區,057
24.940806,121.361500,三峽,C0AC60,2018-12-28T12:00:00+08:00,55.0,-99,-99,-99,-99,-99,-99,-99,-99,-99,-99,新北市,06,三峽區,057
24.940806,121.361500,三峽,C0AC60,2018-12-28T17:00:00+08:00,55.0,-99,-99,-99,-99,-99,-99,-99,-99,-99,-99,新北市,06,三峽區,057
24.940806,121.361500,三峽,C0AC60,2018-12-28T18:00:00+08:00,55.0,-99,-99,-99,-99,-99,-99,-99,-99,-99,-99,新北市,06,三峽區,057
24.940806,121.361500,三峽,C0AC60,2018-12-28T19:00:00+08:00,55.0,-99,-99,-99,-99,-99,-99,-99,-99,-99,-99,新北市,06,三峽區,057
24.940806,121.361500,三峽,C0AC60,2018-12-28T20:00:00+08:00,55.0,-99,-99,-99,-99,-99,-99,-99,-99,-99,-99,新北市,06,三峽區,057
24.940806,121.361500,三峽,C0AC60,2018-12-28T21:00:00+08:00,55.0,-99,-99,-99,-99,-99,-99,-99,-99,-99,-99,新北市,06,三峽區,057
24.940806,121.361500,三峽,C0AC60,2018-12-28T22:00:00+08:00,55.0,92,2.8,13.0,0.99,1021.8,-99,1.0,-99,-99,-99,新北市,06,三峽區,057
24.940806,121.361500,三峽,C0AC60,2018-12-28T23:00:00+08:00,55.0,93,2.2,12.9,0.99,1021.6,-99,1.0,-99,-99,-99,新北市,06,三峽區,057
24.940806,121.361500,三峽,C0AC60,2018-12-29T00:00:00+08:00,55.0,97,2.4,12.7,0.99,1021.5,-99,1.0,-99,-99,-99,新北市,06,三峽區,057
24.940806,121.361500,三峽,C0AC60,2018-12-29T01:00:00+08:00,55.0,95,2.4,12.6,1,1021.3,-99,0.0,7.7,88,2018-12-29T00:34:00+08:00,新北市,06,三峽區,057
24.940806,121.361500,三峽,C0AC60,2018-12-29T02:00:00+08:00,55.0,95,3.1,12.4,0.99,1021.5,-99,0.0,-99,-99,-99,新北市,06,三峽區,057
24.940806,121.361500,三峽,C0AC60,2018-12-29T03:00:00+08:00,55.0,97,2.2,12.2,1,1021.5,-99,0.0,7.7,70,2018-12-29T02:17:00+08:00,新北市,06,三峽區,057
24.940806,121.361500,三峽,C0AC60,2018-12-29T04:00:00+08:00,55.0,92,2.4,12.2,0.98,1021.4,-99,0.0,8.2,82,2018-12-29T03:49:00+08:00,新北市,06,三峽區,057
24.940806,121.361500,三峽,C0AC60,2018-12-29T05:00:00+08:00,55.0,97,2.6,12.5,0.94,1022.1,-99,0.0,8.2,84,2018-12-29T04:44:00+08:00,新北市,06,三峽區,057
24.940806,121.361500,三峽,C0AC60,2018-12-29T06:00:00+08:00,55.0,91,2.0,12.3,0.95,1023.2,-99,0.0,8.2,63,2018-12-29T05:03:00+08:00,新北市,06,三峽區,057
24.940806,121.361500,三峽,C0AC60,2018-12-29T07:00:00+08:00,55.0,96,2.2,12.2,0.94,1024.0,-99,0.0,7.7,97,2018-12-29T06:34:00+08:00,新北市,06,三峽區,057
24.940806,121.361500,三峽,C0AC60,2018-12-29T08:00:00+08:00,55.0,91,2.7,12.2,0.93,1025.0,-99,0.0,8.2,84,2018-12-29T07:42:00+08:00,新北市,06,三峽區,057
24.940806,121.361500,三峽,C0AC60,2018-12-29T09:00:00+08:00,55.0,94,3.0,12.4,0.92,1025.0,-99,0.0,11.0,74,2018-12-29T08:48:00+08:00,新北市,06,三峽區,057
24.940806,121.361500,三峽,C0AC60,2018-12-29T10:00:00+08:00,55.0,95,2.7,12.6,0.91,1024.5,-99,0.0,9.3,89,2018-12-29T09:19:00+08:00,新北市,06,三峽區,057
24.940806,121.361500,三峽,C0AC60,2018-12-29T11:00:00+08:00,55.0,94,2.9,12.9,0.88,1023.6,-99,0.0,9.3,105,2018-12-29T10:28:00+08:00,新北市,06,三峽區,057
24.940806,121.361500,三峽,C0AC60,2018-12-29T12:00:00+08:00,55.0,94,2.7,13.4,0.86,1022.3,-99,0.0,8.8,97,2018-12-29T11:04:00+08:00,新北市,06,三峽區,057
24.940806,121.361500,三峽,C0AC60,2018-12-29T13:00:00+08:00,55.0,82,2.9,14.3,0.77,1020.8,-99,0.0,10.4,105,2018-12-29T12:27:00+08:00,新北市,06,三峽區,057
24.940806,121.361500,三峽,C0AC60,2018-12-29T14:00:00+08:00,55.0,78,4.8,14.5,0.74,1020.0,-99,0.0,12.1,84,2018-12-29T13:29:00+08:00,新北市,06,三峽區,057
24.940806,121.361500,三峽,C0AC60,2018-12-29T15:00:00+08:00,55.0,77,2.9,14.7,0.74,1020.0,-99,0.0,10.4,54,2018-12-29T14:15:00+08:00,新北市,06,三峽區,057
24.940806,121.361500,三峽,C0AC60,2018-12-29T16:00:00+08:00,55.0,85,3.4,14.4,0.74,1021.1,-99,0.0,11.0,73,2018-12-29T15:23:00+08:00,新北市,06,三峽區,057
24.940806,121.361500,三峽,C0AC60,2018-12-29T17:00:00+08:00,55.0,95,2.3,13.7,0.85,1022.6,-99,0.0,9.9,76,2018-12-29T16:19:00+08:00,新北市,06,三峽區,057
24.940806,121.361500,三峽,C0AC60,2018-12-29T18:00:00+08:00,55.0,80,2.1,12.9,0.98,1023.0,-99,0.0,8.2,87,2018-12-29T17:12:00+08:00,新北市,06,三峽區,057
24.940806,121.361500,三峽,C0AC60,2018-12-29T19:00:00+08:00,55.0,91,2.7,12.8,0.99,1023.9,-99,0.0,-99,-99,-99,新北市,06,三峽區,057
24.940806,121.361500,三峽,C0AC60,2018-12-29T20:00:00+08:00,55.0,91,1.9,13.2,0.96,1024.3,-99,0.0,8.8,90,2018-12-29T19:01:00+08:00,新北市,06,三峽區,057
24.940806,121.361500,三峽,C0AC60,2018-12-29T21:00:00+08:00,55.0,93,1.7,13.1,0.94,1024.2,-99,0.0,8.8,93,2018-12-29T20:17:00+08:00,新北市,06,三峽區,057
24.940806,121.361500,三峽,C0AC60,2018-12-29T22:00:00+08:00,55.0,96,2.1,13.6,0.92,1023.4,-99,0.0,8.2,65,2018-12-29T21:51:00+08:00,新北市,06,三峽區,057
24.940806,121.361500,三峽,C0AC60,2018-12-29T23:00:00+08:00,55.0,92,3.3,13.9,0.89,1022.4,-99,0.0,9.3,66,2018-12-29T22:14:00+08:00,新北市,06,三峽區,057
24.940806,121.361500,三峽,C0AC60,2018-12-30T00:00:00+08:00,55.0,91,2.2,14.1,0.86,1021.6,-99,0.0,-99,-99,-99,新北市,06,三峽區,057
24.940806,121.361500,三峽,C0AC60,2018-12-30T01:00:00+08:00,55.0,92,2.0,14.4,0.78,1021.5,-99,-99,-99,-99,-99,新北市,06,三峽區,057
24.940806,121.361500,三峽,C0AC60,2018-12-30T02:00:00+08:00,55.0,91,1.8,14.0,0.83,1021.0,-99,0.0,-99,-99,-99,新北市,06,三峽區,057
24.940806,121.361500,三峽,C0AC60,2018-12-30T03:00:00+08:00,55.0,84,1.9,13.8,0.9,1020.1,-99,0.0,-99,-99,-99,新北市,06,三峽區,057
24.940806,121.361500,三峽,C0AC60,2018-12-30T04:00:00+08:00,55.0,82,2.1,13.8,0.96,1020.0,-99,0.0,-99,-99,-99,新北市,06,三峽區,057
24.940806,121.361500,三峽,C0AC60,2018-12-30T05:00:00+08:00,55.0,88,1.3,14.1,0.94,1020.0,-99,0.0,7.7,52,2018-12-30T04:35:00+08:00,新北市,06,三峽區,057
24.940806,121.361500,三峽,C0AC60,2018-12-30T06:00:00+08:00,55.0,93,2.4,14.0,0.97,1020.2,-99,0.0,-99,-99,-99,新北市,06,三峽區,057
24.940806,121.361500,三峽,C0AC60,2018-12-30T07:00:00+08:00,55.0,92,2.3,13.9,0.99,1020.7,-99,0.0,10.4,74,2018-12-30T06:39:00+08:00,新北市,06,三峽區,057
24.940806,121.361500,三峽,C0AC60,2018-12-30T08:00:00+08:00,55.0,91,2.3,15.1,0.88,1021.6,-99,0.0,8.2,78,2018-12-30T07:38:00+08:00,新北市,06,三峽區,057
24.940806,121.361500,三峽,C0AC60,2018-12-30T09:00:00+08:00,55.0,92,2.9,15.3,0.89,1021.8,-99,0.0,11.0,96,2018-12-30T08:41:00+08:00,新北市,06,三峽區,057
24.940806,121.361500,三峽,C0AC60,2018-12-30T10:00:00+08:00,55.0,89,2.2,15.6,0.9,1021.2,-99,0.0,8.8,58,2018-12-30T09:43:00+08:00,新北市,06,三峽區,057
24.940806,121.361500,三峽,C0AC60,2018-12-30T11:00:00+08:00,55.0,93,2.3,15.5,0.93,1020.4,-99,0.0,-99,-99,-99,新北市,06,三峽區,057
24.940806,121.361500,三峽,C0AC60,2018-12-30T12:00:00+08:00,55.0,76,3.1,15.3,0.99,1019.3,-99,0.0,11.0,85,2018-12-30T11:53:00+08:00,新北市,06,三峽區,057
24.940806,121.361500,三峽,C0AC60,2018-12-30T13:00:00+08:00,55.0,78,2.1,15.2,1,1019.0,-99,0.0,10.4,44,2018-12-30T12:15:00+08:00,新北市,06,三峽區,057
24.940806,121.361500,三峽,C0AC60,2018-12-30T14:00:00+08:00,55.0,81,3.0,15.9,1,1018.1,-99,0.0,8.8,79,2018-12-30T13:51:00+08:00,新北市,06,三峽區,057
24.940806,121.361500,三峽,C0AC60,2018-12-30T15:00:00+08:00,55.0,76,3.6,16.2,0.97,1017.9,-99,0.0,10.4,83,2018-12-30T14:27:00+08:00,新北市,06,三峽區,057
24.940806,121.361500,三峽,C0AC60,2018-12-30T16:00:00+08:00,55.0,78,3.4,15.8,0.99,1018.6,-99,0.0,9.3,83,2018-12-30T15:19:00+08:00,新北市,06,三峽區,057
24.940806,121.361500,三峽,C0AC60,2018-12-30T17:00:00+08:00,55.0,75,2.4,15.3,1,1019.4,-99,0.0,9.9,96,2018-12-30T16:05:00+08:00,新北市,06,三峽區,057
24.940806,121.361500,三峽,C0AC60,2018-12-30T18:00:00+08:00,55.0,78,2.6,15.0,1,1020.0,-99,0.0,8.8,68,2018-12-30T17:16:00+08:00,新北市,06,三峽區,057
24.940806,121.361500,三峽,C0AC60,2018-12-30T19:00:00+08:00,55.0,86,3.2,14.9,0.99,1020.7,-99,0.0,8.8,64,2018-12-30T18:07:00+08:00,新北市,06,三峽區,057
24.940806,121.361500,三峽,C0AC60,2018-12-30T20:00:00+08:00,55.0,71,3.1,15.0,1,1021.1,-99,0.0,8.2,60,2018-12-30T19:53:00+08:00,新北市,06,三峽區,057
24.940806,121.361500,三峽,C0AC60,2018-12-30T21:00:00+08:00,55.0,89,2.4,15.4,1,1021.5,-99,0.0,8.8,79,2018-12-30T20:13:00+08:00,新北市,06,三峽區,057
24.940806,121.361500,三峽,C0AC60,2018-12-30T22:00:00+08:00,55.0,78,2.4,15.2,0.99,1021.4,-99,0.0,-99,-99,-99,新北市,06,三峽區,057
24.940806,121.361500,三峽,C0AC60,2018-12-30T23:00:00+08:00,55.0,82,1.8,15.1,1,1021.2,-99,0.0,8.2,71,2018-12-30T22:48:00+08:00,新北市,06,三峽區,057
24.940806,121.361500,三峽,C0AC60,2018-12-31T00:00:00+08:00,55.0,85,2.4,15.1,1,1020.9,-99,0.0,-99,-99,-99,新北市,06,三峽區,057
24.940806,121.361500,三峽,C0AC60,2018-12-31T01:00:00+08:00,55.0,78,2.2,15.2,1,1020.7,-99,0.0,7.7,70,2018-12-31T00:42:00+08:00,新北市,06,三峽區,057
24.940806,121.361500,三峽,C0AC60,2018-12-31T02:00:00+08:00,55.0,78,2.1,15.3,0.99,1020.8,-99,0.0,-99,-99,-99,新北市,06,三峽區,057
24.940806,121.361500,三峽,C0AC60,2018-12-31T03:00:00+08:00,55.0,86,1.6,15.4,1,1021.1,-99,0.0,-99,-99,-99,新北市,06,三峽區,057
24.940806,121.361500,三峽,C0AC60,2018-12-31T04:00:00+08:00,55.0,77,1.0,15.3,1,1021.0,-99,0.5,-99,-99,-99,新北市,06,三峽區,057
24.940806,121.361500,三峽,C0AC60,2018-12-31T05:00:00+08:00,55.0,77,1.7,15.2,1,1021.1,-99,0.5,-99,-99,-99,新北市,06,三峽區,057
24.940806,121.361500,三峽,C0AC60,2018-12-31T06:00:00+08:00,55.0,44,0.4,15.1,1,1021.6,-99,1.0,-99,-99,-99,新北市,06,三峽區,057
24.940806,121.361500,三峽,C0AC60,2018-12-31T07:00:00+08:00,55.0,79,1.0,15.0,0.99,1022.0,-99,1.5,-99,-99,-99,新北市,06,三峽區,057
24.940806,121.361500,三峽,C0AC60,2018-12-31T08:00:00+08:00,55.0,83,1.7,15.5,1,1022.3,-99,1.5,-99,-99,-99,新北市,06,三峽區,057
24.940806,121.361500,三峽,C0AC60,2018-12-31T09:00:00+08:00,55.0,78,1.9,15.6,1,1022.9,-99,2.0,-99,-99,-99,新北市,06,三峽區,057
24.940806,121.361500,三峽,C0AC60,2018-12-31T10:00:00+08:00,55.0,83,1.8,15.7,1,1022.7,-99,2.0,-99,-99,-99,新北市,06,三峽區,057
24.940806,121.361500,三峽,C0AC60,2018-12-31T11:00:00+08:00,55.0,86,1.3,16.2,0.99,1022.0,-99,2.0,-99,-99,-99,新北市,06,三峽區,057
24.940806,121.361500,三峽,C0AC60,2018-12-31T12:00:00+08:00,55.0,81,2.0,16.6,0.99,1020.7,-99,2.0,-99,-99,-99,新北市,06,三峽區,057
24.940806,121.361500,三峽,C0AC60,2018-12-31T13:00:00+08:00,55.0,85,2.2,16.9,0.99,1020.0,-99,2.0,-99,-99,-99,新北市,06,三峽區,057
24.940806,121.361500,三峽,C0AC60,2018-12-31T14:00:00+08:00,55.0,91,1.9,16.8,0.99,1019.4,-99,2.5,8.2,55,2018-12-31T13:21:00+08:00,新北市,06,三峽區,057
24.940806,121.361500,三峽,C0AC60,2018-12-31T15:00:00+08:00,55.0,84,2.5,16.4,1,1019.8,-99,2.5,8.2,64,2018-12-31T14:10:00+08:00,新北市,06,三峽區,057
24.940806,121.361500,三峽,C0AC60,2018-12-31T16:00:00+08:00,55.0,100,1.2,16.1,1,1020.7,-99,2.5,7.7,71,2018-12-31T15:06:00+08:00,新北市,06,三峽區,057
24.940806,121.361500,三峽,C0AC60,2018-12-31T17:00:00+08:00,55.0,85,2.0,15.9,1,1021.6,-99,2.5,8.2,72,2018-12-31T16:34:00+08:00,新北市,06,三峽區,057
24.940806,121.361500,三峽,C0AC60,2018-12-31T18:00:00+08:00,55.0,93,1.6,15.5,1,1021.8,-99,3.0,9.3,80,2018-12-31T17:13:00+08:00,新北市,06,三峽區,057
24.940806,121.361500,三峽,C0AC60,2018-12-31T19:00:00+08:00,55.0,93,1.6,15.4,1,1022.0,-99,4.0,-99,-99,-99,新北市,06,三峽區,057
24.940806,121.361500,三峽,C0AC60,2018-12-31T20:00:00+08:00,55.0,82,1.6,15.3,0.99,1021.9,-99,4.0,-99,-99,-99,新北市,06,三峽區,057
24.940806,121.361500,三峽,C0AC60,2018-12-31T21:00:00+08:00,55.0,87,1.5,15.4,1,1022.2,-99,4.5,8.2,83,2018-12-31T20:15:00+08:00,新北市,06,三峽區,057
24.940806,121.361500,三峽,C0AC60,2018-12-31T22:00:00+08:00,55.0,85,1.9,15.4,1,1022.1,-99,4.5,-99,-99,-99,新北市,06,三峽區,057
24.940806,121.361500,三峽,C0AC60,2018-12-31T23:00:00+08:00,55.0,76,2.0,15.4,0.99,1021.9,-99,4.5,-99,-99,-99,新北市,06,三峽區,057
