24.940806,121.361500,三峽,C0AC60,2017-10-01T00:00:00+08:00,55.0,175,1.3,27.2,0.78,1007.9,-99,0.0,-99,-99,-99,新北市,06,三峽區,057
24.940806,121.361500,三峽,C0AC60,2017-10-01T02:00:00+08:00,55.0,157,2.4,26.6,0.78,1007.1,-99,0.0,-99,-99,-99,新北市,06,三峽區,057
24.940806,121.361500,三峽,C0AC60,2017-10-01T03:00:00+08:00,55.0,170,0.7,26.2,0.79,1006.8,-99,0.0,-99,-99,-99,新北市,06,三峽區,057
24.940806,121.361500,三峽,C0AC60,2017-10-01T04:00:00+08:00,55.0,164,1.9,25.8,0.81,1006.7,-99,0.0,-99,-99,-99,新北市,06,三峽區,057
24.940806,121.361500,三峽,C0AC60,2017-10-01T05:00:00+08:00,55.0,152,1.7,26.1,0.78,1007.1,-99,0.0,-99,-99,-99,新北市,06,三峽區,057
24.940806,121.361500,三峽,C0AC60,2017-10-01T06:00:00+08:00,55.0,161,2.2,25.7,0.8,1007.1,-99,0.0,-99,-99,-99,新北市,06,三峽區,057
24.940806,121.361500,三峽,C0AC60,2017-10-01T07:00:00+08:00,55.0,158,1.2,26.3,0.78,1007.5,-99,0.0,-99,-99,-99,新北市,06,三峽區,057
24.940806,121.361500,三峽,C0AC60,2017-10-01T08:00:00+08:00,55.0,0,0.0,29.2,0.66,1008.0,-99,0.0,-99,-99,-99,新北市,06,三峽區,057
24.940806,121.361500,三峽,C0AC60,2017-10-01T09:00:00+08:00,55.0,0,0.0,30.6,0.61,1008.0,-99,0.0,-99,-99,-99,新北市,06,三峽區,057
24.940806,121.361500,三峽,C0AC60,2017-10-01T10:00:00+08:00,55.0,328,1.1,32.0,0.58,1007.9,-99,0.0,-99,-99,-99,新北市,06,三峽區,057
24.940806,121.361500,三峽,C0AC60,2017-10-01T11:00:00+08:00,55.0,234,1.3,33.8,0.52,1007.1,-99,0.0,-99,-99,-99,新北市,06,三峽區,057
24.940806,121.361500,三峽,C0AC60,2017-10-01T12:00:00+08:00,55.0,30,1.8,35.4,0.46,1005.9,-99,0.0,-99,-99,-99,新北市,06,三峽區,057
24.940806,121.361500,三峽,C0AC60,2017-10-01T13:00:00+08:00,55.0,329,1.9,34.4,0.58,1005.0,-99,0.0,-99,-99,-99,新北市,06,三峽區,057
24.940806,121.361500,三峽,C0AC60,2017-10-01T14:00:00+08:00,55.0,339,1.3,33.8,0.63,1004.3,-99,0.0,-99,-99,-99,新北市,06,三峽區,057
24.940806,121.361500,三峽,C0AC60,2017-10-01T15:00:00+08:00,55.0,335,1.1,34.0,0.61,1004.0,-99,0.0,-99,-99,-99,新北市,06,三峽區,057
24.940806,121.361500,三峽,C0AC60,2017-10-01T16:00:00+08:00,55.0,316,1.1,33.1,0.66,1004.0,-99,0.0,-99,-99,-99,新北市,06,三峽區,057
24.940806,121.361500,三峽,C0AC60,2017-10-01T17:00:00+08:00,55.0,326,1.0,31.9,0.68,1004.0,-99,0.0,-99,-99,-99,新北市,06,三峽區,057
24.940806,121.361500,三峽,C0AC60,2017-10-01T18:00:00+08:00,55.0,348,0.9,31.0,0.7,1004.0,-99,0.0,-99,-99,-99,新北市,06,三峽區,057
24.940806,121.361500,三峽,C0AC60,2017-10-01T19:00:00+08:00,55.0,196,0.7,30.6,0.73,1004.3,-99,0.0,-99,-99,-99,新北市,06,三峽區,057
24.940806,121.361500,三峽,C0AC60,2017-10-01T20:00:00+08:00,55.0,209,0.9,29.3,0.82,1005.3,-99,0.0,-99,-99,-99,新北市,06,三峽區,057
24.940806,121.361500,三峽,C0AC60,2017-10-01T21:00:00+08:00,55.0,164,1.1,28.6,0.85,1005.8,-99,0.0,-99,-99,-99,新北市,06,三峽區,057
24.940806,121.361500,三峽,C0AC60,2017-10-01T22:00:00+08:00,55.0,219,1.1,27.9,0.87,1006.3,-99,0.0,-99,-99,-99,新北市,06,三峽區,057
24.940806,121.361500,三峽,C0AC60,2017-10-01T23:00:00+08:00,55.0,214,0.5,27.3,0.89,1006.0,-99,0.0,-99,-99,-99,新北市,06,三峽區,057
24.940806,121.361500,三峽,C0AC60,2017-10-02T00:00:00+08:00,55.0,198,0.3,27.1,0.88,1005.9,-99,0.0,-99,-99,-99,新北市,06,三峽區,057
24.940806,121.361500,三峽,C0AC60,2017-10-02T01:00:00+08:00,55.0,209,1.4,26.4,0.91,1005.6,-99,0.0,-99,-99,-99,新北市,06,三峽區,057
24.940806,121.361500,三峽,C0AC60,2017-10-02T02:00:00+08:00,55.0,201,1.4,26.4,0.9,1005.3,-99,0.0,-99,-99,-99,新北市,06,三峽區,057
24.940806,121.361500,三峽,C0AC60,2017-10-02T03:00:00+08:00,55.0,202,1.6,26.3,0.89,1004.9,-99,0.0,-99,-99,-99,新北市,06,三峽區,057
24.940806,121.361500,三峽,C0AC60,2017-10-02T04:00:00+08:00,55.0,204,1.7,26.3,0.87,1005.1,-99,0.0,-99,-99,-99,新北市,06,三峽區,057
24.940806,121.361500,三峽,C0AC60,2017-10-02T05:00:00+08:00,55.0,0,0.0,26.7,0.86,1005.5,-99,0.0,-99,-99,-99,新北市,06,三峽區,057
24.940806,121.361500,三峽,C0AC60,2017-10-02T06:00:00+08:00,55.0,201,1.5,26.1,0.85,1005.9,-99,0.0,-99,-99,-99,新北市,06,三峽區,057
24.940806,121.361500,三峽,C0AC60,2017-10-02T07:00:00+08:00,55.0,211,0.5,26.5,0.84,1006.6,-99,0.0,-99,-99,-99,新北市,06,三峽區,057
24.940806,121.361500,三峽,C0AC60,2017-10-02T08:00:00+08:00,55.0,204,0.8,27.9,0.8,1006.9,-99,0.0,-99,-99,-99,新北市,06,三峽區,057
24.940806,121.361500,三峽,C0AC60,2017-10-02T09:00:00+08:00,55.0,246,1.2,30.5,0.76,1006.9,-99,0.0,-99,-99,-99,新北市,06,三峽區,057
24.940806,121.361500,三峽,C0AC60,2017-10-02T10:00:00+08:00,55.0,299,1.5,31.6,0.67,1006.7,-99,0.0,-99,-99,-99,新北市,06,三峽區,057
24.940806,121.361500,三峽,C0AC60,2017-10-02T11:00:00+08:00,55.0,230,0.7,33.2,0.61,1006.0,-99,0.0,-99,-99,-99,新北市,06,三峽區,057
24.940806,121.361500,三峽,C0AC60,2017-10-02T12:00:00+08:00,55.0,258,1.0,34.4,0.53,1005.3,-99,0.0,-99,-99,-99,新北市,06,三峽區,057
24.940806,121.361500,三峽,C0AC60,2017-10-02T13:00:00+08:00,55.0,350,0.4,33.7,0.6,1004.4,-99,0.0,-99,-99,-99,新北市,06,三峽區,057
24.940806,121.361500,三峽,C0AC60,2017-10-02T14:00:00+08:00,55.0,273,2.0,35.2,0.53,1003.6,-99,0.0,-99,-99,-99,新北市,06,三峽區,057
24.940806,121.361500,三峽,C0AC60,2017-10-02T15:00:00+08:00,55.0,352,1.5,34.6,0.55,1003.3,-99,0.0,-99,-99,-99,新北市,06,三峽區,057
24.940806,121.361500,三峽,C0AC60,2017-10-02T16:00:00+08:00,55.0,308,0.7,35.0,0.51,1003.3,-99,0.0,-99,-99,-99,新北市,06,三峽區,057
24.940806,121.361500,三峽,C0AC60,2017-10-02T17:00:00+08:00,55.0,345,0.6,34.0,0.53,1003.6,-99,0.0,-99,-99,-99,新北市,06,三峽區,057
24.940806,121.361500,三峽,C0AC60,2017-10-02T18:00:00+08:00,55.0,354,0.7,31.6,0.7,1004.4,-99,0.0,-99,-99,-99,新北市,06,三峽區,057
24.940806,121.361500,三峽,C0AC60,2017-10-02T19:00:00+08:00,55.0,0,0.0,31.1,0.7,1005.1,-99,0.0,-99,-99,-99,新北市,06,三峽區,057
24.940806,121.361500,三峽,C0AC60,2017-10-02T20:00:00+08:00,55.0,190,0.3,29.6,0.79,1005.6,-99,0.0,-99,-99,-99,新北市,06,三峽區,057
24.940806,121.361500,三峽,C0AC60,2017-10-02T21:00:00+08:00,55.0,215,1.0,28.7,0.83,1006.0,-99,0.0,-99,-99,-99,新北市,06,三峽區,057
24.940806,121.361500,三峽,C0AC60,2017-10-02T23:00:00+08:00,55.0,195,0.3,27.8,0.86,1006.5,-99,0.0,-99,-99,-99,新北市,06,三峽區,057
24.940806,121.361500,三峽,C0AC60,2017-10-03T00:00:00+08:00,55.0,0,0.2,27.3,0.87,1006.6,-99,0.0,-99,-99,-99,新北市,06,三峽區,057
24.940806,121.361500,三峽,C0AC60,2017-10-03T01:00:00+08:00,55.0,202,0.9,26.7,0.88,1006.3,-99,0.0,-99,-99,-99,新北市,06,三峽區,057
24.940806,121.361500,三峽,C0AC60,2017-10-03T02:00:00+08:00,55.0,212,0.9,26.2,0.9,1006.2,-99,0.0,-99,-99,-99,新北市,06,三峽區,057
24.940806,121.361500,三峽,C0AC60,2017-10-03T03:00:00+08:00,55.0,197,0.3,26.5,0.85,1006.2,-99,0.0,-99,-99,-99,新北市,06,三峽區,057
24.940806,121.361500,三峽,C0AC60,2017-10-03T04:00:00+08:00,55.0,212,1.2,25.9,0.86,1006.4,-99,0.0,-99,-99,-99,新北市,06,三峽區,057
24.940806,121.361500,三峽,C0AC60,2017-10-03T05:00:00+08:00,55.0,214,0.9,25.9,0.84,1006.9,-99,0.0,-99,-99,-99,新北市,06,三峽區,057
24.940806,121.361500,三峽,C0AC60,2017-10-03T06:00:00+08:00,55.0,170,1.2,26.0,0.81,1007.1,-99,0.0,-99,-99,-99,新北市,06,三峽區,057
24.940806,121.361500,三峽,C0AC60,2017-10-03T07:00:00+08:00,55.0,204,0.9,26.2,0.82,1007.3,-99,0.0,-99,-99,-99,新北市,06,三峽區,057
24.940806,121.361500,三峽,C0AC60,2017-10-03T08:00:00+08:00,55.0,0,0.1,29.0,0.77,1007.8,-99,0.0,-99,-99,-99,新北市,06,三峽區,057
24.940806,121.361500,三峽,C0AC60,2017-10-03T09:00:00+08:00,55.0,72,1.2,31.1,0.7,1008.0,-99,0.0,-99,-99,-99,新北市,06,三峽區,057
24.940806,121.361500,三峽,C0AC60,2017-10-03T10:00:00+08:00,55.0,77,0.8,32.5,0.6,1007.9,-99,0.0,-99,-99,-99,新北市,06,三峽區,057
24.940806,121.361500,三峽,C0AC60,2017-10-03T11:00:00+08:00,55.0,77,1.2,33.8,0.54,1007.2,-99,0.0,-99,-99,-99,新北市,06,三峽區,057
24.940806,121.361500,三峽,C0AC60,2017-10-03T12:00:00+08:00,55.0,63,2.3,34.5,0.54,1006.5,-99,0.0,6.6,51,2017-10-03T11:42:00+08:00,新北市,06,三峽區,057
24.940806,121.361500,三峽,C0AC60,2017-10-03T13:00:00+08:00,55.0,68,3.8,34.1,0.58,1005.9,-99,0.0,8.2,68,2017-10-03T12:19:00+08:00,新北市,06,三峽區,057
24.940806,121.361500,三峽,C0AC60,2017-10-03T14:00:00+08:00,55.0,87,3.0,34.3,0.57,1005.4,-99,0.0,9.3,75,2017-10-03T13:49:00+08:00,新北市,06,三峽區,057
24.940806,121.361500,三峽,C0AC60,2017-10-03T15:00:00+08:00,55.0,78,2.5,33.1,0.63,1005.4,-99,0.0,9.3,79,2017-10-03T14:07:00+08:00,新北市,06,三峽區,057
24.940806,121.361500,三峽,C0AC60,2017-10-03T16:00:00+08:00,55.0,76,2.9,31.4,0.7,1005.9,-99,0.0,11.5,74,2017-10-03T15:47:00+08:00,新北市,06,三峽區,057
24.940806,121.361500,三峽,C0AC60,2017-10-03T17:00:00+08:00,55.0,77,3.1,30.8,0.72,1006.4,-99,0.0,8.8,73,2017-10-03T16:07:00+08:00,新北市,06,三峽區,057
24.940806,121.361500,三峽,C0AC60,2017-10-03T18:00:00+08:00,55.0,83,3.3,29.7,0.74,1007.0,-99,0.0,9.9,86,2017-10-03T17:35:00+08:00,新北市,06,三峽區,057
24.940806,121.361500,三峽,C0AC60,2017-10-03T19:00:00+08:00,55.0,78,3.0,29.1,0.8,1007.4,-99,0.0,9.3,74,2017-10-03T18:53:00+08:00,新北市,06,三峽區,057
24.940806,121.361500,三峽,C0AC60,2017-10-03T20:00:00+08:00,55.0,86,2.8,28.4,0.83,1008.3,-99,0.0,9.3,74,2017-10-03T19:29:00+08:00,新北市,06,三峽區,057
24.940806,121.361500,三峽,C0AC60,2017-10-03T21:00:00+08:00,55.0,97,1.8,27.2,0.91,1009.0,-99,0.0,-99,-99,-99,新北市,06,三峽區,057
24.940806,121.361500,三峽,C0AC60,2017-10-03T22:00:00+08:00,55.0,86,1.9,27.5,0.85,1009.9,-99,0.0,11.5,63,2017-10-03T21:25:00+08:00,新北市,06,三峽區,057
24.940806,121.361500,三峽,C0AC60,2017-10-03T23:00:00+08:00,55.0,89,2.7,27.2,0.84,1009.8,-99,0.0,8.8,77,2017-10-03T22:27:00+08:00,新北市,06,三峽區,057
24.940806,121.361500,三峽,C0AC60,2017-10-04T00:00:00+08:00,55.0,89,2.3,27.2,0.82,1009.4,-99,0.0,-99,-99,-99,新北市,06,三峽區,057
24.940806,121.361500,三峽,C0AC60,2017-10-04T01:00:00+08:00,55.0,91,1.7,26.9,0.84,1009.0,-99,0.0,7.7,77,2017-10-04T00:26:00+08:00,新北市,06,三峽區,057
24.940806,121.361500,三峽,C0AC60,2017-10-04T02:00:00+08:00,55.0,95,1.9,26.7,0.82,1009.1,-99,0.0,7.1,90,2017-10-04T01:42:00+08:00,新北市,06,三峽區,057
24.940806,121.361500,三峽,C0AC60,2017-10-04T03:00:00+08:00,55.0,91,1.9,26.5,0.82,1009.0,-99,0.0,7.7,85,2017-10-04T02:32:00+08:00,新北市,06,三峽區,057
24.940806,121.361500,三峽,C0AC60,2017-10-04T04:00:00+08:00,55.0,95,1.1,26.0,0.85,1008.4,-99,0.0,-99,-99,-99,新北市,06,三峽區,057
24.940806,121.361500,三峽,C0AC60,2017-10-04T05:00:00+08:00,55.0,92,1.2,26.0,0.82,1009.2,-99,0.0,-99,-99,-99,新北市,06,三峽區,057
24.940806,121.361500,三峽,C0AC60,2017-10-04T06:00:00+08:00,55.0,0,0.2,25.7,0.86,1009.8,-99,0.0,-99,-99,-99,新北市,06,三峽區,057
24.940806,121.361500,三峽,C0AC60,2017-10-04T07:00:00+08:00,55.0,93,2.2,24.8,0.93,1010.6,-99,0.5,-99,-99,-99,新北市,06,三峽區,057
24.940806,121.361500,三峽,C0AC60,2017-10-04T08:00:00+08:00,55.0,90,1.0,24.6,0.94,1011.0,-99,3.0,-99,-99,-99,新北市,06,三峽區,057
24.940806,121.361500,三峽,C0AC60,2017-10-04T09:00:00+08:00,55.0,89,0.9,25.6,0.91,1011.2,-99,3.0,-99,-99,-99,新北市,06,三峽區,057
24.940806,121.361500,三峽,C0AC60,2017-10-04T10:00:00+08:00,55.0,89,1.5,26.7,0.84,1011.2,-99,3.0,-99,-99,-99,新北市,06,三峽區,057
24.940806,121.361500,三峽,C0AC60,2017-10-04T11:00:00+08:00,55.0,93,2.3,27.6,0.81,1011.2,-99,3.0,-99,-99,-99,新北市,06,三峽區,057
24.940806,121.361500,三峽,C0AC60,2017-10-04T12:00:00+08:00,55.0,91,2.2,26.8,0.87,1010.7,-99,3.0,7.7,88,2017-10-04T11:35:00+08:00,新北市,06,三峽區,057
24.940806,121.361500,三峽,C0AC60,2017-10-04T13:00:00+08:00,55.0,92,1.9,27.8,0.82,1009.9,-99,3.0,7.1,71,2017-10-04T12:35:00+08:00,新北市,06,三峽區,057
24.940806,121.361500,三峽,C0AC60,2017-10-04T14:00:00+08:00,55.0,90,2.3,28.3,0.8,1009.0,-99,3.0,8.2,62,2017-10-04T13:22:00+08:00,新北市,06,三峽區,057
24.940806,121.361500,三峽,C0AC60,2017-10-04T15:00:00+08:00,55.0,90,2.2,27.5,0.82,1008.6,-99,3.0,9.3,98,2017-10-04T14:28:00+08:00,新北市,06,三峽區,057
24.940806,121.361500,三峽,C0AC60,2017-10-04T16:00:00+08:00,55.0,90,1.8,26.9,0.85,1008.9,-99,3.0,8.2,73,2017-10-04T15:25:00+08:00,新北市,06,三峽區,057
24.940806,121.361500,三峽,C0AC60,2017-10-04T17:00:00+08:00,55.0,90,2.0,26.3,0.87,1009.0,-99,3.0,6.6,69,2017-10-04T16:22:00+08:00,新北市,06,三峽區,057
24.940806,121.361500,三峽,C0AC60,2017-10-04T18:00:00+08:00,55.0,93,2.7,26.2,0.87,1009.2,-99,3.0,-99,-99,-99,新北市,06,三峽區,057
24.940806,121.361500,三峽,C0AC60,2017-10-04T20:00:00+08:00,55.0,90,2.5,26.2,0.85,1010.1,-99,3.0,12.1,77,2017-10-04T19:54:00+08:00,新北市,06,三峽區,057
24.940806,121.361500,三峽,C0AC60,2017-10-05T01:00:00+08:00,55.0,84,2.7,25.8,0.86,1009.8,-99,0.0,-99,-99,-99,新北市,06,三峽區,057
24.940806,121.361500,三峽,C0AC60,2017-10-05T06:00:00+08:00,55.0,88,2.1,25.9,0.84,1008.6,-99,0.0,-99,-99,-99,新北市,06,三峽區,057
24.940806,121.361500,三峽,C0AC60,2017-10-05T07:00:00+08:00,55.0,83,2.7,26.1,0.83,1008.8,-99,0.0,8.2,88,2017-10-05T06:45:00+08:00,新北市,06,三峽區,057
24.940806,121.361500,三峽,C0AC60,2017-10-05T08:00:00+08:00,55.0,77,3.5,26.9,0.79,1009.1,-99,0.0,8.2,79,2017-10-05T07:29:00+08:00,新北市,06,三峽區,057
24.940806,121.361500,三峽,C0AC60,2017-10-05T09:00:00+08:00,55.0,78,3.3,27.8,0.76,1009.0,-99,0.0,10.4,95,2017-10-05T08:45:00+08:00,新北市,06,三峽區,057
24.940806,121.361500,三峽,C0AC60,2017-10-05T10:00:00+08:00,55.0,80,3.3,29.1,0.7,1008.2,-99,0.0,9.9,72,2017-10-05T09:44:00+08:00,新北市,06,三峽區,057
24.940806,121.361500,三峽,C0AC60,2017-10-05T11:00:00+08:00,55.0,80,3.6,30.3,0.66,1007.7,-99,0.0,11.0,71,2017-10-05T10:04:00+08:00,新北市,06,三峽區,057
24.940806,121.361500,三峽,C0AC60,2017-10-05T12:00:00+08:00,55.0,87,2.8,31.6,0.62,1006.9,-99,0.0,-99,-99,-99,新北市,06,三峽區,057
24.940806,121.361500,三峽,C0AC60,2017-10-05T13:00:00+08:00,55.0,94,3.0,31.6,0.59,1006.1,-99,0.0,9.9,99,2017-10-05T12:34:00+08:00,新北市,06,三峽區,057
24.940806,121.361500,三峽,C0AC60,2017-10-05T14:00:00+08:00,55.0,81,3.7,32.4,0.56,1005.7,-99,0.0,9.9,92,2017-10-05T13:37:00+08:00,新北市,06,三峽區,057
24.940806,121.361500,三峽,C0AC60,2017-10-05T15:00:00+08:00,55.0,77,2.8,32.2,0.57,1005.4,-99,0.0,9.9,68,2017-10-05T14:40:00+08:00,新北市,06,三峽區,057
24.940806,121.361500,三峽,C0AC60,2017-10-05T16:00:00+08:00,55.0,70,2.9,31.4,0.61,1005.5,-99,0.0,9.3,67,2017-10-05T15:42:00+08:00,新北市,06,三峽區,057
24.940806,121.361500,三峽,C0AC60,2017-10-05T17:00:00+08:00,55.0,74,3.4,30.2,0.64,1005.5,-99,0.0,8.8,75,2017-10-05T16:02:00+08:00,新北市,06,三峽區,057
24.940806,121.361500,三峽,C0AC60,2017-10-05T18:00:00+08:00,55.0,80,4.1,28.9,0.69,1005.7,-99,0.0,9.9,89,2017-10-05T17:02:00+08:00,新北市,06,三峽區,057
24.940806,121.361500,三峽,C0AC60,2017-10-05T19:00:00+08:00,55.0,73,3.6,28.3,0.73,1006.4,-99,0.0,9.9,61,2017-10-05T18:53:00+08:00,新北市,06,三峽區,057
24.940806,121.361500,三峽,C0AC60,2017-10-05T20:00:00+08:00,55.0,76,4.2,28.0,0.75,1007.2,-99,0.0,9.3,71,2017-10-05T19:23:00+08:00,新北市,06,三峽區,057
24.940806,121.361500,三峽,C0AC60,2017-10-05T21:00:00+08:00,55.0,80,3.9,27.9,0.78,1007.5,-99,0.0,10.4,93,2017-10-05T20:15:00+08:00,新北市,06,三峽區,057
24.940806,121.361500,三峽,C0AC60,2017-10-05T22:00:00+08:00,55.0,78,4.2,27.8,0.79,1007.6,-99,0.0,9.3,63,2017-10-05T21:13:00+08:00,新北市,06,三峽區,057
24.940806,121.361500,三峽,C0AC60,2017-10-05T23:00:00+08:00,55.0,79,3.6,27.7,0.81,1007.6,-99,0.0,9.3,94,2017-10-05T22:39:00+08:00,新北市,06,三峽區,057
24.940806,121.361500,三峽,C0AC60,2017-10-06T00:00:00+08:00,55.0,78,2.6,27.5,0.83,1007.6,-99,0.0,-99,-99,-99,新北市,06,三峽區,057
24.940806,121.361500,三峽,C0AC60,2017-10-06T01:00:00+08:00,55.0,84,1.9,27.3,0.85,1007.4,-99,0.0,9.9,77,2017-10-06T00:06:00+08:00,新北市,06,三峽區,057
24.940806,121.361500,三峽,C0AC60,2017-10-06T02:00:00+08:00,55.0,87,2.3,27.2,0.86,1006.9,-99,0.0,7.7,98,2017-10-06T01:53:00+08:00,新北市,06,三峽區,057
24.940806,121.361500,三峽,C0AC60,2017-10-06T03:00:00+08:00,55.0,82,3.0,27.1,0.86,1007.1,-99,0.0,-99,-99,-99,新北市,06,三峽區,057
24.940806,121.361500,三峽,C0AC60,2017-10-06T04:00:00+08:00,55.0,80,3.1,27.0,0.87,1007.1,-99,0.0,8.2,59,2017-10-06T03:04:00+08:00,新北市,06,三峽區,057
24.940806,121.361500,三峽,C0AC60,2017-10-06T05:00:00+08:00,55.0,79,2.8,26.9,0.89,1007.4,-99,0.0,-99,-99,-99,新北市,06,三峽區,057
24.940806,121.361500,三峽,C0AC60,2017-10-06T06:00:00+08:00,55.0,94,1.8,26.5,0.93,1008.0,-99,0.0,-99,-99,-99,新北市,06,三峽區,057
24.940806,121.361500,三峽,C0AC60,2017-10-06T07:00:00+08:00,55.0,94,1.9,26.6,0.92,1008.3,-99,0.0,-99,-99,-99,新北市,06,三峽區,057
24.940806,121.361500,三峽,C0AC60,2017-10-06T08:00:00+08:00,55.0,98,0.8,26.8,0.91,1008.5,-99,0.0,-99,-99,-99,新北市,06,三峽區,057
24.940806,121.361500,三峽,C0AC60,2017-10-06T09:00:00+08:00,55.0,88,1.1,28.0,0.86,1008.5,-99,0.0,-99,-99,-99,新北市,06,三峽區,057
24.940806,121.361500,三峽,C0AC60,2017-10-06T10:00:00+08:00,55.0,92,1.8,29.2,0.84,1008.3,-99,0.0,-99,-99,-99,新北市,06,三峽區,057
24.940806,121.361500,三峽,C0AC60,2017-10-06T11:00:00+08:00,55.0,89,2.0,30.8,0.75,1007.8,-99,0.0,9.3,48,2017-10-06T10:29:00+08:00,新北市,06,三峽區,057
24.940806,121.361500,三峽,C0AC60,2017-10-06T12:00:00+08:00,55.0,69,3.5,31.4,0.7,1006.7,-99,0.0,9.9,86,2017-10-06T11:33:00+08:00,新北市,06,三峽區,057
24.940806,121.361500,三峽,C0AC60,2017-10-06T13:00:00+08:00,55.0,72,4.0,31.2,0.72,1006.1,-99,0.0,12.1,62,2017-10-06T12:20:00+08:00,新北市,06,三峽區,057
24.940806,121.361500,三峽,C0AC60,2017-10-06T14:00:00+08:00,55.0,72,4.5,31.3,0.71,1005.8,-99,0.0,12.1,91,2017-10-06T13:59:00+08:00,新北市,06,三峽區,057
24.940806,121.361500,三峽,C0AC60,2017-10-06T15:00:00+08:00,55.0,71,4.5,31.5,0.7,1005.4,-99,0.0,11.0,63,2017-10-06T14:28:00+08:00,新北市,06,三峽區,057
24.940806,121.361500,三峽,C0AC60,2017-10-06T16:00:00+08:00,55.0,75,3.5,31.3,0.71,1005.5,-99,0.0,10.4,57,2017-10-06T15:59:00+08:00,新北市,06,三峽區,057
24.940806,121.361500,三峽,C0AC60,2017-10-06T17:00:00+08:00,55.0,79,2.8,30.9,0.71,1005.6,-99,0.0,10.4,49,2017-10-06T16:52:00+08:00,新北市,06,三峽區,057
24.940806,121.361500,三峽,C0AC60,2017-10-06T18:00:00+08:00,55.0,85,3.5,29.3,0.8,1006.1,-99,0.0,9.3,104,2017-10-06T17:59:00+08:00,新北市,06,三峽區,057
24.940806,121.361500,三峽,C0AC60,2017-10-06T19:00:00+08:00,55.0,80,3.4,28.4,0.83,1006.5,-99,0.0,9.3,72,2017-10-06T18:03:00+08:00,新北市,06,三峽區,057
24.940806,121.361500,三峽,C0AC60,2017-10-06T20:00:00+08:00,55.0,88,2.2,28.1,0.84,1007.5,-99,0.0,9.3,84,2017-10-06T19:03:00+08:00,新北市,06,三峽區,057
24.940806,121.361500,三峽,C0AC60,2017-10-06T21:00:00+08:00,55.0,80,3.1,27.7,0.85,1007.8,-99,0.0,-99,-99,-99,新北市,06,三峽區,057
24.940806,121.361500,三峽,C0AC60,2017-10-06T22:00:00+08:00,55.0,80,2.4,27.8,0.83,1008.1,-99,0.0,-99,-99,-99,新北市,06,三峽區,057
24.940806,121.361500,三峽,C0AC60,2017-10-06T23:00:00+08:00,55.0,83,1.2,27.8,0.83,1008.0,-99,0.0,-99,-99,-99,新北市,06,三峽區,057
24.940806,121.361500,三峽,C0AC60,2017-10-07T00:00:00+08:00,55.0,86,0.9,27.9,0.82,1008.1,-99,0.0,-99,-99,-99,新北市,06,三峽區,057
24.940806,121.361500,三峽,C0AC60,2017-10-07T01:00:00+08:00,55.0,91,0.8,27.6,0.84,1007.9,-99,0.0,-99,-99,-99,新北市,06,三峽區,057
24.940806,121.361500,三峽,C0AC60,2017-10-07T02:00:00+08:00,55.0,92,0.9,27.4,0.87,1008.0,-99,0.0,7.7,87,2017-10-07T01:41:00+08:00,新北市,06,三峽區,057
24.940806,121.361500,三峽,C0AC60,2017-10-07T03:00:00+08:00,55.0,84,2.8,27.2,0.88,1007.6,-99,0.0,-99,-99,-99,新北市,06,三峽區,057
24.940806,121.361500,三峽,C0AC60,2017-10-07T04:00:00+08:00,55.0,85,2.8,27.0,0.89,1007.5,-99,0.0,-99,-99,-99,新北市,06,三峽區,057
24.940806,121.361500,三峽,C0AC60,2017-10-07T05:00:00+08:00,55.0,84,2.8,26.6,0.91,1007.8,-99,0.0,8.2,90,2017-10-07T04:53:00+08:00,新北市,06,三峽區,057
24.940806,121.361500,三峽,C0AC60,2017-10-07T06:00:00+08:00,55.0,77,2.1,26.4,0.92,1008.5,-99,0.0,8.2,83,2017-10-07T05:04:00+08:00,新北市,06,三峽區,057
24.940806,121.361500,三峽,C0AC60,2017-10-07T07:00:00+08:00,55.0,93,2.0,26.6,0.89,1008.9,-99,0.0,7.7,63,2017-10-07T06:03:00+08:00,新北市,06,三峽區,057
24.940806,121.361500,三峽,C0AC60,2017-10-07T08:00:00+08:00,55.0,78,3.3,26.6,0.89,1009.5,-99,0.0,10.4,65,2017-10-07T07:50:00+08:00,新北市,06,三峽區,057
24.940806,121.361500,三峽,C0AC60,2017-10-07T09:00:00+08:00,55.0,82,3.2,26.9,0.87,1009.5,-99,0.0,9.3,68,2017-10-07T08:59:00+08:00,新北市,06,三峽區,057
24.940806,121.361500,三峽,C0AC60,2017-10-07T10:00:00+08:00,55.0,75,3.5,27.7,0.83,1009.7,-99,0.0,10.4,65,2017-10-07T09:17:00+08:00,新北市,06,三峽區,057
24.940806,121.361500,三峽,C0AC60,2017-10-07T11:00:00+08:00,55.0,100,1.9,26.8,0.91,1009.7,-99,0.0,9.9,72,2017-10-07T10:04:00+08:00,新北市,06,三峽區,057
24.940806,121.361500,三峽,C0AC60,2017-10-07T12:00:00+08:00,55.0,92,2.5,27.9,0.82,1008.9,-99,0.0,-99,-99,-99,新北市,06,三峽區,057
24.940806,121.361500,三峽,C0AC60,2017-10-07T13:00:00+08:00,55.0,81,3.5,28.7,0.78,1008.3,-99,0.0,10.4,77,2017-10-07T12:52:00+08:00,新北市,06,三峽區,057
24.940806,121.361500,三峽,C0AC60,2017-10-07T14:00:00+08:00,55.0,88,3.3,29.9,0.72,1007.6,-99,0.0,10.4,94,2017-10-07T13:15:00+08:00,新北市,06,三峽區,057
24.940806,121.361500,三峽,C0AC60,2017-10-07T15:00:00+08:00,55.0,76,3.5,29.9,0.71,1007.1,-99,0.0,11.0,70,2017-10-07T14:27:00+08:00,新北市,06,三峽區,057
24.940806,121.361500,三峽,C0AC60,2017-10-07T16:00:00+08:00,55.0,86,2.8,29.7,0.71,1007.2,-99,0.0,9.9,69,2017-10-07T15:53:00+08:00,新北市,06,三峽區,057
24.940806,121.361500,三峽,C0AC60,2017-10-07T17:00:00+08:00,55.0,75,4.3,28.3,0.78,1007.3,-99,0.0,11.5,74,2017-10-07T16:54:00+08:00,新北市,06,三峽區,057
24.940806,121.361500,三峽,C0AC60,2017-10-07T18:00:00+08:00,55.0,71,3.3,26.7,0.88,1007.6,-99,0.0,10.4,85,2017-10-07T17:02:00+08:00,新北市,06,三峽區,057
24.940806,121.361500,三峽,C0AC60,2017-10-07T19:00:00+08:00,55.0,80,2.1,25.9,0.94,1008.1,-99,0.0,9.9,90,2017-10-07T18:22:00+08:00,新北市,06,三峽區,057
24.940806,121.361500,三峽,C0AC60,2017-10-07T20:00:00+08:00,55.0,86,1.3,26.3,0.89,1008.6,-99,0.0,-99,-99,-99,新北市,06,三峽區,057
24.940806,121.361500,三峽,C0AC60,2017-10-07T21:00:00+08:00,55.0,85,1.7,26.5,0.85,1009.3,-99,0.0,-99,-99,-99,新北市,06,三峽區,057
24.940806,121.361500,三峽,C0AC60,2017-10-07T22:00:00+08:00,55.0,80,2.4,26.7,0.83,1009.2,-99,0.0,7.7,52,2017-10-07T21:31:00+08:00,新北市,06,三峽區,057
24.940806,121.361500,三峽,C0AC60,2017-10-07T23:00:00+08:00,55.0,72,2.6,26.6,0.85,1009.0,-99,0.0,8.2,84,2017-10-07T22:30:00+08:00,新北市,06,三峽區,057
24.940806,121.361500,三峽,C0AC60,2017-10-08T00:00:00+08:00,55.0,71,2.4,26.7,0.85,1008.9,-99,0.0,-99,-99,-99,新北市,06,三峽區,057
24.940806,121.361500,三峽,C0AC60,2017-10-08T01:00:00+08:00,55.0,84,2.2,26.5,0.87,1008.4,-99,0.0,7.1,88,2017-10-08T00:24:00+08:00,新北市,06,三峽區,057
24.940806,121.361500,三峽,C0AC60,2017-10-08T02:00:00+08:00,55.0,83,1.0,26.5,0.88,1008.0,-99,0.0,7.7,56,2017-10-08T01:19:00+08:00,新北市,06,三峽區,057
24.940806,121.361500,三峽,C0AC60,2017-10-08T03:00:00+08:00,55.0,92,3.0,26.5,0.88,1007.7,-99,0.0,8.8,64,2017-10-08T02:42:00+08:00,新北市,06,三峽區,057
24.940806,121.361500,三峽,C0AC60,2017-10-08T04:00:00+08:00,55.0,82,2.3,26.3,0.89,1007.3,-99,0.0,-99,-99,-99,新北市,06,三峽區,057
24.940806,121.361500,三峽,C0AC60,2017-10-08T05:00:00+08:00,55.0,77,2.2,26.4,0.89,1007.6,-99,0.0,10.4,53,2017-10-08T04:10:00+08:00,新北市,06,三峽區,057
24.940806,121.361500,三峽,C0AC60,2017-10-08T06:00:00+08:00,55.0,75,2.9,26.2,0.89,1007.8,-99,0.0,9.3,64,2017-10-08T05:20:00+08:00,新北市,06,三峽區,057
24.940806,121.361500,三峽,C0AC60,2017-10-08T07:00:00+08:00,55.0,79,2.1,26.5,0.89,1008.2,-99,0.0,8.2,73,2017-10-08T06:48:00+08:00,新北市,06,三峽區,057
24.940806,121.361500,三峽,C0AC60,2017-10-08T08:00:00+08:00,55.0,80,2.7,27.6,0.84,1008.5,-99,0.0,9.3,87,2017-10-08T07:14:00+08:00,新北市,06,三峽區,057
24.940806,121.361500,三峽,C0AC60,2017-10-08T09:00:00+08:00,55.0,80,3.0,29.1,0.78,1008.9,-99,0.0,12.6,71,2017-10-08T08:23:00+08:00,新北市,06,三峽區,057
24.940806,121.361500,三峽,C0AC60,2017-10-08T10:00:00+08:00,55.0,75,3.7,29.5,0.77,1008.5,-99,0.0,12.1,80,2017-10-08T09:23:00+08:00,新北市,06,三峽區,057
24.940806,121.361500,三峽,C0AC60,2017-10-08T11:00:00+08:00,55.0,73,4.5,30.4,0.73,1007.6,-99,0.0,11.5,74,2017-10-08T10:09:00+08:00,新北市,06,三峽區,057
24.940806,121.361500,三峽,C0AC60,2017-10-08T12:00:00+08:00,55.0,90,2.7,32.2,0.62,1006.5,-99,0.0,11.5,65,2017-10-08T11:37:00+08:00,新北市,06,三峽區,057
24.940806,121.361500,三峽,C0AC60,2017-10-08T13:00:00+08:00,55.0,77,3.9,32.0,0.67,1005.9,-99,0.0,11.0,95,2017-10-08T12:17:00+08:00,新北市,06,三峽區,057
24.940806,121.361500,三峽,C0AC60,2017-10-08T14:00:00+08:00,55.0,71,4.4,31.0,0.73,1005.3,-99,0.0,13.2,74,2017-10-08T13:52:00+08:00,新北市,06,三峽區,057
24.940806,121.361500,三峽,C0AC60,2017-10-08T15:00:00+08:00,55.0,76,2.7,31.3,0.71,1005.3,-99,0.0,11.0,97,2017-10-08T14:03:00+08:00,新北市,06,三峽區,057
24.940806,121.361500,三峽,C0AC60,2017-10-08T16:00:00+08:00,55.0,75,4.3,29.3,0.81,1005.7,-99,0.0,10.4,77,2017-10-08T15:24:00+08:00,新北市,06,三峽區,057
24.940806,121.361500,三峽,C0AC60,2017-10-08T17:00:00+08:00,55.0,84,2.9,29.2,0.8,1006.1,-99,0.0,12.6,80,2017-10-08T16:08:00+08:00,新北市,06,三峽區,057
24.940806,121.361500,三峽,C0AC60,2017-10-08T18:00:00+08:00,55.0,84,2.5,28.4,0.85,1006.4,-99,0.0,8.8,74,2017-10-08T17:01:00+08:00,新北市,06,三峽區,057
24.940806,121.361500,三峽,C0AC60,2017-10-08T19:00:00+08:00,55.0,80,3.7,28.4,0.85,1006.2,-99,0.0,10.4,79,2017-10-08T18:56:00+08:00,新北市,06,三峽區,057
24.940806,121.361500,三峽,C0AC60,2017-10-08T20:00:00+08:00,55.0,82,3.0,28.4,0.84,1006.6,-99,0.0,9.3,83,2017-10-08T19:33:00+08:00,新北市,06,三峽區,057
24.940806,121.361500,三峽,C0AC60,2017-10-08T21:00:00+08:00,55.0,71,3.1,29.0,0.77,1007.1,-99,0.0,10.4,56,2017-10-08T20:55:00+08:00,新北市,06,三峽區,057
24.940806,121.361500,三峽,C0AC60,2017-10-08T22:00:00+08:00,55.0,82,3.0,28.7,0.79,1007.6,-99,0.0,12.1,89,2017-10-08T21:01:00+08:00,新北市,06,三峽區,057
24.940806,121.361500,三峽,C0AC60,2017-10-08T23:00:00+08:00,55.0,82,2.6,28.8,0.78,1007.7,-99,0.0,9.9,74,2017-10-08T22:46:00+08:00,新北市,06,三峽區,057
24.940806,121.361500,三峽,C0AC60,2017-10-09T00:00:00+08:00,55.0,87,2.8,28.7,0.78,1007.6,-99,0.0,-99,-99,-99,新北市,06,三峽區,057
24.940806,121.361500,三峽,C0AC60,2017-10-09T01:00:00+08:00,55.0,91,2.2,28.5,0.77,1007.6,-99,0.0,8.2,68,2017-10-09T00:11:00+08:00,新北市,06,三峽區,057
24.940806,121.361500,三峽,C0AC60,2017-10-09T02:00:00+08:00,55.0,70,2.4,28.3,0.81,1007.1,-99,0.0,-99,-99,-99,新北市,06,三峽區,057
24.940806,121.361500,三峽,C0AC60,2017-10-09T03:00:00+08:00,55.0,85,1.9,27.6,0.85,1006.6,-99,0.0,-99,-99,-99,新北市,06,三峽區,057
24.940806,121.361500,三峽,C0AC60,2017-10-09T04:00:00+08:00,55.0,93,2.1,27.5,0.84,1006.4,-99,0.0,7.1,82,2017-10-09T03:30:00+08:00,新北市,06,三峽區,057
24.940806,121.361500,三峽,C0AC60,2017-10-09T05:00:00+08:00,55.0,79,1.9,27.3,0.86,1006.6,-99,0.0,-99,-99,-99,新北市,06,三峽區,057
24.940806,121.361500,三峽,C0AC60,2017-10-09T06:00:00+08:00,55.0,77,2.3,27.3,0.86,1006.6,-99,0.0,-99,-99,-99,新北市,06,三峽區,057
24.940806,121.361500,三峽,C0AC60,2017-10-09T07:00:00+08:00,55.0,85,2.3,28.2,0.79,1006.6,-99,0.0,6.6,48,2017-10-09T06:31:00+08:00,新北市,06,三峽區,057
24.940806,121.361500,三峽,C0AC60,2017-10-09T08:00:00+08:00,55.0,76,3.7,29.6,0.74,1006.3,-99,0.0,9.9,86,2017-10-09T07:57:00+08:00,新北市,06,三峽區,057
24.940806,121.361500,三峽,C0AC60,2017-10-09T09:00:00+08:00,55.0,89,2.9,31.4,0.66,1006.3,-99,0.0,8.8,79,2017-10-09T08:05:00+08:00,新北市,06,三峽區,057
24.940806,121.361500,三峽,C0AC60,2017-10-09T10:00:00+08:00,55.0,85,3.0,32.4,0.61,1005.9,-99,0.0,11.5,74,2017-10-09T09:54:00+08:00,新北市,06,三峽區,057
24.940806,121.361500,三峽,C0AC60,2017-10-09T11:00:00+08:00,55.0,92,2.5,33.5,0.57,1005.3,-99,0.0,12.1,31,2017-10-09T10:28:00+08:00,新北市,06,三峽區,057
24.940806,121.361500,三峽,C0AC60,2017-10-09T12:00:00+08:00,55.0,96,3.2,33.0,0.58,1005.1,-99,0.0,10.4,102,2017-10-09T11:40:00+08:00,新北市,06,三峽區,057
24.940806,121.361500,三峽,C0AC60,2017-10-09T13:00:00+08:00,55.0,93,3.2,33.3,0.57,1004.8,-99,0.0,9.3,91,2017-10-09T12:34:00+08:00,新北市,06,三峽區,057
24.940806,121.361500,三峽,C0AC60,2017-10-09T14:00:00+08:00,55.0,94,3.7,33.1,0.59,1004.3,-99,0.0,9.9,71,2017-10-09T13:37:00+08:00,新北市,06,三峽區,057
24.940806,121.361500,三峽,C0AC60,2017-10-09T15:00:00+08:00,55.0,93,3.3,33.5,0.54,1004.2,-99,0.0,9.9,91,2017-10-09T14:48:00+08:00,新北市,06,三峽區,057
24.940806,121.361500,三峽,C0AC60,2017-10-09T16:00:00+08:00,55.0,94,3.4,33.2,0.54,1004.4,-99,0.0,9.9,86,2017-10-09T15:44:00+08:00,新北市,06,三峽區,057
24.940806,121.361500,三峽,C0AC60,2017-10-09T17:00:00+08:00,55.0,95,2.9,32.1,0.58,1004.4,-99,0.0,-99,-99,-99,新北市,06,三峽區,057
24.940806,121.361500,三峽,C0AC60,2017-10-09T18:00:00+08:00,55.0,96,3.4,30.9,0.61,1004.6,-99,0.0,9.3,93,2017-10-09T17:04:00+08:00,新北市,06,三峽區,057
24.940806,121.361500,三峽,C0AC60,2017-10-09T19:00:00+08:00,55.0,90,2.4,30.5,0.62,1005.4,-99,0.0,8.2,90,2017-10-09T18:19:00+08:00,新北市,06,三峽區,057
24.940806,121.361500,三峽,C0AC60,2017-10-09T20:00:00+08:00,55.0,88,2.1,29.9,0.69,1006.1,-99,0.0,-99,-99,-99,新北市,06,三峽區,057
24.940806,121.361500,三峽,C0AC60,2017-10-09T21:00:00+08:00,55.0,89,2.1,29.9,0.64,1006.5,-99,0.0,-99,-99,-99,新北市,06,三峽區,057
24.940806,121.361500,三峽,C0AC60,2017-10-09T22:00:00+08:00,55.0,84,0.9,29.8,0.63,1006.3,-99,0.0,-99,-99,-99,新北市,06,三峽區,057
24.940806,121.361500,三峽,C0AC60,2017-10-09T23:00:00+08:00,55.0,93,2.8,29.5,0.65,1006.0,-99,0.0,9.9,75,2017-10-09T22:20:00+08:00,新北市,06,三峽區,057
24.940806,121.361500,三峽,C0AC60,2017-10-10T00:00:00+08:00,55.0,93,1.5,29.6,0.65,1005.7,-99,0.0,-99,-99,-99,新北市,06,三峽區,057
24.940806,121.361500,三峽,C0AC60,2017-10-10T01:00:00+08:00,55.0,92,2.9,29.4,0.66,1005.3,-99,0.0,-99,-99,-99,新北市,06,三峽區,057
24.940806,121.361500,三峽,C0AC60,2017-10-10T02:00:00+08:00,55.0,99,2.2,29.5,0.66,1005.2,-99,0.0,-99,-99,-99,新北市,06,三峽區,057
24.940806,121.361500,三峽,C0AC60,2017-10-10T03:00:00+08:00,55.0,93,2.2,29.2,0.67,1004.6,-99,0.0,7.7,83,2017-10-10T02:53:00+08:00,新北市,06,三峽區,057
24.940806,121.361500,三峽,C0AC60,2017-10-10T04:00:00+08:00,55.0,92,2.6,28.8,0.72,1004.5,-99,0.0,-99,-99,-99,新北市,06,三峽區,057
24.940806,121.361500,三峽,C0AC60,2017-10-10T05:00:00+08:00,55.0,97,2.3,28.2,0.75,1005.0,-99,0.0,-99,-99,-99,新北市,06,三峽區,057
24.940806,121.361500,三峽,C0AC60,2017-10-10T06:00:00+08:00,55.0,90,3.2,27.9,0.8,1005.4,-99,0.0,-99,-99,-99,新北市,06,三峽區,057
24.940806,121.361500,三峽,C0AC60,2017-10-10T07:00:00+08:00,55.0,94,2.7,27.6,0.84,1006.3,-99,0.0,8.8,80,2017-10-10T06:21:00+08:00,新北市,06,三峽區,057
24.940806,121.361500,三峽,C0AC60,2017-10-10T08:00:00+08:00,55.0,89,2.0,28.1,0.83,1007.3,-99,0.0,-99,-99,-99,新北市,06,三峽區,057
24.940806,121.361500,三峽,C0AC60,2017-10-10T09:00:00+08:00,55.0,91,2.2,29.9,0.77,1007.4,-99,0.0,-99,-99,-99,新北市,06,三峽區,057
24.940806,121.361500,三峽,C0AC60,2017-10-10T10:00:00+08:00,55.0,86,2.7,32.2,0.64,1006.5,-99,0.0,-99,-99,-99,新北市,06,三峽區,057
24.940806,121.361500,三峽,C0AC60,2017-10-10T11:00:00+08:00,55.0,95,2.8,32.6,0.62,1006.3,-99,0.0,-99,-99,-99,新北市,06,三峽區,057
24.940806,121.361500,三峽,C0AC60,2017-10-10T12:00:00+08:00,55.0,94,3.4,32.7,0.61,1006.1,-99,0.0,8.8,100,2017-10-10T11:21:00+08:00,新北市,06,三峽區,057
24.940806,121.361500,三峽,C0AC60,2017-10-10T13:00:00+08:00,55.0,91,3.6,32.7,0.6,1005.0,-99,0.0,10.4,74,2017-10-10T12:06:00+08:00,新北市,06,三峽區,057
24.940806,121.361500,三峽,C0AC60,2017-10-10T14:00:00+08:00,55.0,92,3.7,34.0,0.56,1004.2,-99,0.0,11.5,84,2017-10-10T13:16:00+08:00,新北市,06,三峽區,057
24.940806,121.361500,三峽,C0AC60,2017-10-10T15:00:00+08:00,55.0,85,2.9,33.9,0.57,1003.9,-99,0.0,9.9,76,2017-10-10T14:07:00+08:00,新北市,06,三峽區,057
24.940806,121.361500,三峽,C0AC60,2017-10-10T16:00:00+08:00,55.0,90,3.1,33.4,0.59,1004.3,-99,0.0,8.8,78,2017-10-10T15:09:00+08:00,新北市,06,三峽區,057
24.940806,121.361500,三峽,C0AC60,2017-10-10T17:00:00+08:00,55.0,78,2.7,31.6,0.66,1004.9,-99,0.0,9.3,72,2017-10-10T16:27:00+08:00,新北市,06,三峽區,057
24.940806,121.361500,三峽,C0AC60,2017-10-10T18:00:00+08:00,55.0,97,3.3,30.1,0.72,1005.3,-99,0.0,9.3,102,2017-10-10T17:15:00+08:00,新北市,06,三峽區,057
24.940806,121.361500,三峽,C0AC60,2017-10-10T19:00:00+08:00,55.0,91,3.3,29.9,0.7,1005.4,-99,0.0,9.3,78,2017-10-10T18:51:00+08:00,新北市,06,三峽區,057
24.940806,121.361500,三峽,C0AC60,2017-10-10T20:00:00+08:00,55.0,93,3.0,29.6,0.71,1005.8,-99,0.0,-99,-99,-99,新北市,06,三峽區,057
24.940806,121.361500,三峽,C0AC60,2017-10-10T21:00:00+08:00,55.0,77,2.4,29.5,0.71,1006.2,-99,0.0,8.2,96,2017-10-10T20:01:00+08:00,新北市,06,三峽區,057
24.940806,121.361500,三峽,C0AC60,2017-10-10T22:00:00+08:00,55.0,91,2.1,29.3,0.72,1006.0,-99,0.0,8.2,83,2017-10-10T21:21:00+08:00,新北市,06,三峽區,057
24.940806,121.361500,三峽,C0AC60,2017-10-10T23:00:00+08:00,55.0,90,3.0,29.3,0.71,1005.6,-99,0.0,8.2,60,2017-10-10T22:02:00+08:00,新北市,06,三峽區,057
24.940806,121.361500,三峽,C0AC60,2017-10-11T00:00:00+08:00,55.0,79,3.6,29.2,0.72,1005.3,-99,0.0,11.0,81,2017-10-10T23:55:00+08:00,新北市,06,三峽區,057
24.940806,121.361500,三峽,C0AC60,2017-10-11T01:00:00+08:00,55.0,93,2.5,29.0,0.71,1005.2,-99,0.0,9.3,67,2017-10-11T00:13:00+08:00,新北市,06,三峽區,057
24.940806,121.361500,三峽,C0AC60,2017-10-11T02:00:00+08:00,55.0,86,3.5,28.8,0.73,1004.7,-99,0.0,8.8,96,2017-10-11T01:48:00+08:00,新北市,06,三峽區,057
24.940806,121.361500,三峽,C0AC60,2017-10-11T03:00:00+08:00,55.0,82,2.8,28.8,0.73,1004.6,-99,0.0,9.3,80,2017-10-11T02:41:00+08:00,新北市,06,三峽區,057
24.940806,121.361500,三峽,C0AC60,2017-10-11T04:00:00+08:00,55.0,78,3.0,28.7,0.76,1005.0,-99,0.0,8.2,40,2017-10-11T03:48:00+08:00,新北市,06,三峽區,057
24.940806,121.361500,三峽,C0AC60,2017-10-11T05:00:00+08:00,55.0,89,2.8,28.5,0.76,1005.3,-99,0.0,-99,-99,-99,新北市,06,三峽區,057
24.940806,121.361500,三峽,C0AC60,2017-10-11T06:00:00+08:00,55.0,99,1.7,28.1,0.78,1006.0,-99,0.0,6.0,99,2017-10-11T05:14:00+08:00,新北市,06,三峽區,057
24.940806,121.361500,三峽,C0AC60,2017-10-11T07:00:00+08:00,55.0,101,2.0,27.6,0.79,1006.6,-99,0.0,-99,-99,-99,新北市,06,三峽區,057
24.940806,121.361500,三峽,C0AC60,2017-10-11T08:00:00+08:00,55.0,84,2.3,28.9,0.74,1007.0,-99,0.0,7.7,80,2017-10-11T08:00:00+08:00,新北市,06,三峽區,057
24.940806,121.361500,三峽,C0AC60,2017-10-11T09:00:00+08:00,55.0,82,2.6,30.1,0.7,1006.9,-99,0.0,8.2,97,2017-10-11T08:15:00+08:00,新北市,06,三峽區,057
24.940806,121.361500,三峽,C0AC60,2017-10-11T10:00:00+08:00,55.0,91,3.1,31.3,0.62,1006.8,-99,0.0,8.2,64,2017-10-11T09:56:00+08:00,新北市,06,三峽區,057
24.940806,121.361500,三峽,C0AC60,2017-10-11T11:00:00+08:00,55.0,96,2.0,31.6,0.64,1006.0,-99,0.0,9.3,100,2017-10-11T10:40:00+08:00,新北市,06,三峽區,057
24.940806,121.361500,三峽,C0AC60,2017-10-11T12:00:00+08:00,55.0,94,3.2,32.4,0.59,1005.3,-99,0.0,8.8,91,2017-10-11T11:49:00+08:00,新北市,06,三峽區,057
24.940806,121.361500,三峽,C0AC60,2017-10-11T13:00:00+08:00,55.0,94,3.2,32.9,0.57,1004.6,-99,0.0,9.9,98,2017-10-11T12:13:00+08:00,新北市,06,三峽區,057
24.940806,121.361500,三峽,C0AC60,2017-10-11T14:00:00+08:00,55.0,96,2.8,33.3,0.57,1003.9,-99,0.0,8.8,55,2017-10-11T14:00:00+08:00,新北市,06,三峽區,057
24.940806,121.361500,三峽,C0AC60,2017-10-11T15:00:00+08:00,55.0,91,2.9,32.0,0.64,1004.2,-99,0.0,11.0,78,2017-10-11T14:49:00+08:00,新北市,06,三峽區,057
24.940806,121.361500,三峽,C0AC60,2017-10-11T16:00:00+08:00,55.0,92,1.7,30.8,0.72,1004.7,-99,0.0,8.2,69,2017-10-11T15:07:00+08:00,新北市,06,三峽區,057
24.940806,121.361500,三峽,C0AC60,2017-10-11T17:00:00+08:00,55.0,97,2.6,29.7,0.73,1005.1,-99,0.0,-99,-99,-99,新北市,06,三峽區,057
24.940806,121.361500,三峽,C0AC60,2017-10-11T18:00:00+08:00,55.0,84,1.8,28.6,0.78,1005.3,-99,0.0,7.7,90,2017-10-11T17:15:00+08:00,新北市,06,三峽區,057
24.940806,121.361500,三峽,C0AC60,2017-10-11T19:00:00+08:00,55.0,88,2.2,27.7,0.83,1006.2,-99,0.0,-99,-99,-99,新北市,06,三峽區,057
24.940806,121.361500,三峽,C0AC60,2017-10-11T20:00:00+08:00,55.0,91,2.0,26.5,0.9,1007.1,-99,0.5,-99,-99,-99,新北市,06,三峽區,057
24.940806,121.361500,三峽,C0AC60,2017-10-11T21:00:00+08:00,55.0,96,1.7,26.6,0.87,1007.3,-99,0.5,-99,-99,-99,新北市,06,三峽區,057
24.940806,121.361500,三峽,C0AC60,2017-10-11T22:00:00+08:00,55.0,94,1.8,25.6,0.91,1007.2,-99,0.5,8.8,91,2017-10-11T21:07:00+08:00,新北市,06,三峽區,057
24.940806,121.361500,三峽,C0AC60,2017-10-11T23:00:00+08:00,55.0,91,2.2,25.0,0.95,1007.5,-99,1.5,-99,-99,-99,新北市,06,三峽區,057
24.940806,121.361500,三峽,C0AC60,2017-10-12T00:00:00+08:00,55.0,75,3.5,25.9,0.87,1007.2,-99,1.5,8.8,71,2017-10-11T23:55:00+08:00,新北市,06,三峽區,057
24.940806,121.361500,三峽,C0AC60,2017-10-12T01:00:00+08:00,55.0,89,0.9,25.0,0.88,1007.0,-99,0.5,9.3,99,2017-10-12T00:08:00+08:00,新北市,06,三峽區,057
24.940806,121.361500,三峽,C0AC60,2017-10-12T02:00:00+08:00,55.0,90,1.1,25.0,0.89,1006.6,-99,1.0,-99,-99,-99,新北市,06,三峽區,057
24.940806,121.361500,三峽,C0AC60,2017-10-12T03:00:00+08:00,55.0,91,2.0,24.8,0.92,1006.0,-99,1.5,8.8,82,2017-10-12T02:55:00+08:00,新北市,06,三峽區,057
24.940806,121.361500,三峽,C0AC60,2017-10-12T04:00:00+08:00,55.0,93,1.2,24.7,0.91,1005.7,-99,1.5,-99,-99,-99,新北市,06,三峽區,057
24.940806,121.361500,三峽,C0AC60,2017-10-12T05:00:00+08:00,55.0,93,1.0,25.1,0.93,1005.5,-99,1.5,-99,-99,-99,新北市,06,三峽區,057
24.940806,121.361500,三峽,C0AC60,2017-10-12T06:00:00+08:00,55.0,90,1.4,25.4,0.94,1006.2,-99,2.0,-99,-99,-99,新北市,06,三峽區,057
24.940806,121.361500,三峽,C0AC60,2017-10-12T07:00:00+08:00,55.0,97,1.7,25.6,0.93,1006.3,-99,2.0,-99,-99,-99,新北市,06,三峽區,057
24.940806,121.361500,三峽,C0AC60,2017-10-12T08:00:00+08:00,55.0,83,2.4,25.9,0.93,1006.5,-99,3.0,-99,-99,-99,新北市,06,三峽區,057
24.940806,121.361500,三峽,C0AC60,2017-10-12T09:00:00+08:00,55.0,76,1.5,25.3,0.97,1006.5,-99,7.5,7.7,90,2017-10-12T08:07:00+08:00,新北市,06,三峽區,057
24.940806,121.361500,三峽,C0AC60,2017-10-12T10:00:00+08:00,55.0,79,1.5,25.3,0.98,1006.3,-99,13.0,-99,-99,-99,新北市,06,三峽區,057
24.940806,121.361500,三峽,C0AC60,2017-10-12T11:00:00+08:00,55.0,74,2.5,26.0,0.96,1005.7,-99,15.5,-99,-99,-99,新北市,06,三峽區,057
24.940806,121.361500,三峽,C0AC60,2017-10-12T12:00:00+08:00,55.0,79,2.6,25.6,0.95,1004.6,-99,17.5,8.8,79,2017-10-12T11:31:00+08:00,新北市,06,三峽區,057
24.940806,121.361500,三峽,C0AC60,2017-10-12T13:00:00+08:00,55.0,81,1.3,26.1,0.93,1004.1,-99,17.5,-99,-99,-99,新北市,06,三峽區,057
24.940806,121.361500,三峽,C0AC60,2017-10-12T14:00:00+08:00,55.0,94,1.3,26.7,0.9,1003.5,-99,17.5,-99,-99,-99,新北市,06,三峽區,057
24.940806,121.361500,三峽,C0AC60,2017-10-12T15:00:00+08:00,55.0,89,2.1,27.0,0.85,1003.5,-99,17.5,-99,-99,-99,新北市,06,三峽區,057
24.940806,121.361500,三峽,C0AC60,2017-10-12T16:00:00+08:00,55.0,80,1.9,27.4,0.83,1003.9,-99,17.5,7.1,79,2017-10-12T15:23:00+08:00,新北市,06,三峽區,057
24.940806,121.361500,三峽,C0AC60,2017-10-12T17:00:00+08:00,55.0,73,2.3,26.7,0.88,1004.1,-99,17.5,7.7,69,2017-10-12T16:32:00+08:00,新北市,06,三峽區,057
24.940806,121.361500,三峽,C0AC60,2017-10-12T18:00:00+08:00,55.0,97,1.9,26.0,0.9,1004.5,-99,17.5,-99,-99,-99,新北市,06,三峽區,057
24.940806,121.361500,三峽,C0AC60,2017-10-12T19:00:00+08:00,55.0,94,1.8,26.1,0.84,1005.1,-99,17.5,-99,-99,-99,新北市,06,三峽區,057
24.940806,121.361500,三峽,C0AC60,2017-10-12T20:00:00+08:00,55.0,83,1.7,26.0,0.86,1005.6,-99,17.5,-99,-99,-99,新北市,06,三峽區,057
24.940806,121.361500,三峽,C0AC60,2017-10-12T21:00:00+08:00,55.0,85,2.3,25.4,0.91,1005.9,-99,18.0,-99,-99,-99,新北市,06,三峽區,057
24.940806,121.361500,三峽,C0AC60,2017-10-12T22:00:00+08:00,55.0,92,1.4,25.0,0.93,1005.9,-99,18.5,-99,-99,-99,新北市,06,三峽區,057
24.940806,121.361500,三峽,C0AC60,2017-10-12T23:00:00+08:00,55.0,74,2.2,25.5,0.92,1005.6,-99,18.5,-99,-99,-99,新北市,06,三峽區,057
24.940806,121.361500,三峽,C0AC60,2017-10-13T00:00:00+08:00,55.0,89,1.3,25.2,0.92,1005.0,-99,19.0,8.2,96,2017-10-12T23:52:00+08:00,新北市,06,三峽區,057
24.940806,121.361500,三峽,C0AC60,2017-10-13T01:00:00+08:00,55.0,79,2.5,25.3,0.91,1004.3,-99,0.0,8.2,77,2017-10-13T00:58:00+08:00,新北市,06,三峽區,057
24.940806,121.361500,三峽,C0AC60,2017-10-13T02:00:00+08:00,55.0,85,2.7,25.4,0.88,1003.9,-99,0.0,8.8,45,2017-10-13T01:59:00+08:00,新北市,06,三峽區,057
24.940806,121.361500,三峽,C0AC60,2017-10-13T03:00:00+08:00,55.0,85,1.8,24.7,0.92,1003.7,-99,0.5,10.4,79,2017-10-13T02:36:00+08:00,新北市,06,三峽區,057
24.940806,121.361500,三峽,C0AC60,2017-10-13T04:00:00+08:00,55.0,94,2.2,24.3,0.93,1003.4,-99,0.5,7.7,66,2017-10-13T03:30:00+08:00,新北市,06,三峽區,057
24.940806,121.361500,三峽,C0AC60,2017-10-13T05:00:00+08:00,55.0,99,1.7,23.6,0.97,1003.6,-99,4.0,8.2,51,2017-10-13T04:24:00+08:00,新北市,06,三峽區,057
24.940806,121.361500,三峽,C0AC60,2017-10-13T06:00:00+08:00,55.0,90,1.4,23.5,0.96,1004.2,-99,5.5,8.2,64,2017-10-13T05:40:00+08:00,新北市,06,三峽區,057
24.940806,121.361500,三峽,C0AC60,2017-10-13T07:00:00+08:00,55.0,96,2.5,23.6,0.95,1004.7,-99,7.0,8.8,71,2017-10-13T06:25:00+08:00,新北市,06,三峽區,057
24.940806,121.361500,三峽,C0AC60,2017-10-13T08:00:00+08:00,55.0,99,1.9,23.7,0.96,1004.8,-99,10.0,-99,-99,-99,新北市,06,三峽區,057
24.940806,121.361500,三峽,C0AC60,2017-10-13T09:00:00+08:00,55.0,94,2.0,23.4,0.98,1005.2,-99,19.0,7.7,78,2017-10-13T08:24:00+08:00,新北市,06,三峽區,057
24.940806,121.361500,三峽,C0AC60,2017-10-13T10:00:00+08:00,55.0,98,1.9,23.5,0.98,1004.8,-99,24.0,8.8,71,2017-10-13T09:02:00+08:00,新北市,06,三峽區,057
24.940806,121.361500,三峽,C0AC60,2017-10-13T11:00:00+08:00,55.0,102,2.2,23.6,0.97,1004.0,-99,29.0,7.7,120,2017-10-13T10:40:00+08:00,新北市,06,三峽區,057
24.940806,121.361500,三峽,C0AC60,2017-10-13T12:00:00+08:00,55.0,94,1.7,23.8,0.98,1003.0,-99,38.0,-99,-99,-99,新北市,06,三峽區,057
24.940806,121.361500,三峽,C0AC60,2017-10-13T13:00:00+08:00,55.0,89,2.1,24.1,0.99,1001.8,-99,45.0,-99,-99,-99,新北市,06,三峽區,057
24.940806,121.361500,三峽,C0AC60,2017-10-13T14:00:00+08:00,55.0,84,2.9,24.2,0.98,1001.2,-99,53.0,7.7,90,2017-10-13T13:19:00+08:00,新北市,06,三峽區,057
24.940806,121.361500,三峽,C0AC60,2017-10-13T15:00:00+08:00,55.0,92,1.8,24.6,0.97,1000.6,-99,54.5,8.2,89,2017-10-13T14:23:00+08:00,新北市,06,三峽區,057
24.940806,121.361500,三峽,C0AC60,2017-10-13T16:00:00+08:00,55.0,81,2.0,24.5,0.98,1000.6,-99,60.0,9.9,96,2017-10-13T15:32:00+08:00,新北市,06,三峽區,057
24.940806,121.361500,三峽,C0AC60,2017-10-13T17:00:00+08:00,55.0,76,3.1,24.5,0.98,1000.3,-99,66.5,9.3,72,2017-10-13T16:56:00+08:00,新北市,06,三峽區,057
24.940806,121.361500,三峽,C0AC60,2017-10-13T18:00:00+08:00,55.0,71,2.5,24.4,0.98,1000.3,-99,78.0,11.0,79,2017-10-13T17:13:00+08:00,新北市,06,三峽區,057
24.940806,121.361500,三峽,C0AC60,2017-10-13T19:00:00+08:00,55.0,88,3.2,24.4,0.99,1001.2,-99,94.0,10.4,66,2017-10-13T18:24:00+08:00,新北市,06,三峽區,057
24.940806,121.361500,三峽,C0AC60,2017-10-13T20:00:00+08:00,55.0,95,2.5,24.4,0.99,1001.6,-99,105.5,8.8,76,2017-10-13T19:38:00+08:00,新北市,06,三峽區,057
24.940806,121.361500,三峽,C0AC60,2017-10-13T21:00:00+08:00,55.0,97,2.6,24.4,0.99,1001.3,-99,123.0,11.5,82,2017-10-13T20:03:00+08:00,新北市,06,三峽區,057
24.940806,121.361500,三峽,C0AC60,2017-10-13T22:00:00+08:00,55.0,80,2.7,24.5,0.99,1001.6,-99,140.0,9.9,90,2017-10-13T21:30:00+08:00,新北市,06,三峽區,057
24.940806,121.361500,三峽,C0AC60,2017-10-14T00:00:00+08:00,55.0,82,1.8,24.7,1,1000.2,-99,168.0,-99,-99,-99,新北市,06,三峽區,057
24.940806,121.361500,三峽,C0AC60,2017-10-14T01:00:00+08:00,55.0,68,3.7,25.2,1,998.9,-99,12.0,8.8,86,2017-10-14T00:19:00+08:00,新北市,06,三峽區,057
24.940806,121.361500,三峽,C0AC60,2017-10-14T02:00:00+08:00,55.0,71,3.5,25.7,0.96,998.2,-99,13.0,11.0,86,2017-10-14T01:28:00+08:00,新北市,06,三峽區,057
24.940806,121.361500,三峽,C0AC60,2017-10-14T03:00:00+08:00,55.0,78,3.5,25.5,0.97,998.2,-99,14.0,11.0,84,2017-10-14T02:03:00+08:00,新北市,06,三峽區,057
24.940806,121.361500,三峽,C0AC60,2017-10-14T04:00:00+08:00,55.0,73,2.8,25.3,0.99,997.9,-99,18.5,8.2,79,2017-10-14T03:13:00+08:00,新北市,06,三峽區,057
24.940806,121.361500,三峽,C0AC60,2017-10-14T05:00:00+08:00,55.0,72,3.6,25.3,1,997.7,-99,23.5,9.9,72,2017-10-14T04:54:00+08:00,新北市,06,三峽區,057
24.940806,121.361500,三峽,C0AC60,2017-10-14T06:00:00+08:00,55.0,84,3.1,25.3,0.97,998.2,-99,24.0,11.0,52,2017-10-14T05:18:00+08:00,新北市,06,三峽區,057
24.940806,121.361500,三峽,C0AC60,2017-10-14T07:00:00+08:00,55.0,75,2.5,25.2,1,999.5,-99,33.0,10.4,94,2017-10-14T06:11:00+08:00,新北市,06,三峽區,057
24.940806,121.361500,三峽,C0AC60,2017-10-14T08:00:00+08:00,55.0,87,2.4,25.5,0.98,999.4,-99,35.5,9.9,79,2017-10-14T07:29:00+08:00,新北市,06,三峽區,057
24.940806,121.361500,三峽,C0AC60,2017-10-14T09:00:00+08:00,55.0,78,3.6,25.6,0.95,999.7,-99,35.5,11.5,49,2017-10-14T08:19:00+08:00,新北市,06,三峽區,057
24.940806,121.361500,三峽,C0AC60,2017-10-14T10:00:00+08:00,55.0,73,4.1,25.9,0.95,999.3,-99,35.5,10.4,81,2017-10-14T09:07:00+08:00,新北市,06,三峽區,057
24.940806,121.361500,三峽,C0AC60,2017-10-14T11:00:00+08:00,55.0,77,3.4,26.3,0.96,998.7,-99,35.5,8.2,43,2017-10-14T10:12:00+08:00,新北市,06,三峽區,057
24.940806,121.361500,三峽,C0AC60,2017-10-14T12:00:00+08:00,55.0,79,3.5,26.6,0.93,998.1,-99,35.5,12.1,66,2017-10-14T11:20:00+08:00,新北市,06,三峽區,057
24.940806,121.361500,三峽,C0AC60,2017-10-14T13:00:00+08:00,55.0,75,3.5,26.1,0.98,997.7,-99,39.5,11.5,45,2017-10-14T12:07:00+08:00,新北市,06,三峽區,057
24.940806,121.361500,三峽,C0AC60,2017-10-14T14:00:00+08:00,55.0,82,2.8,26.5,0.97,997.1,-99,41.0,9.9,75,2017-10-14T13:12:00+08:00,新北市,06,三峽區,057
24.940806,121.361500,三峽,C0AC60,2017-10-14T15:00:00+08:00,55.0,80,3.3,26.2,0.99,997.2,-99,45.5,8.8,66,2017-10-14T14:57:00+08:00,新北市,06,三峽區,057
24.940806,121.361500,三峽,C0AC60,2017-10-14T16:00:00+08:00,55.0,81,2.5,25.8,0.99,997.6,-99,64.5,8.8,47,2017-10-14T15:36:00+08:00,新北市,06,三峽區,057
24.940806,121.361500,三峽,C0AC60,2017-10-14T17:00:00+08:00,55.0,76,3.5,26.4,0.96,997.6,-99,66.5,9.9,68,2017-10-14T16:33:00+08:00,新北市,06,三峽區,057
24.940806,121.361500,三峽,C0AC60,2017-10-14T18:00:00+08:00,55.0,83,3.5,26.3,0.93,997.8,-99,67.0,9.9,80,2017-10-14T17:56:00+08:00,新北市,06,三峽區,057
24.940806,121.361500,三峽,C0AC60,2017-10-14T19:00:00+08:00,55.0,83,3.4,25.7,0.98,997.6,-99,68.0,9.3,84,2017-10-14T18:27:00+08:00,新北市,06,三峽區,057
24.940806,121.361500,三峽,C0AC60,2017-10-14T20:00:00+08:00,55.0,71,3.3,26.5,0.91,997.4,-99,68.5,9.9,75,2017-10-14T19:44:00+08:00,新北市,06,三峽區,057
24.940806,121.361500,三峽,C0AC60,2017-10-14T21:00:00+08:00,55.0,82,1.4,27.0,0.87,998.4,-99,68.5,8.2,85,2017-10-14T20:22:00+08:00,新北市,06,三峽區,057
24.940806,121.361500,三峽,C0AC60,2017-10-14T22:00:00+08:00,55.0,66,1.7,27.7,0.81,998.5,-99,69.0,9.3,99,2017-10-14T21:47:00+08:00,新北市,06,三峽區,057
24.940806,121.361500,三峽,C0AC60,2017-10-14T23:00:00+08:00,55.0,66,2.4,27.5,0.83,998.3,-99,69.5,9.3,50,2017-10-14T22:12:00+08:00,新北市,06,三峽區,057
24.940806,121.361500,三峽,C0AC60,2017-10-15T00:00:00+08:00,55.0,25,1.5,26.8,0.88,998.9,-99,70.0,-99,-99,-99,新北市,06,三峽區,057
24.940806,121.361500,三峽,C0AC60,2017-10-15T01:00:00+08:00,55.0,72,3.0,26.2,0.94,998.0,-99,1.0,8.2,93,2017-10-15T00:49:00+08:00,新北市,06,三峽區,057
24.940806,121.361500,三峽,C0AC60,2017-10-15T02:00:00+08:00,55.0,80,1.7,26.6,0.91,997.8,-99,1.0,8.8,57,2017-10-15T01:02:00+08:00,新北市,06,三峽區,057
24.940806,121.361500,三峽,C0AC60,2017-10-15T03:00:00+08:00,55.0,82,1.3,27.0,0.84,997.7,-99,1.0,9.9,79,2017-10-15T02:11:00+08:00,新北市,06,三峽區,057
24.940806,121.361500,三峽,C0AC60,2017-10-15T04:00:00+08:00,55.0,78,2.1,27.3,0.82,998.1,-99,1.0,-99,-99,-99,新北市,06,三峽區,057
24.940806,121.361500,三峽,C0AC60,2017-10-15T05:00:00+08:00,55.0,57,0.6,25.8,0.94,999.3,-99,2.0,-99,-99,-99,新北市,06,三峽區,057
24.940806,121.361500,三峽,C0AC60,2017-10-15T06:00:00+08:00,55.0,0,0.0,25.2,0.98,1000.1,-99,5.0,-99,-99,-99,新北市,06,三峽區,057
24.940806,121.361500,三峽,C0AC60,2017-10-15T07:00:00+08:00,55.0,111,0.6,25.3,0.99,1000.8,-99,7.0,-99,-99,-99,新北市,06,三峽區,057
24.940806,121.361500,三峽,C0AC60,2017-10-15T08:00:00+08:00,55.0,0,0.0,25.2,1,1001.6,-99,11.5,-99,-99,-99,新北市,06,三峽區,057
24.940806,121.361500,三峽,C0AC60,2017-10-15T09:00:00+08:00,55.0,163,1.6,25.2,1,1002.4,-99,15.0,-99,-99,-99,新北市,06,三峽區,057
24.940806,121.361500,三峽,C0AC60,2017-10-15T10:00:00+08:00,55.0,0,0.0,25.2,1,1002.2,-99,18.0,-99,-99,-99,新北市,06,三峽區,057
24.940806,121.361500,三峽,C0AC60,2017-10-15T11:00:00+08:00,55.0,213,0.4,25.5,1,1002.1,-99,19.0,-99,-99,-99,新北市,06,三峽區,057
24.940806,121.361500,三峽,C0AC60,2017-10-15T12:00:00+08:00,55.0,210,0.7,26.1,0.99,1001.6,-99,19.5,-99,-99,-99,新北市,06,三峽區,057
24.940806,121.361500,三峽,C0AC60,2017-10-15T13:00:00+08:00,55.0,0,0.0,26.6,0.97,1001.4,-99,21.0,-99,-99,-99,新北市,06,三峽區,057
24.940806,121.361500,三峽,C0AC60,2017-10-15T14:00:00+08:00,55.0,0,0.0,26.5,0.97,1001.3,-99,22.5,-99,-99,-99,新北市,06,三峽區,057
24.940806,121.361500,三峽,C0AC60,2017-10-15T15:00:00+08:00,55.0,0,0.0,26.0,0.97,1001.6,-99,24.5,-99,-99,-99,新北市,06,三峽區,057
24.940806,121.361500,三峽,C0AC60,2017-10-15T16:00:00+08:00,55.0,0,0.0,26.0,0.98,1002.2,-99,25.0,-99,-99,-99,新北市,06,三峽區,057
24.940806,121.361500,三峽,C0AC60,2017-10-15T17:00:00+08:00,55.0,0,0.0,25.9,0.98,1002.5,-99,25.5,-99,-99,-99,新北市,06,三峽區,057
24.940806,121.361500,三峽,C0AC60,2017-10-15T18:00:00+08:00,55.0,89,0.9,25.7,0.99,1002.8,-99,26.0,-99,-99,-99,新北市,06,三峽區,057
24.940806,121.361500,三峽,C0AC60,2017-10-15T19:00:00+08:00,55.0,93,0.5,25.5,1,1003.5,-99,26.0,-99,-99,-99,新北市,06,三峽區,057
24.940806,121.361500,三峽,C0AC60,2017-10-15T20:00:00+08:00,55.0,0,0.0,25.5,0.99,1004.1,-99,26.0,-99,-99,-99,新北市,06,三峽區,057
24.940806,121.361500,三峽,C0AC60,2017-10-15T21:00:00+08:00,55.0,0,0.1,25.3,1,1004.5,-99,26.0,-99,-99,-99,新北市,06,三峽區,057
24.940806,121.361500,三峽,C0AC60,2017-10-15T22:00:00+08:00,55.0,301,0.3,25.3,1,1004.8,-99,26.0,-99,-99,-99,新北市,06,三峽區,057
24.940806,121.361500,三峽,C0AC60,2017-10-15T23:00:00+08:00,55.0,164,1.5,24.9,1,1004.9,-99,26.0,-99,-99,-99,新北市,06,三峽區,057
24.940806,121.361500,三峽,C0AC60,2017-10-16T00:00:00+08:00,55.0,174,0.6,24.7,1,1004.9,-99,26.0,-99,-99,-99,新北市,06,三峽區,057
24.940806,121.361500,三峽,C0AC60,2017-10-16T01:00:00+08:00,55.0,0,0.0,24.7,1,1004.5,-99,0.0,-99,-99,-99,新北市,06,三峽區,057
24.940806,121.361500,三峽,C0AC60,2017-10-16T02:00:00+08:00,55.0,0,0.0,24.5,1,1004.5,-99,0.0,-99,-99,-99,新北市,06,三峽區,057
24.940806,121.361500,三峽,C0AC60,2017-10-16T03:00:00+08:00,55.0,0,0.0,24.3,1,1004.2,-99,0.0,-99,-99,-99,新北市,06,三峽區,057
24.940806,121.361500,三峽,C0AC60,2017-10-16T04:00:00+08:00,55.0,0,0.0,24.2,1,1004.2,-99,0.0,-99,-99,-99,新北市,06,三峽區,057
24.940806,121.361500,三峽,C0AC60,2017-10-16T05:00:00+08:00,55.0,0,0.0,24.2,0.99,1004.2,-99,0.0,-99,-99,-99,新北市,06,三峽區,057
24.940806,121.361500,三峽,C0AC60,2017-10-16T06:00:00+08:00,55.0,152,1.3,24.0,0.99,1004.8,-99,0.0,-99,-99,-99,新北市,06,三峽區,057
24.940806,121.361500,三峽,C0AC60,2017-10-16T07:00:00+08:00,55.0,168,0.5,24.3,0.99,1005.3,-99,0.0,-99,-99,-99,新北市,06,三峽區,057
24.940806,121.361500,三峽,C0AC60,2017-10-16T08:00:00+08:00,55.0,0,0.0,25.9,0.95,1005.6,-99,0.0,-99,-99,-99,新北市,06,三峽區,057
24.940806,121.361500,三峽,C0AC60,2017-10-16T09:00:00+08:00,55.0,323,0.7,28.1,0.84,1006.1,-99,0.0,-99,-99,-99,新北市,06,三峽區,057
24.940806,121.361500,三峽,C0AC60,2017-10-16T10:00:00+08:00,55.0,327,0.9,29.9,0.76,1005.8,-99,0.0,-99,-99,-99,新北市,06,三峽區,057
24.940806,121.361500,三峽,C0AC60,2017-10-16T11:00:00+08:00,55.0,208,0.6,30.4,0.73,1005.1,-99,0.0,-99,-99,-99,新北市,06,三峽區,057
24.940806,121.361500,三峽,C0AC60,2017-10-16T12:00:00+08:00,55.0,325,1.1,31.5,0.7,1004.2,-99,0.0,-99,-99,-99,新北市,06,三峽區,057
24.940806,121.361500,三峽,C0AC60,2017-10-16T13:00:00+08:00,55.0,349,2.1,30.6,0.78,1003.7,-99,0.0,-99,-99,-99,新北市,06,三峽區,057
24.940806,121.361500,三峽,C0AC60,2017-10-16T14:00:00+08:00,55.0,309,0.9,30.4,0.78,1003.2,-99,0.0,-99,-99,-99,新北市,06,三峽區,057
24.940806,121.361500,三峽,C0AC60,2017-10-16T15:00:00+08:00,55.0,303,1.1,30.1,0.79,1003.3,-99,0.0,-99,-99,-99,新北市,06,三峽區,057
24.940806,121.361500,三峽,C0AC60,2017-10-16T16:00:00+08:00,55.0,218,1.3,29.3,0.84,1003.4,-99,0.0,-99,-99,-99,新北市,06,三峽區,057
24.940806,121.361500,三峽,C0AC60,2017-10-16T17:00:00+08:00,55.0,0,0.0,30.1,0.8,1003.6,-99,0.0,-99,-99,-99,新北市,06,三峽區,057
24.940806,121.361500,三峽,C0AC60,2017-10-16T18:00:00+08:00,55.0,80,2.4,29.3,0.74,1004.0,-99,0.0,-99,-99,-99,新北市,06,三峽區,057
24.940806,121.361500,三峽,C0AC60,2017-10-16T19:00:00+08:00,55.0,84,2.8,29.0,0.76,1004.6,-99,0.0,-99,-99,-99,新北市,06,三峽區,057
24.940806,121.361500,三峽,C0AC60,2017-10-16T20:00:00+08:00,55.0,74,2.8,28.3,0.83,1005.3,-99,0.0,8.8,88,2017-10-16T19:35:00+08:00,新北市,06,三峽區,057
24.940806,121.361500,三峽,C0AC60,2017-10-16T21:00:00+08:00,55.0,85,4.0,28.0,0.88,1005.9,-99,0.0,9.9,88,2017-10-16T20:33:00+08:00,新北市,06,三峽區,057
24.940806,121.361500,三峽,C0AC60,2017-10-16T22:00:00+08:00,55.0,79,3.1,27.4,0.88,1006.3,-99,0.0,9.3,65,2017-10-16T21:15:00+08:00,新北市,06,三峽區,057
24.940806,121.361500,三峽,C0AC60,2017-10-16T23:00:00+08:00,55.0,80,2.6,27.0,0.89,1006.8,-99,0.0,11.0,96,2017-10-16T22:47:00+08:00,新北市,06,三峽區,057
24.940806,121.361500,三峽,C0AC60,2017-10-17T00:00:00+08:00,55.0,85,2.4,26.6,0.9,1007.0,-99,0.0,-99,-99,-99,新北市,06,三峽區,057
24.940806,121.361500,三峽,C0AC60,2017-10-17T01:00:00+08:00,55.0,95,1.3,26.3,0.92,1007.0,-99,0.0,-99,-99,-99,新北市,06,三峽區,057
24.940806,121.361500,三峽,C0AC60,2017-10-17T02:00:00+08:00,55.0,82,3.4,26.2,0.91,1006.8,-99,0.0,9.3,74,2017-10-17T01:52:00+08:00,新北市,06,三峽區,057
24.940806,121.361500,三峽,C0AC60,2017-10-17T03:00:00+08:00,55.0,92,2.2,25.8,0.91,1006.9,-99,0.0,8.8,64,2017-10-17T02:04:00+08:00,新北市,06,三峽區,057
24.940806,121.361500,三峽,C0AC60,2017-10-17T04:00:00+08:00,55.0,90,1.4,25.3,0.95,1006.9,-99,0.0,8.2,65,2017-10-17T03:15:00+08:00,新北市,06,三峽區,057
24.940806,121.361500,三峽,C0AC60,2017-10-17T05:00:00+08:00,55.0,95,1.0,25.3,0.94,1007.3,-99,0.0,-99,-99,-99,新北市,06,三峽區,057
24.940806,121.361500,三峽,C0AC60,2017-10-17T06:00:00+08:00,55.0,99,1.1,25.5,0.92,1008.0,-99,0.0,-99,-99,-99,新北市,06,三峽區,057
24.940806,121.361500,三峽,C0AC60,2017-10-17T07:00:00+08:00,55.0,77,1.4,25.8,0.9,1008.5,-99,0.0,-99,-99,-99,新北市,06,三峽區,057
24.940806,121.361500,三峽,C0AC60,2017-10-17T08:00:00+08:00,55.0,58,1.5,26.2,0.89,1008.8,-99,0.0,-99,-99,-99,新北市,06,三峽區,057
24.940806,121.361500,三峽,C0AC60,2017-10-17T09:00:00+08:00,55.0,83,1.6,25.4,0.96,1009.4,-99,0.5,-99,-99,-99,新北市,06,三峽區,057
24.940806,121.361500,三峽,C0AC60,2017-10-17T10:00:00+08:00,55.0,92,1.2,25.0,0.98,1009.5,-99,1.5,-99,-99,-99,新北市,06,三峽區,057
24.940806,121.361500,三峽,C0AC60,2017-10-17T11:00:00+08:00,55.0,87,1.1,25.3,0.95,1009.1,-99,1.5,-99,-99,-99,新北市,06,三峽區,057
24.940806,121.361500,三峽,C0AC60,2017-10-17T12:00:00+08:00,55.0,95,1.8,26.3,0.94,1008.0,-99,3.0,-99,-99,-99,新北市,06,三峽區,057
24.940806,121.361500,三峽,C0AC60,2017-10-17T13:00:00+08:00,55.0,91,2.2,28.2,0.82,1007.0,-99,3.0,-99,-99,-99,新北市,06,三峽區,057
24.940806,121.361500,三峽,C0AC60,2017-10-17T14:00:00+08:00,55.0,93,1.5,27.2,0.86,1006.3,-99,3.0,-99,-99,-99,新北市,06,三峽區,057
24.940806,121.361500,三峽,C0AC60,2017-10-17T15:00:00+08:00,55.0,96,1.5,27.8,0.83,1006.3,-99,3.0,7.1,70,2017-10-17T14:33:00+08:00,新北市,06,三峽區,057
24.940806,121.361500,三峽,C0AC60,2017-10-17T16:00:00+08:00,55.0,92,2.1,27.2,0.84,1006.5,-99,3.0,7.1,71,2017-10-17T15:10:00+08:00,新北市,06,三峽區,057
24.940806,121.361500,三峽,C0AC60,2017-10-17T17:00:00+08:00,55.0,99,1.8,26.9,0.84,1006.9,-99,3.0,-99,-99,-99,新北市,06,三峽區,057
24.940806,121.361500,三峽,C0AC60,2017-10-17T18:00:00+08:00,55.0,95,2.1,25.9,0.88,1007.2,-99,3.0,-99,-99,-99,新北市,06,三峽區,057
24.940806,121.361500,三峽,C0AC60,2017-10-17T19:00:00+08:00,55.0,94,2.1,25.4,0.92,1007.8,-99,3.0,-99,-99,-99,新北市,06,三峽區,057
24.940806,121.361500,三峽,C0AC60,2017-10-17T21:00:00+08:00,55.0,96,1.6,24.8,0.95,1008.4,-99,3.5,-99,-99,-99,新北市,06,三峽區,057
24.940806,121.361500,三峽,C0AC60,2017-10-17T22:00:00+08:00,55.0,70,2.4,24.6,0.95,1008.5,-99,4.0,7.7,62,2017-10-17T21:57:00+08:00,新北市,06,三峽區,057
24.940806,121.361500,三峽,C0AC60,2017-10-17T23:00:00+08:00,55.0,86,1.4,24.3,0.96,1008.6,-99,5.5,6.6,61,2017-10-17T22:24:00+08:00,新北市,06,三峽區,057
24.940806,121.361500,三峽,C0AC60,2017-10-18T00:00:00+08:00,55.0,72,2.6,24.5,0.94,1008.2,-99,6.5,-99,-99,-99,新北市,06,三峽區,057
24.940806,121.361500,三峽,C0AC60,2017-10-18T01:00:00+08:00,55.0,65,1.5,24.2,0.96,1007.8,-99,1.0,7.1,69,2017-10-18T00:51:00+08:00,新北市,06,三峽區,057
24.940806,121.361500,三峽,C0AC60,2017-10-18T02:00:00+08:00,55.0,88,1.2,24.1,0.97,1007.4,-99,1.5,-99,-99,-99,新北市,06,三峽區,057
24.940806,121.361500,三峽,C0AC60,2017-10-18T03:00:00+08:00,55.0,67,0.8,24.3,0.97,1006.9,-99,1.5,-99,-99,-99,新北市,06,三峽區,057
24.940806,121.361500,三峽,C0AC60,2017-10-18T04:00:00+08:00,55.0,0,0.2,24.1,0.97,1006.8,-99,2.0,-99,-99,-99,新北市,06,三峽區,057
24.940806,121.361500,三峽,C0AC60,2017-10-18T05:00:00+08:00,55.0,81,1.1,24.2,0.97,1006.9,-99,2.0,-99,-99,-99,新北市,06,三峽區,057
24.940806,121.361500,三峽,C0AC60,2017-10-18T06:00:00+08:00,55.0,0,0.0,24.4,0.96,1007.3,-99,2.0,-99,-99,-99,新北市,06,三峽區,057
24.940806,121.361500,三峽,C0AC60,2017-10-18T07:00:00+08:00,55.0,80,1.9,24.6,0.96,1007.9,-99,2.0,-99,-99,-99,新北市,06,三峽區,057
24.940806,121.361500,三峽,C0AC60,2017-10-18T08:00:00+08:00,55.0,94,0.6,25.1,0.92,1008.2,-99,2.0,-99,-99,-99,新北市,06,三峽區,057
24.940806,121.361500,三峽,C0AC60,2017-10-18T09:00:00+08:00,55.0,62,1.0,25.9,0.88,1008.4,-99,2.0,-99,-99,-99,新北市,06,三峽區,057
24.940806,121.361500,三峽,C0AC60,2017-10-18T10:00:00+08:00,55.0,74,1.0,25.9,0.89,1008.2,-99,2.0,-99,-99,-99,新北市,06,三峽區,057
24.940806,121.361500,三峽,C0AC60,2017-10-18T11:00:00+08:00,55.0,81,0.9,24.8,0.96,1007.9,-99,2.5,-99,-99,-99,新北市,06,三峽區,057
24.940806,121.361500,三峽,C0AC60,2017-10-18T12:00:00+08:00,55.0,24,0.9,24.6,0.97,1007.3,-99,2.5,-99,-99,-99,新北市,06,三峽區,057
24.940806,121.361500,三峽,C0AC60,2017-10-18T13:00:00+08:00,55.0,85,1.8,24.4,0.98,1006.6,-99,3.5,-99,-99,-99,新北市,06,三峽區,057
24.940806,121.361500,三峽,C0AC60,2017-10-18T14:00:00+08:00,55.0,43,1.1,24.5,0.96,1006.2,-99,4.0,-99,-99,-99,新北市,06,三峽區,057
24.940806,121.361500,三峽,C0AC60,2017-10-18T15:00:00+08:00,55.0,50,1.0,24.8,0.94,1006.1,-99,4.0,-99,-99,-99,新北市,06,三峽區,057
24.940806,121.361500,三峽,C0AC60,2017-10-18T16:00:00+08:00,55.0,93,1.1,24.5,0.97,1006.5,-99,4.0,-99,-99,-99,新北市,06,三峽區,057
24.940806,121.361500,三峽,C0AC60,2017-10-18T17:00:00+08:00,55.0,94,1.1,24.4,0.96,1006.6,-99,4.5,-99,-99,-99,新北市,06,三峽區,057
24.940806,121.361500,三峽,C0AC60,2017-10-18T18:00:00+08:00,55.0,89,1.4,24.3,0.97,1007.0,-99,4.5,-99,-99,-99,新北市,06,三峽區,057
24.940806,121.361500,三峽,C0AC60,2017-10-18T19:00:00+08:00,55.0,77,1.2,24.2,0.97,1007.4,-99,4.5,-99,-99,-99,新北市,06,三峽區,057
24.940806,121.361500,三峽,C0AC60,2017-10-18T20:00:00+08:00,55.0,65,0.4,24.1,0.97,1007.9,-99,4.5,-99,-99,-99,新北市,06,三峽區,057
24.940806,121.361500,三峽,C0AC60,2017-10-18T21:00:00+08:00,55.0,89,0.7,23.9,0.97,1008.1,-99,4.5,-99,-99,-99,新北市,06,三峽區,057
24.940806,121.361500,三峽,C0AC60,2017-10-18T22:00:00+08:00,55.0,100,1.4,23.8,0.95,1008.0,-99,4.5,-99,-99,-99,新北市,06,三峽區,057
24.940806,121.361500,三峽,C0AC60,2017-10-18T23:00:00+08:00,55.0,93,1.2,23.7,0.94,1007.7,-99,4.5,-99,-99,-99,新北市,06,三峽區,057
24.940806,121.361500,三峽,C0AC60,2017-10-19T00:00:00+08:00,55.0,81,0.9,23.9,0.93,1007.2,-99,4.5,-99,-99,-99,新北市,06,三峽區,057
24.940806,121.361500,三峽,C0AC60,2017-10-19T01:00:00+08:00,55.0,91,2.4,24.0,0.89,1006.8,-99,0.0,-99,-99,-99,新北市,06,三峽區,057
24.940806,121.361500,三峽,C0AC60,2017-10-19T02:00:00+08:00,55.0,94,1.5,23.5,0.92,1006.6,-99,0.0,-99,-99,-99,新北市,06,三峽區,057
24.940806,121.361500,三峽,C0AC60,2017-10-19T03:00:00+08:00,55.0,79,1.5,23.3,0.92,1006.0,-99,0.0,-99,-99,-99,新北市,06,三峽區,057
24.940806,121.361500,三峽,C0AC60,2017-10-19T04:00:00+08:00,55.0,85,0.6,22.8,0.96,1005.6,-99,0.0,-99,-99,-99,新北市,06,三峽區,057
24.940806,121.361500,三峽,C0AC60,2017-10-19T05:00:00+08:00,55.0,24,1.0,22.5,0.99,1005.6,-99,0.5,-99,-99,-99,新北市,06,三峽區,057
24.940806,121.361500,三峽,C0AC60,2017-10-19T06:00:00+08:00,55.0,0,0.2,22.6,0.98,1005.7,-99,1.5,-99,-99,-99,新北市,06,三峽區,057
24.940806,121.361500,三峽,C0AC60,2017-10-19T07:00:00+08:00,55.0,84,0.9,22.8,0.99,1006.4,-99,1.5,-99,-99,-99,新北市,06,三峽區,057
24.940806,121.361500,三峽,C0AC60,2017-10-19T08:00:00+08:00,55.0,96,1.2,23.1,0.95,1007.1,-99,2.0,-99,-99,-99,新北市,06,三峽區,057
24.940806,121.361500,三峽,C0AC60,2017-10-19T09:00:00+08:00,55.0,86,1.0,23.1,0.97,1007.5,-99,2.0,-99,-99,-99,新北市,06,三峽區,057
24.940806,121.361500,三峽,C0AC60,2017-10-19T10:00:00+08:00,55.0,78,1.4,23.5,0.97,1007.3,-99,2.0,-99,-99,-99,新北市,06,三峽區,057
24.940806,121.361500,三峽,C0AC60,2017-10-19T11:00:00+08:00,55.0,75,1.1,23.8,0.97,1006.7,-99,2.5,-99,-99,-99,新北市,06,三峽區,057
24.940806,121.361500,三峽,C0AC60,2017-10-19T12:00:00+08:00,55.0,91,1.2,24.4,0.97,1005.9,-99,2.5,-99,-99,-99,新北市,06,三峽區,057
24.940806,121.361500,三峽,C0AC60,2017-10-19T13:00:00+08:00,55.0,91,2.2,24.5,0.93,1005.2,-99,2.5,-99,-99,-99,新北市,06,三峽區,057
24.940806,121.361500,三峽,C0AC60,2017-10-19T15:00:00+08:00,55.0,84,0.5,24.6,0.91,1004.6,-99,2.5,-99,-99,-99,新北市,06,三峽區,057
24.940806,121.361500,三峽,C0AC60,2017-10-19T16:00:00+08:00,55.0,73,0.6,23.8,0.97,1004.7,-99,4.0,6.6,65,2017-10-19T15:11:00+08:00,新北市,06,三峽區,057
24.940806,121.361500,三峽,C0AC60,2017-10-19T17:00:00+08:00,55.0,0,0.0,23.7,0.98,1004.7,-99,4.5,-99,-99,-99,新北市,06,三峽區,057
24.940806,121.361500,三峽,C0AC60,2017-10-19T18:00:00+08:00,55.0,87,1.0,23.5,0.98,1004.9,-99,5.5,-99,-99,-99,新北市,06,三峽區,057
24.940806,121.361500,三峽,C0AC60,2017-10-19T19:00:00+08:00,55.0,81,0.7,24.0,0.93,1005.1,-99,5.5,-99,-99,-99,新北市,06,三峽區,057
24.940806,121.361500,三峽,C0AC60,2017-10-19T20:00:00+08:00,55.0,91,0.7,23.6,0.96,1005.8,-99,6.5,-99,-99,-99,新北市,06,三峽區,057
24.940806,121.361500,三峽,C0AC60,2017-10-19T21:00:00+08:00,55.0,96,1.0,23.3,0.98,1005.9,-99,7.5,-99,-99,-99,新北市,06,三峽區,057
24.940806,121.361500,三峽,C0AC60,2017-10-19T22:00:00+08:00,55.0,92,0.8,23.3,0.98,1006.1,-99,9.5,-99,-99,-99,新北市,06,三峽區,057
24.940806,121.361500,三峽,C0AC60,2017-10-19T23:00:00+08:00,55.0,94,1.1,22.9,0.99,1006.0,-99,12.5,-99,-99,-99,新北市,06,三峽區,057
24.940806,121.361500,三峽,C0AC60,2017-10-20T00:00:00+08:00,55.0,84,1.7,22.9,0.99,1005.9,-99,14.0,-99,-99,-99,新北市,06,三峽區,057
24.940806,121.361500,三峽,C0AC60,2017-10-20T01:00:00+08:00,55.0,87,0.5,22.6,1,1005.5,-99,2.0,-99,-99,-99,新北市,06,三峽區,057
24.940806,121.361500,三峽,C0AC60,2017-10-20T02:00:00+08:00,55.0,92,1.2,22.7,0.99,1005.0,-99,2.5,-99,-99,-99,新北市,06,三峽區,057
24.940806,121.361500,三峽,C0AC60,2017-10-20T03:00:00+08:00,55.0,96,1.9,23.2,0.92,1004.6,-99,2.5,-99,-99,-99,新北市,06,三峽區,057
24.940806,121.361500,三峽,C0AC60,2017-10-20T04:00:00+08:00,55.0,83,0.9,23.3,0.89,1004.6,-99,2.5,-99,-99,-99,新北市,06,三峽區,057
24.940806,121.361500,三峽,C0AC60,2017-10-20T05:00:00+08:00,55.0,103,1.1,22.4,0.95,1005.1,-99,2.5,-99,-99,-99,新北市,06,三峽區,057
24.940806,121.361500,三峽,C0AC60,2017-10-20T06:00:00+08:00,55.0,91,1.2,22.8,0.91,1005.6,-99,2.5,-99,-99,-99,新北市,06,三峽區,057
24.940806,121.361500,三峽,C0AC60,2017-10-20T07:00:00+08:00,55.0,101,1.9,22.7,0.91,1006.4,-99,3.0,-99,-99,-99,新北市,06,三峽區,057
24.940806,121.361500,三峽,C0AC60,2017-10-20T08:00:00+08:00,55.0,92,1.4,22.7,0.88,1006.7,-99,3.0,-99,-99,-99,新北市,06,三峽區,057
24.940806,121.361500,三峽,C0AC60,2017-10-20T09:00:00+08:00,55.0,93,0.9,22.1,0.96,1006.9,-99,3.5,-99,-99,-99,新北市,06,三峽區,057
24.940806,121.361500,三峽,C0AC60,2017-10-20T10:00:00+08:00,55.0,91,2.4,22.2,0.96,1007.0,-99,4.5,-99,-99,-99,新北市,06,三峽區,057
24.940806,121.361500,三峽,C0AC60,2017-10-20T11:00:00+08:00,55.0,92,1.0,24.0,0.86,1006.4,-99,4.5,-99,-99,-99,新北市,06,三峽區,057
24.940806,121.361500,三峽,C0AC60,2017-10-20T12:00:00+08:00,55.0,40,0.5,22.9,0.91,1005.8,-99,5.0,-99,-99,-99,新北市,06,三峽區,057
24.940806,121.361500,三峽,C0AC60,2017-10-20T13:00:00+08:00,55.0,0,0.0,23.1,0.92,1005.0,-99,5.0,-99,-99,-99,新北市,06,三峽區,057
24.940806,121.361500,三峽,C0AC60,2017-10-20T14:00:00+08:00,55.0,40,0.7,22.6,0.92,1004.7,-99,5.0,-99,-99,-99,新北市,06,三峽區,057
24.940806,121.361500,三峽,C0AC60,2017-10-20T15:00:00+08:00,55.0,0,0.2,22.8,0.88,1004.8,-99,5.5,-99,-99,-99,新北市,06,三峽區,057
24.940806,121.361500,三峽,C0AC60,2017-10-20T16:00:00+08:00,55.0,0,0.0,22.5,0.92,1005.0,-99,5.5,-99,-99,-99,新北市,06,三峽區,057
24.940806,121.361500,三峽,C0AC60,2017-10-20T17:00:00+08:00,55.0,99,1.2,21.8,0.97,1005.1,-99,5.5,-99,-99,-99,新北市,06,三峽區,057
24.940806,121.361500,三峽,C0AC60,2017-10-20T18:00:00+08:00,55.0,91,0.8,21.5,0.99,1005.2,-99,6.0,-99,-99,-99,新北市,06,三峽區,057
24.940806,121.361500,三峽,C0AC60,2017-10-20T19:00:00+08:00,55.0,84,0.8,21.5,0.99,1005.7,-99,6.5,-99,-99,-99,新北市,06,三峽區,057
24.940806,121.361500,三峽,C0AC60,2017-10-20T21:00:00+08:00,55.0,94,0.5,21.2,0.99,1006.9,-99,8.5,-99,-99,-99,新北市,06,三峽區,057
24.940806,121.361500,三峽,C0AC60,2017-10-20T22:00:00+08:00,55.0,212,0.4,21.3,0.98,1006.7,-99,8.5,-99,-99,-99,新北市,06,三峽區,057
24.940806,121.361500,三峽,C0AC60,2017-10-20T23:00:00+08:00,55.0,0,0.0,21.2,0.98,1006.6,-99,8.5,-99,-99,-99,新北市,06,三峽區,057
24.940806,121.361500,三峽,C0AC60,2017-10-21T00:00:00+08:00,55.0,135,0.4,20.8,0.98,1006.3,-99,9.0,-99,-99,-99,新北市,06,三峽區,057
24.940806,121.361500,三峽,C0AC60,2017-10-21T01:00:00+08:00,55.0,0,0.0,20.6,0.98,1006.0,-99,0.5,-99,-99,-99,新北市,06,三峽區,057
24.940806,121.361500,三峽,C0AC60,2017-10-21T02:00:00+08:00,55.0,0,0.1,20.3,0.98,1005.5,-99,1.0,-99,-99,-99,新北市,06,三峽區,057
24.940806,121.361500,三峽,C0AC60,2017-10-21T03:00:00+08:00,55.0,0,0.0,20.6,0.92,1005.2,-99,1.0,-99,-99,-99,新北市,06,三峽區,057
24.940806,121.361500,三峽,C0AC60,2017-10-21T04:00:00+08:00,55.0,176,0.5,20.4,0.93,1005.1,-99,1.0,-99,-99,-99,新北市,06,三峽區,057
24.940806,121.361500,三峽,C0AC60,2017-10-21T05:00:00+08:00,55.0,185,0.3,19.7,0.98,1005.2,-99,1.0,-99,-99,-99,新北市,06,三峽區,057
24.940806,121.361500,三峽,C0AC60,2017-10-21T06:00:00+08:00,55.0,0,0.0,19.7,0.99,1005.6,-99,1.5,-99,-99,-99,新北市,06,三峽區,057
24.940806,121.361500,三峽,C0AC60,2017-10-21T07:00:00+08:00,55.0,196,0.6,19.8,0.99,1006.2,-99,1.5,-99,-99,-99,新北市,06,三峽區,057
24.940806,121.361500,三峽,C0AC60,2017-10-21T08:00:00+08:00,55.0,202,0.7,20.2,0.98,1006.6,-99,1.5,-99,-99,-99,新北市,06,三峽區,057
24.940806,121.361500,三峽,C0AC60,2017-10-21T09:00:00+08:00,55.0,0,0.1,21.0,0.9,1007.3,-99,2.0,-99,-99,-99,新北市,06,三峽區,057
24.940806,121.361500,三峽,C0AC60,2017-10-21T10:00:00+08:00,55.0,0,0.1,21.4,0.86,1007.3,-99,2.0,-99,-99,-99,新北市,06,三峽區,057
24.940806,121.361500,三峽,C0AC60,2017-10-21T11:00:00+08:00,55.0,49,0.9,22.2,0.84,1006.7,-99,2.0,-99,-99,-99,新北市,06,三峽區,057
24.940806,121.361500,三峽,C0AC60,2017-10-21T12:00:00+08:00,55.0,35,2.3,22.8,0.75,1006.3,-99,2.0,7.7,36,2017-10-21T11:53:00+08:00,新北市,06,三峽區,057
24.940806,121.361500,三峽,C0AC60,2017-10-21T13:00:00+08:00,55.0,23,1.0,22.7,0.75,1005.7,-99,2.0,9.3,52,2017-10-21T12:39:00+08:00,新北市,06,三峽區,057
24.940806,121.361500,三峽,C0AC60,2017-10-21T14:00:00+08:00,55.0,44,2.6,22.9,0.74,1005.3,-99,2.0,8.2,70,2017-10-21T14:00:00+08:00,新北市,06,三峽區,057
24.940806,121.361500,三峽,C0AC60,2017-10-21T15:00:00+08:00,55.0,43,2.5,22.7,0.75,1005.2,-99,2.0,7.7,27,2017-10-21T14:11:00+08:00,新北市,06,三峽區,057
24.940806,121.361500,三峽,C0AC60,2017-10-21T16:00:00+08:00,55.0,47,1.3,22.3,0.76,1005.2,-99,2.0,8.8,56,2017-10-21T15:04:00+08:00,新北市,06,三峽區,057
24.940806,121.361500,三峽,C0AC60,2017-10-21T17:00:00+08:00,55.0,37,1.2,22.5,0.72,1005.6,-99,2.0,-99,-99,-99,新北市,06,三峽區,057
24.940806,121.361500,三峽,C0AC60,2017-10-21T18:00:00+08:00,55.0,30,1.9,22.3,0.69,1005.7,-99,2.0,-99,-99,-99,新北市,06,三峽區,057
24.940806,121.361500,三峽,C0AC60,2017-10-21T19:00:00+08:00,55.0,37,1.2,22.3,0.68,1006.0,-99,2.0,-99,-99,-99,新北市,06,三峽區,057
24.940806,121.361500,三峽,C0AC60,2017-10-21T20:00:00+08:00,55.0,23,1.1,22.1,0.59,1006.6,-99,2.0,-99,-99,-99,新北市,06,三峽區,057
24.940806,121.361500,三峽,C0AC60,2017-10-21T21:00:00+08:00,55.0,42,0.8,22.0,0.54,1006.5,-99,2.0,7.7,62,2017-10-21T20:18:00+08:00,新北市,06,三峽區,057
24.940806,121.361500,三峽,C0AC60,2017-10-21T22:00:00+08:00,55.0,78,0.5,21.9,0.56,1006.3,-99,2.0,-99,-99,-99,新北市,06,三峽區,057
24.940806,121.361500,三峽,C0AC60,2017-10-21T23:00:00+08:00,55.0,11,0.6,21.6,0.54,1006.2,-99,2.0,-99,-99,-99,新北市,06,三峽區,057
24.940806,121.361500,三峽,C0AC60,2017-10-22T00:00:00+08:00,55.0,0,0.0,21.5,0.54,1006.2,-99,2.0,-99,-99,-99,新北市,06,三峽區,057
24.940806,121.361500,三峽,C0AC60,2017-10-22T01:00:00+08:00,55.0,199,0.6,20.1,0.73,1006.0,-99,0.0,-99,-99,-99,新北市,06,三峽區,057
24.940806,121.361500,三峽,C0AC60,2017-10-22T02:00:00+08:00,55.0,197,1.3,19.6,0.76,1005.9,-99,0.0,-99,-99,-99,新北市,06,三峽區,057
24.940806,121.361500,三峽,C0AC60,2017-10-22T03:00:00+08:00,55.0,215,0.6,19.5,0.78,1005.4,-99,0.0,-99,-99,-99,新北市,06,三峽區,057
24.940806,121.361500,三峽,C0AC60,2017-10-22T04:00:00+08:00,55.0,0,0.1,19.4,0.8,1005.4,-99,0.0,-99,-99,-99,新北市,06,三峽區,057
24.940806,121.361500,三峽,C0AC60,2017-10-22T05:00:00+08:00,55.0,203,0.6,19.2,0.8,1005.7,-99,0.0,-99,-99,-99,新北市,06,三峽區,057
24.940806,121.361500,三峽,C0AC60,2017-10-22T06:00:00+08:00,55.0,200,2.0,19.0,0.8,1006.2,-99,0.0,-99,-99,-99,新北市,06,三峽區,057
24.940806,121.361500,三峽,C0AC60,2017-10-22T07:00:00+08:00,55.0,160,1.4,19.2,0.8,1006.6,-99,0.0,-99,-99,-99,新北市,06,三峽區,057
24.940806,121.361500,三峽,C0AC60,2017-10-22T08:00:00+08:00,55.0,195,0.6,19.8,0.78,1007.0,-99,0.0,-99,-99,-99,新北市,06,三峽區,057
24.940806,121.361500,三峽,C0AC60,2017-10-22T09:00:00+08:00,55.0,54,1.1,21.7,0.63,1007.3,-99,0.0,-99,-99,-99,新北市,06,三峽區,057
24.940806,121.361500,三峽,C0AC60,2017-10-22T10:00:00+08:00,55.0,40,2.0,22.4,0.6,1007.1,-99,0.0,-99,-99,-99,新北市,06,三峽區,057
24.940806,121.361500,三峽,C0AC60,2017-10-22T11:00:00+08:00,55.0,29,1.3,22.3,0.62,1006.7,-99,0.0,-99,-99,-99,新北市,06,三峽區,057
24.940806,121.361500,三峽,C0AC60,2017-10-22T12:00:00+08:00,55.0,12,1.8,22.4,0.58,1006.1,-99,0.0,7.1,54,2017-10-22T11:13:00+08:00,新北市,06,三峽區,057
24.940806,121.361500,三峽,C0AC60,2017-10-22T13:00:00+08:00,55.0,15,1.3,22.6,0.57,1005.4,-99,0.0,7.1,68,2017-10-22T12:03:00+08:00,新北市,06,三峽區,057
24.940806,121.361500,三峽,C0AC60,2017-10-22T14:00:00+08:00,55.0,44,1.6,23.5,0.52,1005.0,-99,0.0,-99,-99,-99,新北市,06,三峽區,057
24.940806,121.361500,三峽,C0AC60,2017-10-22T15:00:00+08:00,55.0,47,1.0,23.4,0.5,1005.1,-99,0.0,-99,-99,-99,新北市,06,三峽區,057
24.940806,121.361500,三峽,C0AC60,2017-10-22T16:00:00+08:00,55.0,51,1.3,23.1,0.5,1005.6,-99,0.0,-99,-99,-99,新北市,06,三峽區,057
24.940806,121.361500,三峽,C0AC60,2017-10-22T17:00:00+08:00,55.0,46,0.8,21.7,0.58,1006.1,-99,0.0,-99,-99,-99,新北市,06,三峽區,057
24.940806,121.361500,三峽,C0AC60,2017-10-22T18:00:00+08:00,55.0,56,0.3,20.7,0.6,1006.8,-99,0.0,-99,-99,-99,新北市,06,三峽區,057
24.940806,121.361500,三峽,C0AC60,2017-10-22T19:00:00+08:00,55.0,105,0.4,19.6,0.71,1007.9,-99,0.0,-99,-99,-99,新北市,06,三峽區,057
24.940806,121.361500,三峽,C0AC60,2017-10-22T20:00:00+08:00,55.0,155,2.2,18.3,0.8,1008.5,-99,0.0,-99,-99,-99,新北市,06,三峽區,057
24.940806,121.361500,三峽,C0AC60,2017-10-22T21:00:00+08:00,55.0,160,1.8,17.8,0.82,1008.7,-99,0.0,9.3,78,2017-10-22T20:16:00+08:00,新北市,06,三峽區,057
24.940806,121.361500,三峽,C0AC60,2017-10-22T22:00:00+08:00,55.0,152,1.4,17.6,0.8,1008.8,-99,0.0,-99,-99,-99,新北市,06,三峽區,057
24.940806,121.361500,三峽,C0AC60,2017-10-22T23:00:00+08:00,55.0,145,1.5,17.7,0.8,1008.8,-99,0.0,-99,-99,-99,新北市,06,三峽區,057
24.940806,121.361500,三峽,C0AC60,2017-10-23T00:00:00+08:00,55.0,153,2.6,17.9,0.79,1008.7,-99,0.0,-99,-99,-99,新北市,06,三峽區,057
24.940806,121.361500,三峽,C0AC60,2017-10-23T01:00:00+08:00,55.0,155,1.2,17.9,0.81,1008.4,-99,0.0,-99,-99,-99,新北市,06,三峽區,057
24.940806,121.361500,三峽,C0AC60,2017-10-23T02:00:00+08:00,55.0,0,0.1,18.3,0.79,1008.4,-99,0.0,-99,-99,-99,新北市,06,三峽區,057
24.940806,121.361500,三峽,C0AC60,2017-10-23T03:00:00+08:00,55.0,161,0.5,17.8,0.84,1008.4,-99,0.0,-99,-99,-99,新北市,06,三峽區,057
24.940806,121.361500,三峽,C0AC60,2017-10-23T04:00:00+08:00,55.0,158,0.9,17.9,0.82,1008.6,-99,0.0,-99,-99,-99,新北市,06,三峽區,057
24.940806,121.361500,三峽,C0AC60,2017-10-23T05:00:00+08:00,55.0,126,0.4,17.7,0.84,1008.7,-99,0.0,-99,-99,-99,新北市,06,三峽區,057
24.940806,121.361500,三峽,C0AC60,2017-10-23T06:00:00+08:00,55.0,153,1.6,17.7,0.85,1009.7,-99,0.0,-99,-99,-99,新北市,06,三峽區,057
24.940806,121.361500,三峽,C0AC60,2017-10-23T07:00:00+08:00,55.0,147,0.6,18.0,0.85,1010.1,-99,0.0,-99,-99,-99,新北市,06,三峽區,057
24.940806,121.361500,三峽,C0AC60,2017-10-23T08:00:00+08:00,55.0,90,0.8,19.6,0.79,1010.7,-99,0.0,-99,-99,-99,新北市,06,三峽區,057
24.940806,121.361500,三峽,C0AC60,2017-10-23T09:00:00+08:00,55.0,0,0.2,21.1,0.77,1011.4,-99,0.0,-99,-99,-99,新北市,06,三峽區,057
24.940806,121.361500,三峽,C0AC60,2017-10-23T10:00:00+08:00,55.0,90,1.7,23.3,0.65,1011.5,-99,0.0,-99,-99,-99,新北市,06,三峽區,057
24.940806,121.361500,三峽,C0AC60,2017-10-23T11:00:00+08:00,55.0,51,0.9,21.7,0.74,1011.5,-99,0.0,-99,-99,-99,新北市,06,三峽區,057
24.940806,121.361500,三峽,C0AC60,2017-10-23T12:00:00+08:00,55.0,67,1.7,23.6,0.63,1010.8,-99,0.0,-99,-99,-99,新北市,06,三峽區,057
24.940806,121.361500,三峽,C0AC60,2017-10-23T13:00:00+08:00,55.0,98,1.8,25.2,0.54,1009.8,-99,0.0,-99,-99,-99,新北市,06,三峽區,057
24.940806,121.361500,三峽,C0AC60,2017-10-23T14:00:00+08:00,55.0,93,1.5,25.4,0.53,1009.6,-99,0.0,7.7,59,2017-10-23T13:31:00+08:00,新北市,06,三峽區,057
24.940806,121.361500,三峽,C0AC60,2017-10-23T15:00:00+08:00,55.0,83,2.1,24.9,0.56,1009.9,-99,0.0,8.8,54,2017-10-23T14:38:00+08:00,新北市,06,三峽區,057
24.940806,121.361500,三峽,C0AC60,2017-10-23T16:00:00+08:00,55.0,74,2.5,24.5,0.57,1010.2,-99,0.0,-99,-99,-99,新北市,06,三峽區,057
24.940806,121.361500,三峽,C0AC60,2017-10-23T17:00:00+08:00,55.0,94,2.1,22.9,0.67,1010.7,-99,0.0,-99,-99,-99,新北市,06,三峽區,057
24.940806,121.361500,三峽,C0AC60,2017-10-23T18:00:00+08:00,55.0,95,1.4,22.1,0.7,1011.3,-99,0.0,-99,-99,-99,新北市,06,三峽區,057
24.940806,121.361500,三峽,C0AC60,2017-10-23T19:00:00+08:00,55.0,97,1.2,21.9,0.72,1012.1,-99,0.0,-99,-99,-99,新北市,06,三峽區,057
24.940806,121.361500,三峽,C0AC60,2017-10-23T20:00:00+08:00,55.0,94,1.4,21.8,0.73,1012.7,-99,0.0,-99,-99,-99,新北市,06,三峽區,057
24.940806,121.361500,三峽,C0AC60,2017-10-23T21:00:00+08:00,55.0,93,0.8,21.6,0.74,1013.0,-99,0.0,-99,-99,-99,新北市,06,三峽區,057
24.940806,121.361500,三峽,C0AC60,2017-10-23T22:00:00+08:00,55.0,92,0.3,21.4,0.75,1013.0,-99,0.0,-99,-99,-99,新北市,06,三峽區,057
24.940806,121.361500,三峽,C0AC60,2017-10-23T23:00:00+08:00,55.0,88,0.5,21.2,0.75,1013.0,-99,0.0,-99,-99,-99,新北市,06,三峽區,057
24.940806,121.361500,三峽,C0AC60,2017-10-24T00:00:00+08:00,55.0,0,0.2,21.0,0.75,1012.8,-99,0.0,-99,-99,-99,新北市,06,三峽區,057
24.940806,121.361500,三峽,C0AC60,2017-10-24T01:00:00+08:00,55.0,91,0.8,21.3,0.72,1012.7,-99,0.0,-99,-99,-99,新北市,06,三峽區,057
24.940806,121.361500,三峽,C0AC60,2017-10-24T02:00:00+08:00,55.0,89,1.5,21.2,0.73,1012.4,-99,0.0,-99,-99,-99,新北市,06,三峽區,057
24.940806,121.361500,三峽,C0AC60,2017-10-24T03:00:00+08:00,55.0,79,0.7,20.6,0.76,1012.6,-99,0.0,-99,-99,-99,新北市,06,三峽區,057
24.940806,121.361500,三峽,C0AC60,2017-10-24T04:00:00+08:00,55.0,0,0.1,20.3,0.77,1012.8,-99,0.0,-99,-99,-99,新北市,06,三峽區,057
24.940806,121.361500,三峽,C0AC60,2017-10-24T05:00:00+08:00,55.0,0,0.0,19.9,0.81,1013.2,-99,0.0,-99,-99,-99,新北市,06,三峽區,057
24.940806,121.361500,三峽,C0AC60,2017-10-24T06:00:00+08:00,55.0,0,0.0,20.1,0.8,1013.9,-99,0.0,-99,-99,-99,新北市,06,三峽區,057
24.940806,121.361500,三峽,C0AC60,2017-10-24T07:00:00+08:00,55.0,89,0.9,20.5,0.8,1014.6,-99,0.0,-99,-99,-99,新北市,06,三峽區,057
24.940806,121.361500,三峽,C0AC60,2017-10-24T08:00:00+08:00,55.0,90,0.9,23.2,0.69,1015.2,-99,0.0,-99,-99,-99,新北市,06,三峽區,057
24.940806,121.361500,三峽,C0AC60,2017-10-24T09:00:00+08:00,55.0,65,2.0,23.1,0.71,1015.5,-99,0.0,-99,-99,-99,新北市,06,三峽區,057
24.940806,121.361500,三峽,C0AC60,2017-10-24T10:00:00+08:00,55.0,77,1.0,21.9,0.81,1015.4,-99,0.0,7.7,90,2017-10-24T09:38:00+08:00,新北市,06,三峽區,057
24.940806,121.361500,三峽,C0AC60,2017-10-24T11:00:00+08:00,55.0,99,1.0,21.7,0.85,1014.8,-99,0.0,-99,-99,-99,新北市,06,三峽區,057
24.940806,121.361500,三峽,C0AC60,2017-10-24T12:00:00+08:00,55.0,97,2.2,21.9,0.84,1014.1,-99,0.0,-99,-99,-99,新北市,06,三峽區,057
24.940806,121.361500,三峽,C0AC60,2017-10-24T13:00:00+08:00,55.0,94,1.6,23.2,0.76,1013.5,-99,0.0,-99,-99,-99,新北市,06,三峽區,057
24.940806,121.361500,三峽,C0AC60,2017-10-24T14:00:00+08:00,55.0,97,1.8,23.8,0.74,1013.1,-99,0.0,7.1,58,2017-10-24T13:53:00+08:00,新北市,06,三峽區,057
24.940806,121.361500,三峽,C0AC60,2017-10-24T15:00:00+08:00,55.0,93,2.3,23.1,0.78,1013.1,-99,0.0,-99,-99,-99,新北市,06,三峽區,057
24.940806,121.361500,三峽,C0AC60,2017-10-24T16:00:00+08:00,55.0,95,2.6,22.9,0.76,1013.3,-99,0.0,-99,-99,-99,新北市,06,三峽區,057
24.940806,121.361500,三峽,C0AC60,2017-10-24T17:00:00+08:00,55.0,92,2.0,22.4,0.76,1013.5,-99,0.0,-99,-99,-99,新北市,06,三峽區,057
24.940806,121.361500,三峽,C0AC60,2017-10-24T18:00:00+08:00,55.0,97,1.9,22.0,0.77,1013.8,-99,0.0,-99,-99,-99,新北市,06,三峽區,057
24.940806,121.361500,三峽,C0AC60,2017-10-24T19:00:00+08:00,55.0,97,1.8,21.9,0.78,1014.5,-99,0.0,8.2,88,2017-10-24T18:09:00+08:00,新北市,06,三峽區,057
24.940806,121.361500,三峽,C0AC60,2017-10-24T20:00:00+08:00,55.0,108,1.9,21.6,0.81,1015.0,-99,0.0,-99,-99,-99,新北市,06,三峽區,057
24.940806,121.361500,三峽,C0AC60,2017-10-24T21:00:00+08:00,55.0,98,1.0,21.3,0.82,1014.9,-99,0.0,-99,-99,-99,新北市,06,三峽區,057
24.940806,121.361500,三峽,C0AC60,2017-10-24T22:00:00+08:00,55.0,95,1.5,21.3,0.8,1014.8,-99,0.0,7.1,87,2017-10-24T21:32:00+08:00,新北市,06,三峽區,057
24.940806,121.361500,三峽,C0AC60,2017-10-24T23:00:00+08:00,55.0,90,1.9,21.5,0.78,1014.7,-99,0.0,-99,-99,-99,新北市,06,三峽區,057
24.940806,121.361500,三峽,C0AC60,2017-10-25T00:00:00+08:00,55.0,98,2.1,21.4,0.77,1014.6,-99,0.0,-99,-99,-99,新北市,06,三峽區,057
24.940806,121.361500,三峽,C0AC60,2017-10-25T01:00:00+08:00,55.0,97,1.6,21.6,0.76,1014.5,-99,0.0,-99,-99,-99,新北市,06,三峽區,057
24.940806,121.361500,三峽,C0AC60,2017-10-25T02:00:00+08:00,55.0,96,1.4,21.5,0.76,1014.2,-99,0.0,6.6,102,2017-10-25T01:33:00+08:00,新北市,06,三峽區,057
24.940806,121.361500,三峽,C0AC60,2017-10-25T03:00:00+08:00,55.0,97,1.6,21.4,0.76,1013.7,-99,0.0,-99,-99,-99,新北市,06,三峽區,057
24.940806,121.361500,三峽,C0AC60,2017-10-25T04:00:00+08:00,55.0,92,1.9,21.4,0.76,1013.5,-99,0.0,-99,-99,-99,新北市,06,三峽區,057
24.940806,121.361500,三峽,C0AC60,2017-10-25T05:00:00+08:00,55.0,98,1.1,21.4,0.76,1013.7,-99,0.0,-99,-99,-99,新北市,06,三峽區,057
24.940806,121.361500,三峽,C0AC60,2017-10-25T06:00:00+08:00,55.0,93,1.5,21.4,0.76,1014.4,-99,0.0,-99,-99,-99,新北市,06,三峽區,057
24.940806,121.361500,三峽,C0AC60,2017-10-25T07:00:00+08:00,55.0,95,1.9,21.6,0.75,1014.7,-99,0.0,6.6,87,2017-10-25T06:23:00+08:00,新北市,06,三峽區,057
24.940806,121.361500,三峽,C0AC60,2017-10-25T08:00:00+08:00,55.0,95,2.5,22.0,0.74,1015.2,-99,0.0,-99,-99,-99,新北市,06,三峽區,057
24.940806,121.361500,三峽,C0AC60,2017-10-25T09:00:00+08:00,55.0,97,2.2,22.6,0.71,1015.3,-99,0.0,-99,-99,-99,新北市,06,三峽區,057
24.940806,121.361500,三峽,C0AC60,2017-10-25T10:00:00+08:00,55.0,96,2.1,23.7,0.67,1014.9,-99,0.0,-99,-99,-99,新北市,06,三峽區,057
24.940806,121.361500,三峽,C0AC60,2017-10-25T11:00:00+08:00,55.0,92,3.2,24.5,0.61,1014.1,-99,0.0,9.3,94,2017-10-25T10:25:00+08:00,新北市,06,三峽區,057
24.940806,121.361500,三峽,C0AC60,2017-10-25T12:00:00+08:00,55.0,91,2.5,25.3,0.56,1013.2,-99,0.0,9.9,88,2017-10-25T11:32:00+08:00,新北市,06,三峽區,057
24.940806,121.361500,三峽,C0AC60,2017-10-25T13:00:00+08:00,55.0,84,3.3,25.7,0.56,1012.4,-99,0.0,9.3,88,2017-10-25T12:15:00+08:00,新北市,06,三峽區,057
24.940806,121.361500,三峽,C0AC60,2017-10-25T14:00:00+08:00,55.0,95,2.9,25.8,0.54,1011.9,-99,0.0,-99,-99,-99,新北市,06,三峽區,057
24.940806,121.361500,三峽,C0AC60,2017-10-25T15:00:00+08:00,55.0,90,2.2,25.8,0.55,1011.8,-99,0.0,7.1,79,2017-10-25T14:11:00+08:00,新北市,06,三峽區,057
24.940806,121.361500,三峽,C0AC60,2017-10-25T16:00:00+08:00,55.0,91,2.4,25.4,0.58,1012.0,-99,0.0,-99,-99,-99,新北市,06,三峽區,057
24.940806,121.361500,三峽,C0AC60,2017-10-25T17:00:00+08:00,55.0,95,2.4,23.9,0.65,1012.2,-99,0.0,-99,-99,-99,新北市,06,三峽區,057
24.940806,121.361500,三峽,C0AC60,2017-10-25T18:00:00+08:00,55.0,94,1.2,22.9,0.69,1012.4,-99,0.0,-99,-99,-99,新北市,06,三峽區,057
24.940806,121.361500,三峽,C0AC60,2017-10-25T19:00:00+08:00,55.0,97,1.5,22.5,0.71,1012.8,-99,0.0,-99,-99,-99,新北市,06,三峽區,057
24.940806,121.361500,三峽,C0AC60,2017-10-25T20:00:00+08:00,55.0,93,1.6,22.4,0.69,1013.0,-99,0.0,-99,-99,-99,新北市,06,三峽區,057
24.940806,121.361500,三峽,C0AC60,2017-10-25T21:00:00+08:00,55.0,97,1.1,22.2,0.7,1012.9,-99,0.0,-99,-99,-99,新北市,06,三峽區,057
24.940806,121.361500,三峽,C0AC60,2017-10-25T22:00:00+08:00,55.0,92,1.9,22.3,0.69,1012.6,-99,0.0,-99,-99,-99,新北市,06,三峽區,057
24.940806,121.361500,三峽,C0AC60,2017-10-25T23:00:00+08:00,55.0,86,1.8,22.1,0.7,1012.3,-99,0.0,-99,-99,-99,新北市,06,三峽區,057
24.940806,121.361500,三峽,C0AC60,2017-10-26T00:00:00+08:00,55.0,95,1.6,22.0,0.69,1011.9,-99,0.0,-99,-99,-99,新北市,06,三峽區,057
24.940806,121.361500,三峽,C0AC60,2017-10-26T01:00:00+08:00,55.0,92,2.2,21.9,0.68,1011.3,-99,0.0,-99,-99,-99,新北市,06,三峽區,057
24.940806,121.361500,三峽,C0AC60,2017-10-26T02:00:00+08:00,55.0,83,1.0,21.1,0.71,1010.7,-99,0.0,-99,-99,-99,新北市,06,三峽區,057
24.940806,121.361500,三峽,C0AC60,2017-10-26T03:00:00+08:00,55.0,64,0.4,20.7,0.73,1010.5,-99,0.0,-99,-99,-99,新北市,06,三峽區,057
24.940806,121.361500,三峽,C0AC60,2017-10-26T04:00:00+08:00,55.0,54,1.0,20.6,0.72,1010.6,-99,0.0,-99,-99,-99,新北市,06,三峽區,057
24.940806,121.361500,三峽,C0AC60,2017-10-26T05:00:00+08:00,55.0,96,1.3,20.6,0.71,1010.4,-99,0.0,-99,-99,-99,新北市,06,三峽區,057
24.940806,121.361500,三峽,C0AC60,2017-10-26T06:00:00+08:00,55.0,82,2.1,21.3,0.7,1010.7,-99,0.0,-99,-99,-99,新北市,06,三峽區,057
24.940806,121.361500,三峽,C0AC60,2017-10-26T07:00:00+08:00,55.0,64,1.3,21.4,0.72,1011.5,-99,0.0,-99,-99,-99,新北市,06,三峽區,057
24.940806,121.361500,三峽,C0AC60,2017-10-26T08:00:00+08:00,55.0,99,1.9,23.3,0.64,1011.6,-99,0.0,-99,-99,-99,新北市,06,三峽區,057
24.940806,121.361500,三峽,C0AC60,2017-10-26T09:00:00+08:00,55.0,98,1.8,24.3,0.61,1012.0,-99,0.0,7.7,95,2017-10-26T08:25:00+08:00,新北市,06,三峽區,057
24.940806,121.361500,三峽,C0AC60,2017-10-26T10:00:00+08:00,55.0,92,2.5,25.1,0.6,1011.7,-99,0.0,-99,-99,-99,新北市,06,三峽區,057
24.940806,121.361500,三峽,C0AC60,2017-10-26T11:00:00+08:00,55.0,93,2.6,25.3,0.58,1010.8,-99,0.0,-99,-99,-99,新北市,06,三峽區,057
24.940806,121.361500,三峽,C0AC60,2017-10-26T12:00:00+08:00,55.0,99,1.4,25.6,0.54,1010.0,-99,0.0,8.8,91,2017-10-26T11:36:00+08:00,新北市,06,三峽區,057
24.940806,121.361500,三峽,C0AC60,2017-10-26T13:00:00+08:00,55.0,92,2.4,26.8,0.51,1008.9,-99,0.0,-99,-99,-99,新北市,06,三峽區,057
24.940806,121.361500,三峽,C0AC60,2017-10-26T14:00:00+08:00,55.0,84,3.0,26.6,0.53,1008.2,-99,0.0,9.3,73,2017-10-26T13:27:00+08:00,新北市,06,三峽區,057
24.940806,121.361500,三峽,C0AC60,2017-10-26T15:00:00+08:00,55.0,93,2.3,25.3,0.57,1008.3,-99,0.0,8.2,63,2017-10-26T14:36:00+08:00,新北市,06,三峽區,057
24.940806,121.361500,三峽,C0AC60,2017-10-26T16:00:00+08:00,55.0,99,1.8,24.8,0.6,1008.3,-99,0.0,-99,-99,-99,新北市,06,三峽區,057
24.940806,121.361500,三峽,C0AC60,2017-10-26T17:00:00+08:00,55.0,92,1.0,23.6,0.66,1008.6,-99,0.0,-99,-99,-99,新北市,06,三峽區,057
24.940806,121.361500,三峽,C0AC60,2017-10-26T18:00:00+08:00,55.0,93,1.3,22.7,0.71,1009.1,-99,0.0,-99,-99,-99,新北市,06,三峽區,057
24.940806,121.361500,三峽,C0AC60,2017-10-26T19:00:00+08:00,55.0,91,0.7,22.6,0.72,1009.4,-99,0.0,-99,-99,-99,新北市,06,三峽區,057
24.940806,121.361500,三峽,C0AC60,2017-10-26T20:00:00+08:00,55.0,90,0.9,22.2,0.74,1009.8,-99,0.0,-99,-99,-99,新北市,06,三峽區,057
24.940806,121.361500,三峽,C0AC60,2017-10-26T21:00:00+08:00,55.0,89,1.6,22.1,0.74,1009.8,-99,0.0,-99,-99,-99,新北市,06,三峽區,057
24.940806,121.361500,三峽,C0AC60,2017-10-26T22:00:00+08:00,55.0,90,1.2,21.8,0.76,1009.7,-99,0.0,-99,-99,-99,新北市,06,三峽區,057
24.940806,121.361500,三峽,C0AC60,2017-10-26T23:00:00+08:00,55.0,84,0.5,21.8,0.75,1009.4,-99,0.0,-99,-99,-99,新北市,06,三峽區,057
24.940806,121.361500,三峽,C0AC60,2017-10-27T00:00:00+08:00,55.0,0,0.2,21.3,0.78,1008.9,-99,0.0,-99,-99,-99,新北市,06,三峽區,057
24.940806,121.361500,三峽,C0AC60,2017-10-27T01:00:00+08:00,55.0,0,0.0,20.9,0.81,1008.7,-99,0.0,-99,-99,-99,新北市,06,三峽區,057
24.940806,121.361500,三峽,C0AC60,2017-10-27T02:00:00+08:00,55.0,0,0.0,20.2,0.84,1008.1,-99,0.0,-99,-99,-99,新北市,06,三峽區,057
24.940806,121.361500,三峽,C0AC60,2017-10-27T03:00:00+08:00,55.0,0,0.1,19.5,0.87,1008.0,-99,0.0,-99,-99,-99,新北市,06,三峽區,057
24.940806,121.361500,三峽,C0AC60,2017-10-27T04:00:00+08:00,55.0,0,0.0,19.0,0.9,1007.8,-99,0.0,-99,-99,-99,新北市,06,三峽區,057
24.940806,121.361500,三峽,C0AC60,2017-10-27T05:00:00+08:00,55.0,149,0.8,18.7,0.89,1008.2,-99,0.0,-99,-99,-99,新北市,06,三峽區,057
24.940806,121.361500,三峽,C0AC60,2017-10-27T06:00:00+08:00,55.0,160,1.8,19.0,0.86,1008.5,-99,0.0,-99,-99,-99,新北市,06,三峽區,057
24.940806,121.361500,三峽,C0AC60,2017-10-27T07:00:00+08:00,55.0,126,1.2,19.7,0.84,1008.9,-99,0.0,-99,-99,-99,新北市,06,三峽區,057
24.940806,121.361500,三峽,C0AC60,2017-10-27T08:00:00+08:00,55.0,159,0.4,21.1,0.79,1009.1,-99,0.0,-99,-99,-99,新北市,06,三峽區,057
24.940806,121.361500,三峽,C0AC60,2017-10-27T09:00:00+08:00,55.0,0,0.0,23.4,0.68,1009.2,-99,0.0,-99,-99,-99,新北市,06,三峽區,057
24.940806,121.361500,三峽,C0AC60,2017-10-27T10:00:00+08:00,55.0,66,0.5,24.1,0.65,1008.8,-99,0.0,-99,-99,-99,新北市,06,三峽區,057
24.940806,121.361500,三峽,C0AC60,2017-10-27T11:00:00+08:00,55.0,17,1.9,23.9,0.69,1008.3,-99,0.0,-99,-99,-99,新北市,06,三峽區,057
24.940806,121.361500,三峽,C0AC60,2017-10-27T12:00:00+08:00,55.0,44,1.5,24.2,0.66,1007.3,-99,0.0,7.7,56,2017-10-27T11:55:00+08:00,新北市,06,三峽區,057
24.940806,121.361500,三峽,C0AC60,2017-10-27T13:00:00+08:00,55.0,82,0.7,25.1,0.62,1006.5,-99,0.0,7.1,57,2017-10-27T12:06:00+08:00,新北市,06,三峽區,057
24.940806,121.361500,三峽,C0AC60,2017-10-27T14:00:00+08:00,55.0,59,2.2,26.0,0.58,1005.8,-99,0.0,6.6,52,2017-10-27T13:11:00+08:00,新北市,06,三峽區,057
24.940806,121.361500,三峽,C0AC60,2017-10-27T15:00:00+08:00,55.0,64,1.9,25.8,0.57,1005.7,-99,0.0,7.7,55,2017-10-27T14:36:00+08:00,新北市,06,三峽區,057
24.940806,121.361500,三峽,C0AC60,2017-10-27T16:00:00+08:00,55.0,35,1.8,25.2,0.62,1006.0,-99,0.0,7.7,81,2017-10-27T15:14:00+08:00,新北市,06,三峽區,057
24.940806,121.361500,三峽,C0AC60,2017-10-27T17:00:00+08:00,55.0,38,0.8,23.8,0.7,1006.6,-99,0.0,-99,-99,-99,新北市,06,三峽區,057
24.940806,121.361500,三峽,C0AC60,2017-10-27T18:00:00+08:00,55.0,48,0.3,23.2,0.75,1007.1,-99,0.0,-99,-99,-99,新北市,06,三峽區,057
24.940806,121.361500,三峽,C0AC60,2017-10-27T19:00:00+08:00,55.0,87,0.7,22.8,0.78,1007.4,-99,0.0,-99,-99,-99,新北市,06,三峽區,057
24.940806,121.361500,三峽,C0AC60,2017-10-27T20:00:00+08:00,55.0,166,1.5,21.9,0.81,1007.6,-99,0.0,-99,-99,-99,新北市,06,三峽區,057
24.940806,121.361500,三峽,C0AC60,2017-10-27T21:00:00+08:00,55.0,153,1.0,21.6,0.82,1007.4,-99,0.0,-99,-99,-99,新北市,06,三峽區,057
24.940806,121.361500,三峽,C0AC60,2017-10-27T22:00:00+08:00,55.0,160,1.2,21.4,0.84,1007.3,-99,0.0,-99,-99,-99,新北市,06,三峽區,057
24.940806,121.361500,三峽,C0AC60,2017-10-27T23:00:00+08:00,55.0,0,0.0,21.6,0.87,1006.9,-99,0.0,-99,-99,-99,新北市,06,三峽區,057
24.940806,121.361500,三峽,C0AC60,2017-10-28T00:00:00+08:00,55.0,0,0.2,21.6,0.87,1006.5,-99,0.0,-99,-99,-99,新北市,06,三峽區,057
24.940806,121.361500,三峽,C0AC60,2017-10-28T01:00:00+08:00,55.0,0,0.1,21.5,0.89,1006.5,-99,0.0,-99,-99,-99,新北市,06,三峽區,057
24.940806,121.361500,三峽,C0AC60,2017-10-28T02:00:00+08:00,55.0,0,0.1,21.2,0.91,1006.5,-99,0.0,-99,-99,-99,新北市,06,三峽區,057
24.940806,121.361500,三峽,C0AC60,2017-10-28T03:00:00+08:00,55.0,0,0.0,21.3,0.91,1006.2,-99,0.0,-99,-99,-99,新北市,06,三峽區,057
24.940806,121.361500,三峽,C0AC60,2017-10-28T04:00:00+08:00,55.0,0,0.0,21.7,0.82,1006.1,-99,0.0,-99,-99,-99,新北市,06,三峽區,057
24.940806,121.361500,三峽,C0AC60,2017-10-28T05:00:00+08:00,55.0,0,0.2,21.5,0.84,1006.4,-99,0.0,-99,-99,-99,新北市,06,三峽區,057
24.940806,121.361500,三峽,C0AC60,2017-10-28T06:00:00+08:00,55.0,106,0.8,21.1,0.89,1007.3,-99,0.0,-99,-99,-99,新北市,06,三峽區,057
24.940806,121.361500,三峽,C0AC60,2017-10-28T07:00:00+08:00,55.0,186,1.3,20.5,0.93,1007.8,-99,0.0,-99,-99,-99,新北市,06,三峽區,057
24.940806,121.361500,三峽,C0AC60,2017-10-28T08:00:00+08:00,55.0,0,0.0,20.4,0.96,1008.8,-99,0.0,-99,-99,-99,新北市,06,三峽區,057
24.940806,121.361500,三峽,C0AC60,2017-10-28T09:00:00+08:00,55.0,196,1.4,20.1,0.97,1009.1,-99,0.0,-99,-99,-99,新北市,06,三峽區,057
24.940806,121.361500,三峽,C0AC60,2017-10-28T10:00:00+08:00,55.0,208,1.3,19.8,0.99,1009.3,-99,0.0,-99,-99,-99,新北市,06,三峽區,057
24.940806,121.361500,三峽,C0AC60,2017-10-28T11:00:00+08:00,55.0,343,0.3,21.0,0.89,1009.0,-99,0.0,-99,-99,-99,新北市,06,三峽區,057
24.940806,121.361500,三峽,C0AC60,2017-10-28T12:00:00+08:00,55.0,359,0.7,21.8,0.77,1008.6,-99,0.0,-99,-99,-99,新北市,06,三峽區,057
24.940806,121.361500,三峽,C0AC60,2017-10-28T13:00:00+08:00,55.0,2,1.0,21.7,0.76,1008.0,-99,0.0,-99,-99,-99,新北市,06,三峽區,057
24.940806,121.361500,三峽,C0AC60,2017-10-28T14:00:00+08:00,55.0,351,0.9,21.8,0.75,1007.8,-99,0.0,-99,-99,-99,新北市,06,三峽區,057
24.940806,121.361500,三峽,C0AC60,2017-10-28T15:00:00+08:00,55.0,0,0.1,22.7,0.71,1007.6,-99,0.0,-99,-99,-99,新北市,06,三峽區,057
24.940806,121.361500,三峽,C0AC60,2017-10-28T16:00:00+08:00,55.0,71,1.5,23.2,0.64,1008.0,-99,0.0,-99,-99,-99,新北市,06,三峽區,057
24.940806,121.361500,三峽,C0AC60,2017-10-28T17:00:00+08:00,55.0,85,1.2,21.9,0.7,1008.6,-99,0.0,-99,-99,-99,新北市,06,三峽區,057
24.940806,121.361500,三峽,C0AC60,2017-10-28T18:00:00+08:00,55.0,89,1.2,20.7,0.78,1009.3,-99,0.0,-99,-99,-99,新北市,06,三峽區,057
24.940806,121.361500,三峽,C0AC60,2017-10-28T19:00:00+08:00,55.0,175,0.3,20.2,0.84,1010.0,-99,0.0,-99,-99,-99,新北市,06,三峽區,057
24.940806,121.361500,三峽,C0AC60,2017-10-28T20:00:00+08:00,55.0,0,0.0,20.3,0.82,1010.7,-99,0.0,-99,-99,-99,新北市,06,三峽區,057
24.940806,121.361500,三峽,C0AC60,2017-10-28T21:00:00+08:00,55.0,166,0.4,20.3,0.84,1010.7,-99,0.0,-99,-99,-99,新北市,06,三峽區,057
24.940806,121.361500,三峽,C0AC60,2017-10-28T22:00:00+08:00,55.0,0,0.0,20.5,0.83,1011.0,-99,0.0,-99,-99,-99,新北市,06,三峽區,057
24.940806,121.361500,三峽,C0AC60,2017-10-28T23:00:00+08:00,55.0,90,1.0,20.1,0.87,1011.0,-99,0.0,-99,-99,-99,新北市,06,三峽區,057
24.940806,121.361500,三峽,C0AC60,2017-10-29T00:00:00+08:00,55.0,90,1.2,20.2,0.88,1011.0,-99,0.0,-99,-99,-99,新北市,06,三峽區,057
24.940806,121.361500,三峽,C0AC60,2017-10-29T01:00:00+08:00,55.0,88,0.3,20.7,0.86,1010.8,-99,0.0,-99,-99,-99,新北市,06,三峽區,057
24.940806,121.361500,三峽,C0AC60,2017-10-29T02:00:00+08:00,55.0,87,0.7,20.7,0.86,1011.0,-99,0.0,-99,-99,-99,新北市,06,三峽區,057
24.940806,121.361500,三峽,C0AC60,2017-10-29T03:00:00+08:00,55.0,90,0.5,20.3,0.89,1011.3,-99,0.0,-99,-99,-99,新北市,06,三峽區,057
24.940806,121.361500,三峽,C0AC60,2017-10-29T04:00:00+08:00,55.0,86,0.9,19.8,0.92,1011.5,-99,0.0,-99,-99,-99,新北市,06,三峽區,057
24.940806,121.361500,三峽,C0AC60,2017-10-29T05:00:00+08:00,55.0,89,0.7,19.5,0.96,1011.9,-99,0.0,-99,-99,-99,新北市,06,三峽區,057
24.940806,121.361500,三峽,C0AC60,2017-10-29T06:00:00+08:00,55.0,95,1.0,19.8,0.94,1012.8,-99,0.0,-99,-99,-99,新北市,06,三峽區,057
24.940806,121.361500,三峽,C0AC60,2017-10-29T07:00:00+08:00,55.0,94,1.5,20.2,0.89,1013.7,-99,0.0,-99,-99,-99,新北市,06,三峽區,057
24.940806,121.361500,三峽,C0AC60,2017-10-29T08:00:00+08:00,55.0,94,1.0,21.2,0.75,1014.4,-99,0.0,-99,-99,-99,新北市,06,三峽區,057
24.940806,121.361500,三峽,C0AC60,2017-10-29T09:00:00+08:00,55.0,107,1.3,22.9,0.65,1014.9,-99,0.0,-99,-99,-99,新北市,06,三峽區,057
24.940806,121.361500,三峽,C0AC60,2017-10-29T10:00:00+08:00,55.0,95,1.9,23.8,0.59,1014.7,-99,0.0,-99,-99,-99,新北市,06,三峽區,057
24.940806,121.361500,三峽,C0AC60,2017-10-29T11:00:00+08:00,55.0,87,1.8,23.3,0.63,1014.3,-99,0.0,-99,-99,-99,新北市,06,三峽區,057
24.940806,121.361500,三峽,C0AC60,2017-10-29T12:00:00+08:00,55.0,66,1.6,23.0,0.61,1013.9,-99,0.0,-99,-99,-99,新北市,06,三峽區,057
24.940806,121.361500,三峽,C0AC60,2017-10-29T13:00:00+08:00,55.0,64,1.6,23.3,0.59,1013.7,-99,0.0,7.7,68,2017-10-29T12:06:00+08:00,新北市,06,三峽區,057
24.940806,121.361500,三峽,C0AC60,2017-10-29T14:00:00+08:00,55.0,80,2.6,24.0,0.51,1013.8,-99,0.0,7.1,96,2017-10-29T13:24:00+08:00,新北市,06,三峽區,057
24.940806,121.361500,三峽,C0AC60,2017-10-29T15:00:00+08:00,55.0,81,2.4,23.7,0.51,1014.3,-99,0.0,7.7,47,2017-10-29T15:00:00+08:00,新北市,06,三峽區,057
24.940806,121.361500,三峽,C0AC60,2017-10-29T16:00:00+08:00,55.0,94,2.3,23.1,0.52,1015.0,-99,0.0,9.3,84,2017-10-29T15:44:00+08:00,新北市,06,三峽區,057
24.940806,121.361500,三峽,C0AC60,2017-10-29T17:00:00+08:00,55.0,94,1.7,22.0,0.59,1015.5,-99,0.0,9.9,79,2017-10-29T16:34:00+08:00,新北市,06,三峽區,057
24.940806,121.361500,三峽,C0AC60,2017-10-29T18:00:00+08:00,55.0,91,1.4,21.5,0.63,1016.3,-99,0.0,-99,-99,-99,新北市,06,三峽區,057
24.940806,121.361500,三峽,C0AC60,2017-10-29T19:00:00+08:00,55.0,89,0.8,21.3,0.66,1016.9,-99,0.0,-99,-99,-99,新北市,06,三峽區,057
24.940806,121.361500,三峽,C0AC60,2017-10-29T20:00:00+08:00,55.0,85,0.9,21.3,0.68,1017.2,-99,0.0,-99,-99,-99,新北市,06,三峽區,057
24.940806,121.361500,三峽,C0AC60,2017-10-29T21:00:00+08:00,55.0,94,0.6,21.5,0.71,1017.3,-99,0.0,-99,-99,-99,新北市,06,三峽區,057
24.940806,121.361500,三峽,C0AC60,2017-10-29T22:00:00+08:00,55.0,98,0.7,21.2,0.75,1017.2,-99,0.0,-99,-99,-99,新北市,06,三峽區,057
24.940806,121.361500,三峽,C0AC60,2017-10-29T23:00:00+08:00,55.0,102,1.6,20.5,0.81,1017.2,-99,0.0,-99,-99,-99,新北市,06,三峽區,057
24.940806,121.361500,三峽,C0AC60,2017-10-30T00:00:00+08:00,55.0,94,1.6,20.9,0.74,1017.1,-99,0.0,-99,-99,-99,新北市,06,三峽區,057
24.940806,121.361500,三峽,C0AC60,2017-10-30T01:00:00+08:00,55.0,105,1.1,20.8,0.74,1017.1,-99,0.0,6.6,89,2017-10-30T00:35:00+08:00,新北市,06,三峽區,057
24.940806,121.361500,三峽,C0AC60,2017-10-30T02:00:00+08:00,55.0,90,1.5,20.4,0.74,1016.9,-99,0.0,6.6,76,2017-10-30T01:42:00+08:00,新北市,06,三峽區,057
24.940806,121.361500,三峽,C0AC60,2017-10-30T03:00:00+08:00,55.0,96,1.0,20.2,0.75,1016.9,-99,0.0,-99,-99,-99,新北市,06,三峽區,057
24.940806,121.361500,三峽,C0AC60,2017-10-30T04:00:00+08:00,55.0,91,1.8,20.3,0.71,1017.1,-99,0.0,-99,-99,-99,新北市,06,三峽區,057
24.940806,121.361500,三峽,C0AC60,2017-10-30T05:00:00+08:00,55.0,95,1.7,20.2,0.69,1017.6,-99,0.0,7.1,70,2017-10-30T04:51:00+08:00,新北市,06,三峽區,057
24.940806,121.361500,三峽,C0AC60,2017-10-30T06:00:00+08:00,55.0,90,2.2,20.1,0.69,1018.4,-99,0.0,-99,-99,-99,新北市,06,三峽區,057
24.940806,121.361500,三峽,C0AC60,2017-10-30T07:00:00+08:00,55.0,93,2.0,19.7,0.69,1019.1,-99,0.0,7.7,85,2017-10-30T06:07:00+08:00,新北市,06,三峽區,057
24.940806,121.361500,三峽,C0AC60,2017-10-30T08:00:00+08:00,55.0,92,1.5,20.3,0.63,1019.7,-99,0.0,-99,-99,-99,新北市,06,三峽區,057
24.940806,121.361500,三峽,C0AC60,2017-10-30T09:00:00+08:00,55.0,92,2.3,20.2,0.6,1019.8,-99,0.0,7.7,101,2017-10-30T08:59:00+08:00,新北市,06,三峽區,057
24.940806,121.361500,三峽,C0AC60,2017-10-30T10:00:00+08:00,55.0,93,1.3,19.6,0.66,1019.7,-99,0.0,-99,-99,-99,新北市,06,三峽區,057
24.940806,121.361500,三峽,C0AC60,2017-10-30T11:00:00+08:00,55.0,90,1.6,19.5,0.68,1019.2,-99,0.0,-99,-99,-99,新北市,06,三峽區,057
24.940806,121.361500,三峽,C0AC60,2017-10-30T12:00:00+08:00,55.0,95,1.0,19.5,0.7,1018.5,-99,0.0,-99,-99,-99,新北市,06,三峽區,057
24.940806,121.361500,三峽,C0AC60,2017-10-30T13:00:00+08:00,55.0,92,1.5,19.4,0.71,1017.7,-99,0.0,-99,-99,-99,新北市,06,三峽區,057
24.940806,121.361500,三峽,C0AC60,2017-10-30T14:00:00+08:00,55.0,92,1.9,19.5,0.72,1017.1,-99,0.0,-99,-99,-99,新北市,06,三峽區,057
24.940806,121.361500,三峽,C0AC60,2017-10-30T15:00:00+08:00,55.0,90,1.7,19.1,0.77,1016.9,-99,0.0,-99,-99,-99,新北市,06,三峽區,057
24.940806,121.361500,三峽,C0AC60,2017-10-30T16:00:00+08:00,55.0,90,1.4,18.9,0.79,1016.9,-99,0.0,-99,-99,-99,新北市,06,三峽區,057
24.940806,121.361500,三峽,C0AC60,2017-10-30T17:00:00+08:00,55.0,92,1.5,19.0,0.78,1017.0,-99,0.0,-99,-99,-99,新北市,06,三峽區,057
24.940806,121.361500,三峽,C0AC60,2017-10-30T18:00:00+08:00,55.0,93,1.0,19.0,0.78,1017.1,-99,0.0,-99,-99,-99,新北市,06,三峽區,057
24.940806,121.361500,三峽,C0AC60,2017-10-30T19:00:00+08:00,55.0,95,1.4,19.1,0.78,1017.3,-99,0.0,-99,-99,-99,新北市,06,三峽區,057
24.940806,121.361500,三峽,C0AC60,2017-10-30T20:00:00+08:00,55.0,110,0.8,19.2,0.76,1017.4,-99,0.0,-99,-99,-99,新北市,06,三峽區,057
24.940806,121.361500,三峽,C0AC60,2017-10-30T21:00:00+08:00,55.0,99,1.6,19.7,0.71,1017.4,-99,0.0,-99,-99,-99,新北市,06,三峽區,057
24.940806,121.361500,三峽,C0AC60,2017-10-30T22:00:00+08:00,55.0,91,1.7,18.4,0.84,1017.4,-99,0.0,-99,-99,-99,新北市,06,三峽區,057
24.940806,121.361500,三峽,C0AC60,2017-10-30T23:00:00+08:00,55.0,115,0.8,18.7,0.78,1016.6,-99,0.0,6.0,64,2017-10-30T22:41:00+08:00,新北市,06,三峽區,057
24.940806,121.361500,三峽,C0AC60,2017-10-31T00:00:00+08:00,55.0,90,2.0,19.5,0.71,1016.2,-99,0.0,-99,-99,-99,新北市,06,三峽區,057
24.940806,121.361500,三峽,C0AC60,2017-10-31T01:00:00+08:00,55.0,94,1.7,19.4,0.74,1015.9,-99,0.0,-99,-99,-99,新北市,06,三峽區,057
24.940806,121.361500,三峽,C0AC60,2017-10-31T02:00:00+08:00,55.0,96,1.8,19.6,0.71,1015.0,-99,0.0,7.1,85,2017-10-31T01:52:00+08:00,新北市,06,三峽區,057
24.940806,121.361500,三峽,C0AC60,2017-10-31T03:00:00+08:00,55.0,83,2.3,19.7,0.7,1014.6,-99,0.0,6.6,82,2017-10-31T02:17:00+08:00,新北市,06,三峽區,057
24.940806,121.361500,三峽,C0AC60,2017-10-31T04:00:00+08:00,55.0,97,2.1,19.9,0.68,1014.4,-99,0.0,-99,-99,-99,新北市,06,三峽區,057
24.940806,121.361500,三峽,C0AC60,2017-10-31T05:00:00+08:00,55.0,86,0.9,19.9,0.69,1014.5,-99,0.0,-99,-99,-99,新北市,06,三峽區,057
24.940806,121.361500,三峽,C0AC60,2017-10-31T06:00:00+08:00,55.0,96,1.9,20.1,0.7,1014.9,-99,0.0,-99,-99,-99,新北市,06,三峽區,057
24.940806,121.361500,三峽,C0AC60,2017-10-31T07:00:00+08:00,55.0,98,1.2,20.4,0.69,1015.3,-99,0.0,-99,-99,-99,新北市,06,三峽區,057
24.940806,121.361500,三峽,C0AC60,2017-10-31T08:00:00+08:00,55.0,98,1.8,21.0,0.67,1015.7,-99,0.0,-99,-99,-99,新北市,06,三峽區,057
24.940806,121.361500,三峽,C0AC60,2017-10-31T10:00:00+08:00,55.0,97,1.9,21.9,0.67,1015.5,-99,0.0,-99,-99,-99,新北市,06,三峽區,057
24.940806,121.361500,三峽,C0AC60,2017-10-31T11:00:00+08:00,55.0,86,2.4,23.3,0.62,1014.8,-99,0.0,8.2,82,2017-10-31T10:32:00+08:00,新北市,06,三峽區,057
24.940806,121.361500,三峽,C0AC60,2017-10-31T12:00:00+08:00,55.0,82,2.9,24.4,0.58,1013.9,-99,0.0,11.5,68,2017-10-31T11:42:00+08:00,新北市,06,三峽區,057
24.940806,121.361500,三峽,C0AC60,2017-10-31T13:00:00+08:00,55.0,87,3.4,24.9,0.58,1012.7,-99,0.0,9.3,101,2017-10-31T12:45:00+08:00,新北市,06,三峽區,057
24.940806,121.361500,三峽,C0AC60,2017-10-31T14:00:00+08:00,55.0,79,3.8,24.5,0.6,1012.3,-99,0.0,10.4,58,2017-10-31T13:42:00+08:00,新北市,06,三峽區,057
24.940806,121.361500,三峽,C0AC60,2017-10-31T15:00:00+08:00,55.0,80,3.3,24.1,0.63,1012.2,-99,0.0,11.0,49,2017-10-31T14:15:00+08:00,新北市,06,三峽區,057
24.940806,121.361500,三峽,C0AC60,2017-10-31T16:00:00+08:00,55.0,79,2.9,23.5,0.66,1012.1,-99,0.0,8.8,55,2017-10-31T15:01:00+08:00,新北市,06,三峽區,057
24.940806,121.361500,三峽,C0AC60,2017-10-31T17:00:00+08:00,55.0,93,1.3,22.6,0.71,1012.4,-99,0.0,8.8,58,2017-10-31T16:06:00+08:00,新北市,06,三峽區,057
24.940806,121.361500,三峽,C0AC60,2017-10-31T18:00:00+08:00,55.0,92,1.4,21.7,0.76,1012.7,-99,0.0,-99,-99,-99,新北市,06,三峽區,057
24.940806,121.361500,三峽,C0AC60,2017-10-31T19:00:00+08:00,55.0,98,1.7,21.5,0.77,1013.5,-99,0.0,7.7,83,2017-10-31T18:29:00+08:00,新北市,06,三峽區,057
24.940806,121.361500,三峽,C0AC60,2017-10-31T20:00:00+08:00,55.0,89,2.3,21.3,0.79,1014.1,-99,0.0,-99,-99,-99,新北市,06,三峽區,057
24.940806,121.361500,三峽,C0AC60,2017-10-31T21:00:00+08:00,55.0,95,1.1,21.1,0.83,1014.1,-99,0.0,-99,-99,-99,新北市,06,三峽區,057
24.940806,121.361500,三峽,C0AC60,2017-10-31T22:00:00+08:00,55.0,82,2.0,21.3,0.8,1013.8,-99,0.0,-99,-99,-99,新北市,06,三峽區,057
24.940806,121.361500,三峽,C0AC60,2017-10-31T23:00:00+08:00,55.0,94,2.0,21.1,0.84,1013.2,-99,0.0,-99,-99,-99,新北市,06,三峽區,057
