24.9408,121.3615,三峽,C0AC60,2017-04-02T01:00:00+08:00,55.0,159.0,0.7,11.5,0.72,1016.2,-99.0,0.0,-9.9,-99,-999,新北市,06,三峽區,057
24.9408,121.3615,三峽,C0AC60,2017-04-02T02:00:00+08:00,55.0,167.0,0.6,11.2,0.73,1016.1,-99.0,0.0,-9.9,-99,-999,新北市,06,三峽區,057
24.9408,121.3615,三峽,C0AC60,2017-04-02T03:00:00+08:00,55.0,128.0,0.5,10.9,0.75,1016.2,-99.0,0.0,-9.9,-99,-999,新北市,06,三峽區,057
24.9408,121.3615,三峽,C0AC60,2017-04-02T04:00:00+08:00,55.0,155.0,1.3,10.7,0.73,1016.3,-99.0,0.0,-9.9,-99,-999,新北市,06,三峽區,057
24.9408,121.3615,三峽,C0AC60,2017-04-02T05:00:00+08:00,55.0,150.0,0.4,10.1,0.78,1016.9,-99.0,0.0,-9.9,-99,-999,新北市,06,三峽區,057
24.9408,121.3615,三峽,C0AC60,2017-04-02T06:00:00+08:00,55.0,0.0,0.2,9.8,0.80,1017.3,-99.0,0.0,-9.9,-99,-999,新北市,06,三峽區,057
24.9408,121.3615,三峽,C0AC60,2017-04-02T07:00:00+08:00,55.0,148.0,1.0,10.8,0.76,1017.6,-99.0,0.0,-9.9,-99,-999,新北市,06,三峽區,057
24.9408,121.3615,三峽,C0AC60,2017-04-02T08:00:00+08:00,55.0,88.0,0.9,14.3,0.64,1017.7,-99.0,0.0,-9.9,-99,-999,新北市,06,三峽區,057
24.9408,121.3615,三峽,C0AC60,2017-04-02T09:00:00+08:00,55.0,72.0,1.9,17.9,0.40,1018.3,-99.0,0.0,-9.9,-99,-999,新北市,06,三峽區,057
24.9408,121.3615,三峽,C0AC60,2017-04-02T10:00:00+08:00,55.0,92.0,1.4,19.8,0.30,1018.5,-99.0,0.0,-9.9,-99,-999,新北市,06,三峽區,057
24.9408,121.3615,三峽,C0AC60,2017-04-02T11:00:00+08:00,55.0,77.0,2.4,20.5,0.29,1018.3,-99.0,0.0,-9.9,-99,-999,新北市,06,三峽區,057
24.9408,121.3615,三峽,C0AC60,2017-04-02T12:00:00+08:00,55.0,63.0,2.7,21.2,0.26,1017.8,-99.0,0.0,-9.9,-99,-999,新北市,06,三峽區,057
24.9408,121.3615,三峽,C0AC60,2017-04-02T13:00:00+08:00,55.0,78.0,1.9,22.1,0.24,1016.8,-99.0,0.0,-9.9,-99,-999,新北市,06,三峽區,057
24.9408,121.3615,三峽,C0AC60,2017-04-02T14:00:00+08:00,55.0,87.0,2.2,22.4,0.21,1016.2,-99.0,0.0,-9.9,-99,-999,新北市,06,三峽區,057
24.9408,121.3615,三峽,C0AC60,2017-04-02T15:00:00+08:00,55.0,79.0,3.1,22.3,0.20,1015.5,-99.0,0.0,-9.9,-99,-999,新北市,06,三峽區,057
24.9408,121.3615,三峽,C0AC60,2017-04-02T16:00:00+08:00,55.0,76.0,2.7,21.6,0.23,1015.2,-99.0,0.0,-9.9,-99,-999,新北市,06,三峽區,057
24.9408,121.3615,三峽,C0AC60,2017-04-02T17:00:00+08:00,55.0,78.0,2.7,20.5,0.27,1015.2,-99.0,0.0,-9.9,-99,-999,新北市,06,三峽區,057
24.9408,121.3615,三峽,C0AC60,2017-04-02T18:00:00+08:00,55.0,81.0,2.5,19.1,0.32,1015.2,-99.0,0.0,-9.9,-99,-999,新北市,06,三峽區,057
24.9408,121.3615,三峽,C0AC60,2017-04-02T19:00:00+08:00,55.0,80.0,2.8,18.0,0.38,1015.3,-99.0,0.0,-9.9,-99,-999,新北市,06,三峽區,057
24.9408,121.3615,三峽,C0AC60,2017-04-02T20:00:00+08:00,55.0,84.0,2.3,17.1,0.42,1015.4,-99.0,0.0,-9.9,-99,-999,新北市,06,三峽區,057
24.9408,121.3615,三峽,C0AC60,2017-04-02T21:00:00+08:00,55.0,84.0,2.1,16.5,0.46,1015.8,-99.0,0.0,-9.9,-99,-999,新北市,06,三峽區,057
24.9408,121.3615,三峽,C0AC60,2017-04-02T22:00:00+08:00,55.0,83.0,2.7,16.0,0.49,1016.1,-99.0,0.0,-9.9,-99,-999,新北市,06,三峽區,057
24.9408,121.3615,三峽,C0AC60,2017-04-02T23:00:00+08:00,55.0,89.0,2.5,15.9,0.50,1016.3,-99.0,0.0,-9.9,-99,-999,新北市,06,三峽區,057
24.9408,121.3615,三峽,C0AC60,2017-04-03T00:00:00+08:00,55.0,90.0,2.5,15.8,0.50,1016.2,-99.0,0.0,-9.9,-99,-999,新北市,06,三峽區,057
24.9408,121.3615,三峽,C0AC60,2017-04-03T01:00:00+08:00,55.0,96.0,1.1,15.4,0.51,1015.8,-99.0,0.0,-9.9,-99,-999,新北市,06,三峽區,057
24.9408,121.3615,三峽,C0AC60,2017-04-03T02:00:00+08:00,55.0,82.0,0.4,14.9,0.53,1015.6,-99.0,0.0,-9.9,-99,-999,新北市,06,三峽區,057
24.9408,121.3615,三峽,C0AC60,2017-04-03T03:00:00+08:00,55.0,98.0,1.0,15.3,0.50,1015.9,-99.0,0.0,-9.9,-99,-999,新北市,06,三峽區,057
24.9408,121.3615,三峽,C0AC60,2017-04-03T04:00:00+08:00,55.0,91.0,1.2,14.9,0.54,1016.2,-99.0,0.0,-9.9,-99,-999,新北市,06,三峽區,057
24.9408,121.3615,三峽,C0AC60,2017-04-03T05:00:00+08:00,55.0,96.0,1.3,14.4,0.58,1016.5,-99.0,0.0,-9.9,-99,-999,新北市,06,三峽區,057
24.9408,121.3615,三峽,C0AC60,2017-04-03T06:00:00+08:00,55.0,95.0,1.3,14.6,0.59,1016.5,-99.0,0.0,-9.9,-99,-999,新北市,06,三峽區,057
24.9408,121.3615,三峽,C0AC60,2017-04-03T07:00:00+08:00,55.0,95.0,1.6,16.1,0.53,1016.8,-99.0,0.0,-9.9,-99,-999,新北市,06,三峽區,057
24.9408,121.3615,三峽,C0AC60,2017-04-03T08:00:00+08:00,55.0,79.0,2.3,18.1,0.48,1016.8,-99.0,0.0,-9.9,-99,-999,新北市,06,三峽區,057
24.9408,121.3615,三峽,C0AC60,2017-04-03T09:00:00+08:00,55.0,80.0,2.7,20.2,0.44,1016.8,-99.0,0.0,-9.9,-99,-999,新北市,06,三峽區,057
24.9408,121.3615,三峽,C0AC60,2017-04-03T10:00:00+08:00,55.0,75.0,3.2,21.9,0.38,1016.4,-99.0,0.0,-9.9,-99,-999,新北市,06,三峽區,057
24.9408,121.3615,三峽,C0AC60,2017-04-03T11:00:00+08:00,55.0,66.0,3.7,22.6,0.37,1015.7,-99.0,0.0,-9.9,-99,-999,新北市,06,三峽區,057
24.9408,121.3615,三峽,C0AC60,2017-04-03T12:00:00+08:00,55.0,68.0,3.4,23.9,0.34,1015.2,-99.0,0.0,-9.9,-99,-999,新北市,06,三峽區,057
24.9408,121.3615,三峽,C0AC60,2017-04-03T13:00:00+08:00,55.0,66.0,3.0,24.5,0.34,1013.9,-99.0,0.0,-9.9,-99,-999,新北市,06,三峽區,057
24.9408,121.3615,三峽,C0AC60,2017-04-03T14:00:00+08:00,55.0,68.0,2.5,25.3,0.34,1013.3,-99.0,0.0,-9.9,-99,-999,新北市,06,三峽區,057
24.9408,121.3615,三峽,C0AC60,2017-04-03T15:00:00+08:00,55.0,44.0,3.0,24.7,0.37,1012.8,-99.0,0.0,-9.9,-99,-999,新北市,06,三峽區,057
24.9408,121.3615,三峽,C0AC60,2017-04-03T16:00:00+08:00,55.0,68.0,2.7,24.1,0.38,1012.4,-99.0,0.0,-9.9,-99,-999,新北市,06,三峽區,057
24.9408,121.3615,三峽,C0AC60,2017-04-03T17:00:00+08:00,55.0,77.0,3.3,23.1,0.42,1012.7,-99.0,0.0,-9.9,-99,-999,新北市,06,三峽區,057
24.9408,121.3615,三峽,C0AC60,2017-04-03T18:00:00+08:00,55.0,68.0,2.5,21.2,0.47,1013.1,-99.0,0.0,-9.9,-99,-999,新北市,06,三峽區,057
24.9408,121.3615,三峽,C0AC60,2017-04-03T19:00:00+08:00,55.0,76.0,3.2,20.0,0.50,1013.2,-99.0,0.0,-9.9,-99,-999,新北市,06,三峽區,057
24.9408,121.3615,三峽,C0AC60,2017-04-03T20:00:00+08:00,55.0,79.0,2.9,19.7,0.52,1013.8,-99.0,0.0,-9.9,-99,-999,新北市,06,三峽區,057
24.9408,121.3615,三峽,C0AC60,2017-04-03T21:00:00+08:00,55.0,99.0,0.8,19.1,0.56,1014.3,-99.0,0.0,-9.9,-99,-999,新北市,06,三峽區,057
24.9408,121.3615,三峽,C0AC60,2017-04-03T22:00:00+08:00,55.0,0.0,0.2,17.3,0.70,1014.6,-99.0,0.0,-9.9,-99,-999,新北市,06,三峽區,057
24.9408,121.3615,三峽,C0AC60,2017-04-03T23:00:00+08:00,55.0,167.0,1.8,16.3,0.74,1014.8,-99.0,0.0,-9.9,-99,-999,新北市,06,三峽區,057
24.9408,121.3615,三峽,C0AC60,2017-04-04T00:00:00+08:00,55.0,168.0,1.6,15.7,0.76,1014.7,-99.0,0.0,-9.9,-99,-999,新北市,06,三峽區,057
24.9408,121.3615,三峽,C0AC60,2017-04-04T01:00:00+08:00,55.0,148.0,0.8,15.7,0.75,1014.1,-99.0,0.0,-9.9,-99,-999,新北市,06,三峽區,057
24.9408,121.3615,三峽,C0AC60,2017-04-04T02:00:00+08:00,55.0,152.0,1.3,15.5,0.76,1013.5,-99.0,0.0,-9.9,-99,-999,新北市,06,三峽區,057
24.9408,121.3615,三峽,C0AC60,2017-04-04T03:00:00+08:00,55.0,159.0,1.5,15.1,0.77,1013.4,-99.0,0.0,-9.9,-99,-999,新北市,06,三峽區,057
24.9408,121.3615,三峽,C0AC60,2017-04-04T04:00:00+08:00,55.0,155.0,0.8,15.0,0.77,1013.5,-99.0,0.0,-9.9,-99,-999,新北市,06,三峽區,057
24.9408,121.3615,三峽,C0AC60,2017-04-04T05:00:00+08:00,55.0,0.0,0.0,14.8,0.82,1014.0,-99.0,0.0,-9.9,-99,-999,新北市,06,三峽區,057
24.9408,121.3615,三峽,C0AC60,2017-04-04T06:00:00+08:00,55.0,151.0,0.9,14.8,0.77,1014.4,-99.0,0.0,-9.9,-99,-999,新北市,06,三峽區,057
24.9408,121.3615,三峽,C0AC60,2017-04-04T07:00:00+08:00,55.0,137.0,0.7,15.2,0.76,1014.6,-99.0,0.0,-9.9,-99,-999,新北市,06,三峽區,057
24.9408,121.3615,三峽,C0AC60,2017-04-04T08:00:00+08:00,55.0,88.0,0.3,18.1,0.66,1014.8,-99.0,0.0,-9.9,-99,-999,新北市,06,三峽區,057
24.9408,121.3615,三峽,C0AC60,2017-04-04T09:00:00+08:00,55.0,0.0,0.0,20.9,0.55,1014.7,-99.0,0.0,-9.9,-99,-999,新北市,06,三峽區,057
24.9408,121.3615,三峽,C0AC60,2017-04-04T10:00:00+08:00,55.0,27.0,0.3,23.2,0.44,1014.3,-99.0,0.0,-9.9,-99,-999,新北市,06,三峽區,057
24.9408,121.3615,三峽,C0AC60,2017-04-04T11:00:00+08:00,55.0,61.0,1.7,25.2,0.36,1013.7,-99.0,0.0,-9.9,-99,-999,新北市,06,三峽區,057
24.9408,121.3615,三峽,C0AC60,2017-04-04T12:00:00+08:00,55.0,42.0,1.5,26.2,0.36,1012.6,-99.0,0.0,-9.9,-99,-999,新北市,06,三峽區,057
24.9408,121.3615,三峽,C0AC60,2017-04-04T13:00:00+08:00,55.0,347.0,1.5,26.3,0.38,1011.7,-99.0,0.0,-9.9,-99,-999,新北市,06,三峽區,057
24.9408,121.3615,三峽,C0AC60,2017-04-04T14:00:00+08:00,55.0,343.0,2.0,25.9,0.41,1010.8,-99.0,0.0,-9.9,-99,-999,新北市,06,三峽區,057
24.9408,121.3615,三峽,C0AC60,2017-04-04T15:00:00+08:00,55.0,322.0,2.1,25.8,0.43,1010.2,-99.0,0.0,-9.9,-99,-999,新北市,06,三峽區,057
24.9408,121.3615,三峽,C0AC60,2017-04-04T16:00:00+08:00,55.0,324.0,1.4,25.2,0.45,1010.1,-99.0,0.0,-9.9,-99,-999,新北市,06,三峽區,057
24.9408,121.3615,三峽,C0AC60,2017-04-04T17:00:00+08:00,55.0,346.0,1.2,24.1,0.48,1010.3,-99.0,0.0,-9.9,-99,-999,新北市,06,三峽區,057
24.9408,121.3615,三峽,C0AC60,2017-04-04T18:00:00+08:00,55.0,341.0,0.7,23.4,0.50,1010.5,-99.0,0.0,-9.9,-99,-999,新北市,06,三峽區,057
24.9408,121.3615,三峽,C0AC60,2017-04-04T19:00:00+08:00,55.0,0.0,0.0,22.8,0.53,1010.7,-99.0,0.0,-9.9,-99,-999,新北市,06,三峽區,057
24.9408,121.3615,三峽,C0AC60,2017-04-04T20:00:00+08:00,55.0,0.0,0.2,22.0,0.65,1011.3,-99.0,0.0,-9.9,-99,-999,新北市,06,三峽區,057
24.9408,121.3615,三峽,C0AC60,2017-04-04T21:00:00+08:00,55.0,168.0,1.9,20.7,0.71,1011.9,-99.0,0.0,-9.9,-99,-999,新北市,06,三峽區,057
24.9408,121.3615,三峽,C0AC60,2017-04-04T22:00:00+08:00,55.0,164.0,1.5,19.9,0.74,1012.1,-99.0,0.0,-9.9,-99,-999,新北市,06,三峽區,057
24.9408,121.3615,三峽,C0AC60,2017-04-04T23:00:00+08:00,55.0,163.0,0.4,19.4,0.76,1012.1,-99.0,0.0,-9.9,-99,-999,新北市,06,三峽區,057
24.9408,121.3615,三峽,C0AC60,2017-04-05T00:00:00+08:00,55.0,184.0,0.4,18.4,0.80,1012.0,-99.0,0.0,-9.9,-99,-999,新北市,06,三峽區,057
24.9408,121.3615,三峽,C0AC60,2017-04-05T01:00:00+08:00,55.0,214.0,0.5,17.7,0.80,1011.5,-99.0,0.0,-9.9,-99,-999,新北市,06,三峽區,057
24.9408,121.3615,三峽,C0AC60,2017-04-05T02:00:00+08:00,55.0,214.0,0.8,17.0,0.81,1011.4,-99.0,0.0,-9.9,-99,-999,新北市,06,三峽區,057
24.9408,121.3615,三峽,C0AC60,2017-04-05T03:00:00+08:00,55.0,223.0,1.1,16.6,0.82,1011.3,-99.0,0.0,-9.9,-99,-999,新北市,06,三峽區,057
24.9408,121.3615,三峽,C0AC60,2017-04-05T04:00:00+08:00,55.0,213.0,1.2,16.3,0.83,1011.6,-99.0,0.0,-9.9,-99,-999,新北市,06,三峽區,057
24.9408,121.3615,三峽,C0AC60,2017-04-05T05:00:00+08:00,55.0,148.0,0.6,16.8,0.80,1011.8,-99.0,0.0,-9.9,-99,-999,新北市,06,三峽區,057
24.9408,121.3615,三峽,C0AC60,2017-04-05T06:00:00+08:00,55.0,154.0,1.9,16.5,0.82,1012.0,-99.0,0.0,-9.9,-99,-999,新北市,06,三峽區,057
24.9408,121.3615,三峽,C0AC60,2017-04-05T07:00:00+08:00,55.0,0.0,0.0,17.2,0.80,1012.3,-99.0,0.0,-9.9,-99,-999,新北市,06,三峽區,057
24.9408,121.3615,三峽,C0AC60,2017-04-05T08:00:00+08:00,55.0,85.0,0.9,19.6,0.71,1012.7,-99.0,0.0,-9.9,-99,-999,新北市,06,三峽區,057
24.9408,121.3615,三峽,C0AC60,2017-04-05T09:00:00+08:00,55.0,104.0,0.7,22.3,0.59,1012.2,-99.0,0.0,-9.9,-99,-999,新北市,06,三峽區,057
24.9408,121.3615,三峽,C0AC60,2017-04-05T10:00:00+08:00,55.0,80.0,1.0,24.9,0.45,1011.7,-99.0,0.0,-9.9,-99,-999,新北市,06,三峽區,057
24.9408,121.3615,三峽,C0AC60,2017-04-05T11:00:00+08:00,55.0,83.0,0.7,26.5,0.39,1010.9,-99.0,0.0,-9.9,-99,-999,新北市,06,三峽區,057
24.9408,121.3615,三峽,C0AC60,2017-04-05T12:00:00+08:00,55.0,93.0,2.0,27.6,0.37,1009.9,-99.0,0.0,-9.9,-99,-999,新北市,06,三峽區,057
24.9408,121.3615,三峽,C0AC60,2017-04-05T13:00:00+08:00,55.0,311.0,1.5,27.3,0.41,1008.7,-99.0,0.0,-9.9,-99,-999,新北市,06,三峽區,057
24.9408,121.3615,三峽,C0AC60,2017-04-05T14:00:00+08:00,55.0,312.0,2.0,28.1,0.39,1007.7,-99.0,0.0,-9.9,-99,-999,新北市,06,三峽區,057
24.9408,121.3615,三峽,C0AC60,2017-04-05T15:00:00+08:00,55.0,330.0,1.9,28.2,0.38,1006.9,-99.0,0.0,-9.9,-99,-999,新北市,06,三峽區,057
24.9408,121.3615,三峽,C0AC60,2017-04-05T16:00:00+08:00,55.0,345.0,1.4,27.6,0.39,1006.7,-99.0,0.0,-9.9,-99,-999,新北市,06,三峽區,057
24.9408,121.3615,三峽,C0AC60,2017-04-05T17:00:00+08:00,55.0,324.0,0.9,26.5,0.39,1007.0,-99.0,0.0,-9.9,-99,-999,新北市,06,三峽區,057
24.9408,121.3615,三峽,C0AC60,2017-04-05T18:00:00+08:00,55.0,300.0,0.6,25.6,0.41,1007.1,-99.0,0.0,-9.9,-99,-999,新北市,06,三峽區,057
24.9408,121.3615,三峽,C0AC60,2017-04-05T19:00:00+08:00,55.0,167.0,1.2,23.7,0.56,1007.4,-99.0,0.0,-9.9,-99,-999,新北市,06,三峽區,057
24.9408,121.3615,三峽,C0AC60,2017-04-05T20:00:00+08:00,55.0,155.0,1.4,22.0,0.65,1008.4,-99.0,0.0,-9.9,-99,-999,新北市,06,三峽區,057
24.9408,121.3615,三峽,C0AC60,2017-04-05T21:00:00+08:00,55.0,207.0,1.2,21.2,0.69,1008.9,-99.0,0.0,-9.9,-99,-999,新北市,06,三峽區,057
24.9408,121.3615,三峽,C0AC60,2017-04-05T22:00:00+08:00,55.0,209.0,1.2,20.5,0.73,1009.1,-99.0,0.0,-9.9,-99,-999,新北市,06,三峽區,057
24.9408,121.3615,三峽,C0AC60,2017-04-05T23:00:00+08:00,55.0,206.0,1.3,20.5,0.72,1008.6,-99.0,0.0,-9.9,-99,-999,新北市,06,三峽區,057
24.9408,121.3615,三峽,C0AC60,2017-04-06T00:00:00+08:00,55.0,154.0,0.7,20.0,0.76,1008.3,-99.0,0.0,-9.9,-99,-999,新北市,06,三峽區,057
24.9408,121.3615,三峽,C0AC60,2017-04-06T01:00:00+08:00,55.0,160.0,0.7,20.1,0.75,1007.8,-99.0,0.0,-9.9,-99,-999,新北市,06,三峽區,057
24.9408,121.3615,三峽,C0AC60,2017-04-06T02:00:00+08:00,55.0,202.0,0.8,19.8,0.76,1007.4,-99.0,0.0,-9.9,-99,-999,新北市,06,三峽區,057
24.9408,121.3615,三峽,C0AC60,2017-04-06T03:00:00+08:00,55.0,153.0,1.2,19.6,0.77,1006.9,-99.0,0.0,-9.9,-99,-999,新北市,06,三峽區,057
24.9408,121.3615,三峽,C0AC60,2017-04-06T04:00:00+08:00,55.0,0.0,0.2,19.6,0.78,1007.3,-99.0,0.0,-9.9,-99,-999,新北市,06,三峽區,057
24.9408,121.3615,三峽,C0AC60,2017-04-06T05:00:00+08:00,55.0,167.0,0.3,19.3,0.81,1007.7,-99.0,0.0,-9.9,-99,-999,新北市,06,三峽區,057
24.9408,121.3615,三峽,C0AC60,2017-04-06T06:00:00+08:00,55.0,182.0,1.1,18.9,0.80,1008.2,-99.0,0.0,-9.9,-99,-999,新北市,06,三峽區,057
24.9408,121.3615,三峽,C0AC60,2017-04-06T07:00:00+08:00,55.0,154.0,0.5,19.6,0.77,1008.8,-99.0,0.0,-9.9,-99,-999,新北市,06,三峽區,057
24.9408,121.3615,三峽,C0AC60,2017-04-06T08:00:00+08:00,55.0,0.0,0.1,22.3,0.65,1009.1,-99.0,0.0,-9.9,-99,-999,新北市,06,三峽區,057
24.9408,121.3615,三峽,C0AC60,2017-04-06T10:00:00+08:00,55.0,0.0,0.2,25.7,0.56,1009.0,-99.0,0.0,-9.9,-99,-999,新北市,06,三峽區,057
24.9408,121.3615,三峽,C0AC60,2017-04-06T11:00:00+08:00,55.0,0.0,0.1,26.4,0.52,1008.5,-99.0,0.0,-9.9,-99,-999,新北市,06,三峽區,057
24.9408,121.3615,三峽,C0AC60,2017-04-06T12:00:00+08:00,55.0,37.0,1.0,26.5,0.52,1007.8,-99.0,0.0,-9.9,-99,-999,新北市,06,三峽區,057
24.9408,121.3615,三峽,C0AC60,2017-04-06T13:00:00+08:00,55.0,355.0,1.0,25.4,0.60,1007.5,-99.0,0.0,-9.9,-99,-999,新北市,06,三峽區,057
24.9408,121.3615,三峽,C0AC60,2017-04-06T14:00:00+08:00,55.0,310.0,0.8,25.1,0.60,1007.4,-99.0,0.0,-9.9,-99,-999,新北市,06,三峽區,057
24.9408,121.3615,三峽,C0AC60,2017-04-06T15:00:00+08:00,55.0,321.0,0.7,25.3,0.60,1007.2,-99.0,0.0,-9.9,-99,-999,新北市,06,三峽區,057
24.9408,121.3615,三峽,C0AC60,2017-04-06T16:00:00+08:00,55.0,356.0,0.3,24.8,0.65,1007.2,-99.0,0.0,-9.9,-99,-999,新北市,06,三峽區,057
24.9408,121.3615,三峽,C0AC60,2017-04-06T17:00:00+08:00,55.0,91.0,1.4,24.3,0.68,1007.0,-99.0,0.0,-9.9,-99,-999,新北市,06,三峽區,057
24.9408,121.3615,三峽,C0AC60,2017-04-06T18:00:00+08:00,55.0,62.0,0.3,24.1,0.66,1006.4,-99.0,0.0,-9.9,-99,-999,新北市,06,三峽區,057
24.9408,121.3615,三峽,C0AC60,2017-04-06T19:00:00+08:00,55.0,0.0,0.0,23.2,0.73,1006.3,-99.0,0.0,-9.9,-99,-999,新北市,06,三峽區,057
24.9408,121.3615,三峽,C0AC60,2017-04-06T20:00:00+08:00,55.0,0.0,0.2,23.1,0.73,1006.3,-99.0,0.0,-9.9,-99,-999,新北市,06,三峽區,057
24.9408,121.3615,三峽,C0AC60,2017-04-06T21:00:00+08:00,55.0,171.0,1.4,22.4,0.78,1006.9,-99.0,0.0,-9.9,-99,-999,新北市,06,三峽區,057
24.9408,121.3615,三峽,C0AC60,2017-04-06T22:00:00+08:00,55.0,165.0,1.9,21.7,0.81,1007.3,-99.0,0.0,-9.9,-99,-999,新北市,06,三峽區,057
24.9408,121.3615,三峽,C0AC60,2017-04-06T23:00:00+08:00,55.0,0.0,0.1,21.4,0.82,1007.4,-99.0,0.0,-9.9,-99,-999,新北市,06,三峽區,057
24.9408,121.3615,三峽,C0AC60,2017-04-07T00:00:00+08:00,55.0,175.0,0.9,21.3,0.82,1007.4,-99.0,0.0,-9.9,-99,-999,新北市,06,三峽區,057
24.9408,121.3615,三峽,C0AC60,2017-04-07T01:00:00+08:00,55.0,0.0,0.0,21.5,0.81,1007.4,-99.0,0.0,-9.9,-99,-999,新北市,06,三峽區,057
24.9408,121.3615,三峽,C0AC60,2017-04-07T02:00:00+08:00,55.0,0.0,0.2,21.5,0.79,1006.5,-99.0,0.0,-9.9,-99,-999,新北市,06,三峽區,057
24.9408,121.3615,三峽,C0AC60,2017-04-07T03:00:00+08:00,55.0,91.0,0.8,20.6,0.86,1004.7,-99.0,0.0,-9.9,-99,-999,新北市,06,三峽區,057
24.9408,121.3615,三峽,C0AC60,2017-04-07T04:00:00+08:00,55.0,140.0,1.4,20.4,0.84,1004.8,-99.0,0.0,-9.9,-99,-999,新北市,06,三峽區,057
24.9408,121.3615,三峽,C0AC60,2017-04-07T05:00:00+08:00,55.0,0.0,0.1,20.1,0.87,1005.0,-99.0,0.0,-9.9,-99,-999,新北市,06,三峽區,057
24.9408,121.3615,三峽,C0AC60,2017-04-07T06:00:00+08:00,55.0,0.0,0.0,20.5,0.85,1006.4,-99.0,0.0,-9.9,-99,-999,新北市,06,三峽區,057
24.9408,121.3615,三峽,C0AC60,2017-04-07T07:00:00+08:00,55.0,207.0,0.7,20.3,0.86,1007.9,-99.0,0.0,-9.9,-99,-999,新北市,06,三峽區,057
24.9408,121.3615,三峽,C0AC60,2017-04-07T08:00:00+08:00,55.0,0.0,0.0,21.1,0.87,1008.6,-99.0,0.0,-9.9,-99,-999,新北市,06,三峽區,057
24.9408,121.3615,三峽,C0AC60,2017-04-07T09:00:00+08:00,55.0,0.0,0.0,22.1,0.82,1008.8,-99.0,0.0,-9.9,-99,-999,新北市,06,三峽區,057
24.9408,121.3615,三峽,C0AC60,2017-04-07T10:00:00+08:00,55.0,194.0,0.8,22.9,0.79,1009.2,-99.0,0.0,-9.9,-99,-999,新北市,06,三峽區,057
24.9408,121.3615,三峽,C0AC60,2017-04-07T11:00:00+08:00,55.0,308.0,1.0,24.0,0.77,1008.6,-99.0,0.0,-9.9,-99,-999,新北市,06,三峽區,057
24.9408,121.3615,三峽,C0AC60,2017-04-07T12:00:00+08:00,55.0,253.0,1.6,25.7,0.65,1008.1,-99.0,0.0,-9.9,-99,-999,新北市,06,三峽區,057
24.9408,121.3615,三峽,C0AC60,2017-04-07T13:00:00+08:00,55.0,268.0,1.7,26.6,0.64,1007.4,-99.0,0.0,-9.9,-99,-999,新北市,06,三峽區,057
24.9408,121.3615,三峽,C0AC60,2017-04-07T14:00:00+08:00,55.0,227.0,1.6,27.5,0.59,1006.4,-99.0,0.0,-9.9,-99,-999,新北市,06,三峽區,057
24.9408,121.3615,三峽,C0AC60,2017-04-07T15:00:00+08:00,55.0,267.0,1.3,28.0,0.59,1005.8,-99.0,0.0,-9.9,-99,-999,新北市,06,三峽區,057
24.9408,121.3615,三峽,C0AC60,2017-04-07T16:00:00+08:00,55.0,238.0,2.4,28.1,0.58,1005.6,-99.0,0.0,-9.9,-99,-999,新北市,06,三峽區,057
24.9408,121.3615,三峽,C0AC60,2017-04-07T17:00:00+08:00,55.0,313.0,0.7,27.6,0.64,1005.6,-99.0,0.0,-9.9,-99,-999,新北市,06,三峽區,057
24.9408,121.3615,三峽,C0AC60,2017-04-07T18:00:00+08:00,55.0,0.0,0.1,26.3,0.72,1006.1,-99.0,0.0,-9.9,-99,-999,新北市,06,三峽區,057
24.9408,121.3615,三峽,C0AC60,2017-04-07T19:00:00+08:00,55.0,88.0,0.6,25.6,0.76,1006.4,-99.0,0.0,-9.9,-99,-999,新北市,06,三峽區,057
24.9408,121.3615,三峽,C0AC60,2017-04-07T20:00:00+08:00,55.0,0.0,0.0,24.5,0.80,1007.2,-99.0,0.0,-9.9,-99,-999,新北市,06,三峽區,057
24.9408,121.3615,三峽,C0AC60,2017-04-07T21:00:00+08:00,55.0,0.0,0.0,23.3,0.84,1007.6,-99.0,0.0,-9.9,-99,-999,新北市,06,三峽區,057
24.9408,121.3615,三峽,C0AC60,2017-04-07T22:00:00+08:00,55.0,202.0,1.1,22.6,0.84,1008.0,-99.0,0.0,-9.9,-99,-999,新北市,06,三峽區,057
24.9408,121.3615,三峽,C0AC60,2017-04-07T23:00:00+08:00,55.0,165.0,2.5,21.9,0.85,1007.8,-99.0,0.0,-9.9,-99,-999,新北市,06,三峽區,057
24.9408,121.3615,三峽,C0AC60,2017-04-08T00:00:00+08:00,55.0,207.0,0.7,21.4,0.86,1007.5,-99.0,0.0,-9.9,-99,-999,新北市,06,三峽區,057
24.9408,121.3615,三峽,C0AC60,2017-04-08T01:00:00+08:00,55.0,210.0,1.2,21.2,0.85,1007.4,-99.0,0.0,-9.9,-99,-999,新北市,06,三峽區,057
24.9408,121.3615,三峽,C0AC60,2017-04-08T02:00:00+08:00,55.0,163.0,0.4,20.6,0.89,1007.3,-99.0,0.0,-9.9,-99,-999,新北市,06,三峽區,057
24.9408,121.3615,三峽,C0AC60,2017-04-08T03:00:00+08:00,55.0,203.0,0.4,20.2,0.87,1007.0,-99.0,0.0,-9.9,-99,-999,新北市,06,三峽區,057
24.9408,121.3615,三峽,C0AC60,2017-04-08T04:00:00+08:00,55.0,205.0,1.2,20.0,0.86,1007.0,-99.0,0.0,-9.9,-99,-999,新北市,06,三峽區,057
24.9408,121.3615,三峽,C0AC60,2017-04-08T05:00:00+08:00,55.0,182.0,0.8,20.0,0.85,1007.4,-99.0,0.0,-9.9,-99,-999,新北市,06,三峽區,057
24.9408,121.3615,三峽,C0AC60,2017-04-08T06:00:00+08:00,55.0,165.0,0.4,19.8,0.85,1008.2,-99.0,0.0,-9.9,-99,-999,新北市,06,三峽區,057
24.9408,121.3615,三峽,C0AC60,2017-04-08T07:00:00+08:00,55.0,0.0,0.0,20.7,0.81,1008.8,-99.0,0.0,-9.9,-99,-999,新北市,06,三峽區,057
24.9408,121.3615,三峽,C0AC60,2017-04-08T08:00:00+08:00,55.0,94.0,0.3,23.2,0.74,1008.9,-99.0,0.0,-9.9,-99,-999,新北市,06,三峽區,057
24.9408,121.3615,三峽,C0AC60,2017-04-08T09:00:00+08:00,55.0,54.0,0.4,25.2,0.71,1008.8,-99.0,0.0,-9.9,-99,-999,新北市,06,三峽區,057
24.9408,121.3615,三峽,C0AC60,2017-04-08T10:00:00+08:00,55.0,43.0,0.9,27.5,0.60,1008.5,-99.0,0.0,-9.9,-99,-999,新北市,06,三峽區,057
24.9408,121.3615,三峽,C0AC60,2017-04-08T11:00:00+08:00,55.0,280.0,1.0,29.2,0.51,1007.9,-99.0,0.0,-9.9,-99,-999,新北市,06,三峽區,057
24.9408,121.3615,三峽,C0AC60,2017-04-08T12:00:00+08:00,55.0,323.0,1.5,29.7,0.54,1007.2,-99.0,0.0,-9.9,-99,-999,新北市,06,三峽區,057
24.9408,121.3615,三峽,C0AC60,2017-04-08T13:00:00+08:00,55.0,319.0,2.0,30.0,0.58,1006.1,-99.0,0.0,-9.9,-99,-999,新北市,06,三峽區,057
24.9408,121.3615,三峽,C0AC60,2017-04-08T14:00:00+08:00,55.0,316.0,1.7,29.7,0.60,1005.1,-99.0,0.0,-9.9,-99,-999,新北市,06,三峽區,057
24.9408,121.3615,三峽,C0AC60,2017-04-08T15:00:00+08:00,55.0,337.0,1.3,29.2,0.63,1004.5,-99.0,0.0,-9.9,-99,-999,新北市,06,三峽區,057
24.9408,121.3615,三峽,C0AC60,2017-04-08T16:00:00+08:00,55.0,331.0,1.5,27.9,0.68,1004.3,-99.0,0.0,-9.9,-99,-999,新北市,06,三峽區,057
24.9408,121.3615,三峽,C0AC60,2017-04-08T17:00:00+08:00,55.0,336.0,1.3,26.9,0.73,1004.2,-99.0,0.0,-9.9,-99,-999,新北市,06,三峽區,057
24.9408,121.3615,三峽,C0AC60,2017-04-08T18:00:00+08:00,55.0,357.0,0.4,26.1,0.77,1004.3,-99.0,0.0,-9.9,-99,-999,新北市,06,三峽區,057
24.9408,121.3615,三峽,C0AC60,2017-04-08T19:00:00+08:00,55.0,0.0,0.0,25.7,0.79,1004.4,-99.0,0.0,-9.9,-99,-999,新北市,06,三峽區,057
24.9408,121.3615,三峽,C0AC60,2017-04-08T20:00:00+08:00,55.0,0.0,0.0,25.4,0.81,1005.3,-99.0,0.0,-9.9,-99,-999,新北市,06,三峽區,057
24.9408,121.3615,三峽,C0AC60,2017-04-08T21:00:00+08:00,55.0,0.0,0.2,25.3,0.82,1006.4,-99.0,0.0,-9.9,-99,-999,新北市,06,三峽區,057
24.9408,121.3615,三峽,C0AC60,2017-04-08T22:00:00+08:00,55.0,202.0,0.4,24.6,0.85,1006.7,-99.0,0.0,-9.9,-99,-999,新北市,06,三峽區,057
24.9408,121.3615,三峽,C0AC60,2017-04-08T23:00:00+08:00,55.0,213.0,0.3,24.4,0.86,1006.4,-99.0,0.0,-9.9,-99,-999,新北市,06,三峽區,057
24.9408,121.3615,三峽,C0AC60,2017-04-09T00:00:00+08:00,55.0,171.0,0.5,24.1,0.87,1006.2,-99.0,0.0,-9.9,-99,-999,新北市,06,三峽區,057
24.9408,121.3615,三峽,C0AC60,2017-04-09T01:00:00+08:00,55.0,205.0,0.5,23.7,0.88,1005.2,-99.0,0.0,-9.9,-99,-999,新北市,06,三峽區,057
24.9408,121.3615,三峽,C0AC60,2017-04-09T02:00:00+08:00,55.0,0.0,0.2,23.0,0.89,1004.7,-99.0,0.0,-9.9,-99,-999,新北市,06,三峽區,057
24.9408,121.3615,三峽,C0AC60,2017-04-09T03:00:00+08:00,55.0,197.0,0.9,22.6,0.88,1003.9,-99.0,0.0,-9.9,-99,-999,新北市,06,三峽區,057
24.9408,121.3615,三峽,C0AC60,2017-04-09T04:00:00+08:00,55.0,161.0,1.3,22.3,0.88,1003.6,-99.0,0.0,-9.9,-99,-999,新北市,06,三峽區,057
24.9408,121.3615,三峽,C0AC60,2017-04-09T05:00:00+08:00,55.0,205.0,0.8,22.0,0.88,1003.7,-99.0,0.0,-9.9,-99,-999,新北市,06,三峽區,057
24.9408,121.3615,三峽,C0AC60,2017-04-09T06:00:00+08:00,55.0,173.0,1.1,22.0,0.86,1004.4,-99.0,0.0,-9.9,-99,-999,新北市,06,三峽區,057
24.9408,121.3615,三峽,C0AC60,2017-04-09T07:00:00+08:00,55.0,198.0,1.3,22.4,0.82,1004.6,-99.0,0.0,-9.9,-99,-999,新北市,06,三峽區,057
24.9408,121.3615,三峽,C0AC60,2017-04-09T08:00:00+08:00,55.0,0.0,0.0,24.3,0.76,1005.2,-99.0,0.0,-9.9,-99,-999,新北市,06,三峽區,057
24.9408,121.3615,三峽,C0AC60,2017-04-09T10:00:00+08:00,55.0,313.0,0.6,27.1,0.66,1004.3,-99.0,0.0,-9.9,-99,-999,新北市,06,三峽區,057
24.9408,121.3615,三峽,C0AC60,2017-04-09T11:00:00+08:00,55.0,331.0,0.7,28.8,0.60,1003.7,-99.0,0.0,-9.9,-99,-999,新北市,06,三峽區,057
24.9408,121.3615,三峽,C0AC60,2017-04-09T12:00:00+08:00,55.0,240.0,0.8,29.7,0.53,1002.9,-99.0,0.0,-9.9,-99,-999,新北市,06,三峽區,057
24.9408,121.3615,三峽,C0AC60,2017-04-09T13:00:00+08:00,55.0,322.0,1.6,30.7,0.60,1001.6,-99.0,0.0,-9.9,-99,-999,新北市,06,三峽區,057
24.9408,121.3615,三峽,C0AC60,2017-04-09T14:00:00+08:00,55.0,251.0,0.7,32.3,0.52,1000.4,-99.0,0.0,-9.9,-99,-999,新北市,06,三峽區,057
24.9408,121.3615,三峽,C0AC60,2017-04-09T15:00:00+08:00,55.0,23.0,1.5,30.7,0.63,999.8,-99.0,0.0,-9.9,-99,-999,新北市,06,三峽區,057
24.9408,121.3615,三峽,C0AC60,2017-04-09T16:00:00+08:00,55.0,339.0,1.4,30.9,0.61,999.8,-99.0,0.0,-9.9,-99,-999,新北市,06,三峽區,057
24.9408,121.3615,三峽,C0AC60,2017-04-09T17:00:00+08:00,55.0,82.0,1.9,29.1,0.67,999.6,-99.0,0.0,-9.9,-99,-999,新北市,06,三峽區,057
24.9408,121.3615,三峽,C0AC60,2017-04-09T18:00:00+08:00,55.0,87.0,1.1,28.0,0.67,1000.1,-99.0,0.0,-9.9,-99,-999,新北市,06,三峽區,057
24.9408,121.3615,三峽,C0AC60,2017-04-09T19:00:00+08:00,55.0,90.0,1.4,27.5,0.71,1000.3,-99.0,0.0,-9.9,-99,-999,新北市,06,三峽區,057
24.9408,121.3615,三峽,C0AC60,2017-04-09T20:00:00+08:00,55.0,169.0,0.3,26.5,0.77,1000.8,-99.0,0.0,-9.9,-99,-999,新北市,06,三峽區,057
24.9408,121.3615,三峽,C0AC60,2017-04-09T21:00:00+08:00,55.0,0.0,0.1,25.9,0.80,1001.3,-99.0,0.0,-9.9,-99,-999,新北市,06,三峽區,057
24.9408,121.3615,三峽,C0AC60,2017-04-09T22:00:00+08:00,55.0,151.0,0.6,25.5,0.82,1001.5,-99.0,0.0,-9.9,-99,-999,新北市,06,三峽區,057
24.9408,121.3615,三峽,C0AC60,2017-04-09T23:00:00+08:00,55.0,0.0,0.1,25.0,0.84,1001.5,-99.0,0.0,-9.9,-99,-999,新北市,06,三峽區,057
24.9408,121.3615,三峽,C0AC60,2017-04-10T00:00:00+08:00,55.0,170.0,0.9,24.3,0.87,1001.5,-99.0,0.0,-9.9,-99,-999,新北市,06,三峽區,057
24.9408,121.3615,三峽,C0AC60,2017-04-10T01:00:00+08:00,55.0,212.0,0.8,23.6,0.89,1001.0,-99.0,0.0,-9.9,-99,-999,新北市,06,三峽區,057
24.9408,121.3615,三峽,C0AC60,2017-04-10T02:00:00+08:00,55.0,0.0,0.0,23.7,0.90,1000.2,-99.0,0.0,-9.9,-99,-999,新北市,06,三峽區,057
24.9408,121.3615,三峽,C0AC60,2017-04-10T03:00:00+08:00,55.0,200.0,1.6,23.3,0.88,999.7,-99.0,0.0,-9.9,-99,-999,新北市,06,三峽區,057
24.9408,121.3615,三峽,C0AC60,2017-04-10T04:00:00+08:00,55.0,162.0,1.1,23.5,0.82,999.2,-99.0,0.0,-9.9,-99,-999,新北市,06,三峽區,057
24.9408,121.3615,三峽,C0AC60,2017-04-10T05:00:00+08:00,55.0,0.0,0.0,23.0,0.83,999.6,-99.0,0.0,-9.9,-99,-999,新北市,06,三峽區,057
24.9408,121.3615,三峽,C0AC60,2017-04-10T06:00:00+08:00,55.0,171.0,1.4,22.8,0.80,1000.0,-99.0,0.0,-9.9,-99,-999,新北市,06,三峽區,057
24.9408,121.3615,三峽,C0AC60,2017-04-10T07:00:00+08:00,55.0,177.0,0.3,23.8,0.76,1000.5,-99.0,0.0,-9.9,-99,-999,新北市,06,三峽區,057
24.9408,121.3615,三峽,C0AC60,2017-04-10T08:00:00+08:00,55.0,220.0,1.5,27.3,0.64,1000.5,-99.0,0.0,-9.9,-99,-999,新北市,06,三峽區,057
24.9408,121.3615,三峽,C0AC60,2017-04-10T10:00:00+08:00,55.0,242.0,3.0,31.1,0.46,1000.6,-99.0,0.0,-9.9,-99,-999,新北市,06,三峽區,057
24.9408,121.3615,三峽,C0AC60,2017-04-10T11:00:00+08:00,55.0,244.0,3.2,32.1,0.43,1000.0,-99.0,0.0,-9.9,-99,-999,新北市,06,三峽區,057
24.9408,121.3615,三峽,C0AC60,2017-04-10T14:00:00+08:00,55.0,262.0,3.5,34.0,0.39,997.3,-99.0,0.0,-9.9,-99,-999,新北市,06,三峽區,057
24.9408,121.3615,三峽,C0AC60,2017-04-10T15:00:00+08:00,55.0,261.0,3.4,33.8,0.40,996.7,-99.0,0.0,-9.9,-99,-999,新北市,06,三峽區,057
24.9408,121.3615,三峽,C0AC60,2017-04-10T16:00:00+08:00,55.0,304.0,3.7,32.0,0.48,996.7,-99.0,0.0,-9.9,-99,-999,新北市,06,三峽區,057
24.9408,121.3615,三峽,C0AC60,2017-04-10T17:00:00+08:00,55.0,243.0,3.1,30.7,0.52,996.9,-99.0,0.0,-9.9,-99,-999,新北市,06,三峽區,057
24.9408,121.3615,三峽,C0AC60,2017-04-10T18:00:00+08:00,55.0,265.0,2.9,29.3,0.57,997.2,-99.0,0.0,-9.9,-99,-999,新北市,06,三峽區,057
24.9408,121.3615,三峽,C0AC60,2017-04-10T19:00:00+08:00,55.0,234.0,1.4,28.1,0.62,997.9,-99.0,0.0,-9.9,-99,-999,新北市,06,三峽區,057
24.9408,121.3615,三峽,C0AC60,2017-04-10T20:00:00+08:00,55.0,0.0,0.0,27.7,0.64,998.2,-99.0,0.0,-9.9,-99,-999,新北市,06,三峽區,057
24.9408,121.3615,三峽,C0AC60,2017-04-10T21:00:00+08:00,55.0,189.0,0.6,26.2,0.73,998.8,-99.0,0.0,-9.9,-99,-999,新北市,06,三峽區,057
24.9408,121.3615,三峽,C0AC60,2017-04-10T22:00:00+08:00,55.0,91.0,0.3,25.6,0.76,999.0,-99.0,0.0,-9.9,-99,-999,新北市,06,三峽區,057
24.9408,121.3615,三峽,C0AC60,2017-04-10T23:00:00+08:00,55.0,158.0,1.0,24.8,0.79,999.6,-99.0,0.0,-9.9,-99,-999,新北市,06,三峽區,057
24.9408,121.3615,三峽,C0AC60,2017-04-11T00:00:00+08:00,55.0,188.0,0.3,24.7,0.79,999.7,-99.0,0.0,-9.9,-99,-999,新北市,06,三峽區,057
24.9408,121.3615,三峽,C0AC60,2017-04-11T01:00:00+08:00,55.0,198.0,2.6,23.7,0.84,999.3,-99.0,0.0,-9.9,-99,-999,新北市,06,三峽區,057
24.9408,121.3615,三峽,C0AC60,2017-04-11T02:00:00+08:00,55.0,203.0,0.9,23.7,0.83,998.7,-99.0,0.0,-9.9,-99,-999,新北市,06,三峽區,057
24.9408,121.3615,三峽,C0AC60,2017-04-11T03:00:00+08:00,55.0,162.0,1.2,23.9,0.82,998.3,-99.0,0.0,-9.9,-99,-999,新北市,06,三峽區,057
24.9408,121.3615,三峽,C0AC60,2017-04-11T04:00:00+08:00,55.0,154.0,0.3,23.6,0.85,998.6,-99.0,0.0,-9.9,-99,-999,新北市,06,三峽區,057
24.9408,121.3615,三峽,C0AC60,2017-04-11T05:00:00+08:00,55.0,166.0,2.7,23.1,0.84,998.9,-99.0,0.0,-9.9,-99,-999,新北市,06,三峽區,057
24.9408,121.3615,三峽,C0AC60,2017-04-11T06:00:00+08:00,55.0,0.0,0.2,23.3,0.82,999.4,-99.0,0.0,-9.9,-99,-999,新北市,06,三峽區,057
24.9408,121.3615,三峽,C0AC60,2017-04-11T07:00:00+08:00,55.0,100.0,1.2,24.0,0.83,1001.0,-99.0,0.0,-9.9,-99,-999,新北市,06,三峽區,057
24.9408,121.3615,三峽,C0AC60,2017-04-11T08:00:00+08:00,55.0,13.0,0.5,22.8,0.85,1003.4,-99.0,0.0,-9.9,-99,-999,新北市,06,三峽區,057
24.9408,121.3615,三峽,C0AC60,2017-04-11T09:00:00+08:00,55.0,59.0,1.2,21.9,0.89,1004.6,-99.0,2.0,-9.9,-99,-999,新北市,06,三峽區,057
24.9408,121.3615,三峽,C0AC60,2017-04-11T10:00:00+08:00,55.0,93.0,1.6,20.7,0.90,1004.7,-99.0,3.5,-9.9,-99,-999,新北市,06,三峽區,057
24.9408,121.3615,三峽,C0AC60,2017-04-11T11:00:00+08:00,55.0,82.0,2.0,20.4,0.90,1005.2,-99.0,6.0,-9.9,-99,-999,新北市,06,三峽區,057
24.9408,121.3615,三峽,C0AC60,2017-04-11T12:00:00+08:00,55.0,84.0,1.7,19.9,0.90,1004.9,-99.0,11.0,-9.9,-99,-999,新北市,06,三峽區,057
24.9408,121.3615,三峽,C0AC60,2017-04-11T13:00:00+08:00,55.0,83.0,1.9,20.3,0.82,1004.6,-99.0,11.0,-9.9,-99,-999,新北市,06,三峽區,057
24.9408,121.3615,三峽,C0AC60,2017-04-11T14:00:00+08:00,55.0,87.0,1.9,19.7,0.83,1003.9,-99.0,11.0,-9.9,-99,-999,新北市,06,三峽區,057
24.9408,121.3615,三峽,C0AC60,2017-04-11T15:00:00+08:00,55.0,88.0,2.3,19.6,0.82,1003.6,-99.0,11.0,-9.9,-99,-999,新北市,06,三峽區,057
24.9408,121.3615,三峽,C0AC60,2017-04-11T16:00:00+08:00,55.0,80.0,2.5,19.2,0.81,1003.8,-99.0,11.0,-9.9,-99,-999,新北市,06,三峽區,057
24.9408,121.3615,三峽,C0AC60,2017-04-11T17:00:00+08:00,55.0,87.0,2.3,19.3,0.76,1004.3,-99.0,11.0,-9.9,-99,-999,新北市,06,三峽區,057
24.9408,121.3615,三峽,C0AC60,2017-04-11T18:00:00+08:00,55.0,93.0,2.5,18.9,0.79,1004.8,-99.0,11.0,-9.9,-99,-999,新北市,06,三峽區,057
24.9408,121.3615,三峽,C0AC60,2017-04-11T19:00:00+08:00,55.0,93.0,2.3,18.8,0.80,1005.2,-99.0,11.0,-9.9,-99,-999,新北市,06,三峽區,057
24.9408,121.3615,三峽,C0AC60,2017-04-11T20:00:00+08:00,55.0,78.0,3.3,18.8,0.81,1005.5,-99.0,11.0,-9.9,-99,-999,新北市,06,三峽區,057
24.9408,121.3615,三峽,C0AC60,2017-04-11T22:00:00+08:00,55.0,77.0,3.9,18.2,0.86,1006.1,-99.0,12.5,-9.9,-99,-999,新北市,06,三峽區,057
24.9408,121.3615,三峽,C0AC60,2017-04-11T23:00:00+08:00,55.0,78.0,4.3,17.9,0.87,1005.6,-99.0,13.5,-9.9,-99,-999,新北市,06,三峽區,057
24.9408,121.3615,三峽,C0AC60,2017-04-12T00:00:00+08:00,55.0,83.0,2.7,17.6,0.90,1005.8,-99.0,17.0,-9.9,-99,-999,新北市,06,三峽區,057
24.9408,121.3615,三峽,C0AC60,2017-04-12T01:00:00+08:00,55.0,84.0,3.1,17.6,0.91,1006.2,-99.0,0.5,-9.9,-99,-999,新北市,06,三峽區,057
24.9408,121.3615,三峽,C0AC60,2017-04-12T02:00:00+08:00,55.0,71.0,3.6,17.7,0.90,1006.2,-99.0,0.5,-9.9,-99,-999,新北市,06,三峽區,057
24.9408,121.3615,三峽,C0AC60,2017-04-12T03:00:00+08:00,55.0,86.0,1.7,17.3,0.94,1006.8,-99.0,3.0,-9.9,-99,-999,新北市,06,三峽區,057
24.9408,121.3615,三峽,C0AC60,2017-04-12T04:00:00+08:00,55.0,93.0,1.4,17.4,0.92,1007.3,-99.0,3.5,-9.9,-99,-999,新北市,06,三峽區,057
24.9408,121.3615,三峽,C0AC60,2017-04-12T05:00:00+08:00,55.0,90.0,2.4,17.2,0.93,1007.9,-99.0,8.0,-9.9,-99,-999,新北市,06,三峽區,057
24.9408,121.3615,三峽,C0AC60,2017-04-12T06:00:00+08:00,55.0,66.0,2.0,17.0,0.94,1009.2,-99.0,13.5,-9.9,-99,-999,新北市,06,三峽區,057
24.9408,121.3615,三峽,C0AC60,2017-04-12T07:00:00+08:00,55.0,89.0,1.4,17.2,0.92,1009.1,-99.0,13.5,-9.9,-99,-999,新北市,06,三峽區,057
24.9408,121.3615,三峽,C0AC60,2017-04-12T08:00:00+08:00,55.0,84.0,2.3,17.9,0.88,1008.6,-99.0,13.5,-9.9,-99,-999,新北市,06,三峽區,057
24.9408,121.3615,三峽,C0AC60,2017-04-12T09:00:00+08:00,55.0,73.0,4.0,18.1,0.84,1009.1,-99.0,13.5,-9.9,-99,-999,新北市,06,三峽區,057
24.9408,121.3615,三峽,C0AC60,2017-04-12T10:00:00+08:00,55.0,78.0,2.9,18.0,0.84,1009.8,-99.0,13.5,-9.9,-99,-999,新北市,06,三峽區,057
24.9408,121.3615,三峽,C0AC60,2017-04-12T11:00:00+08:00,55.0,74.0,4.0,18.0,0.83,1009.9,-99.0,13.5,-9.9,-99,-999,新北市,06,三峽區,057
24.9408,121.3615,三峽,C0AC60,2017-04-12T12:00:00+08:00,55.0,78.0,1.8,17.9,0.85,1009.5,-99.0,13.5,-9.9,-99,-999,新北市,06,三峽區,057
24.9408,121.3615,三峽,C0AC60,2017-04-12T13:00:00+08:00,55.0,73.0,2.9,17.8,0.85,1009.1,-99.0,13.5,-9.9,-99,-999,新北市,06,三峽區,057
24.9408,121.3615,三峽,C0AC60,2017-04-12T14:00:00+08:00,55.0,80.0,2.1,17.5,0.88,1009.0,-99.0,14.0,-9.9,-99,-999,新北市,06,三峽區,057
24.9408,121.3615,三峽,C0AC60,2017-04-12T15:00:00+08:00,55.0,87.0,2.1,17.7,0.85,1008.9,-99.0,14.0,-9.9,-99,-999,新北市,06,三峽區,057
24.9408,121.3615,三峽,C0AC60,2017-04-12T16:00:00+08:00,55.0,90.0,1.8,17.1,0.86,1009.1,-99.0,14.0,-9.9,-99,-999,新北市,06,三峽區,057
24.9408,121.3615,三峽,C0AC60,2017-04-12T17:00:00+08:00,55.0,86.0,2.3,17.0,0.84,1009.1,-99.0,14.0,-9.9,-99,-999,新北市,06,三峽區,057
24.9408,121.3615,三峽,C0AC60,2017-04-12T18:00:00+08:00,55.0,83.0,1.9,17.2,0.81,1009.8,-99.0,14.0,-9.9,-99,-999,新北市,06,三峽區,057
24.9408,121.3615,三峽,C0AC60,2017-04-12T19:00:00+08:00,55.0,95.0,2.7,17.3,0.77,1010.4,-99.0,14.0,-9.9,-99,-999,新北市,06,三峽區,057
24.9408,121.3615,三峽,C0AC60,2017-04-12T20:00:00+08:00,55.0,86.0,2.4,17.5,0.75,1011.0,-99.0,14.0,-9.9,-99,-999,新北市,06,三峽區,057
24.9408,121.3615,三峽,C0AC60,2017-04-12T21:00:00+08:00,55.0,90.0,2.4,16.7,0.82,1011.9,-99.0,14.5,-9.9,-99,-999,新北市,06,三峽區,057
24.9408,121.3615,三峽,C0AC60,2017-04-12T22:00:00+08:00,55.0,88.0,1.9,16.6,0.82,1011.8,-99.0,14.5,-9.9,-99,-999,新北市,06,三峽區,057
24.9408,121.3615,三峽,C0AC60,2017-04-12T23:00:00+08:00,55.0,90.0,2.2,17.0,0.77,1012.1,-99.0,14.5,-9.9,-99,-999,新北市,06,三峽區,057
24.9408,121.3615,三峽,C0AC60,2017-04-13T00:00:00+08:00,55.0,81.0,2.7,17.2,0.76,1011.7,-99.0,14.5,-9.9,-99,-999,新北市,06,三峽區,057
24.9408,121.3615,三峽,C0AC60,2017-04-13T01:00:00+08:00,55.0,65.0,3.1,17.3,0.74,1011.4,-99.0,0.0,-9.9,-99,-999,新北市,06,三峽區,057
24.9408,121.3615,三峽,C0AC60,2017-04-13T02:00:00+08:00,55.0,78.0,1.7,17.5,0.72,1011.3,-99.0,0.0,-9.9,-99,-999,新北市,06,三峽區,057
24.9408,121.3615,三峽,C0AC60,2017-04-13T03:00:00+08:00,55.0,78.0,2.0,16.7,0.78,1011.8,-99.0,0.5,-9.9,-99,-999,新北市,06,三峽區,057
24.9408,121.3615,三峽,C0AC60,2017-04-13T04:00:00+08:00,55.0,85.0,1.4,16.2,0.81,1011.2,-99.0,1.0,-9.9,-99,-999,新北市,06,三峽區,057
24.9408,121.3615,三峽,C0AC60,2017-04-13T05:00:00+08:00,55.0,86.0,1.9,16.9,0.76,1010.8,-99.0,1.0,-9.9,-99,-999,新北市,06,三峽區,057
24.9408,121.3615,三峽,C0AC60,2017-04-13T06:00:00+08:00,55.0,80.0,3.3,17.4,0.73,1010.7,-99.0,1.0,-9.9,-99,-999,新北市,06,三峽區,057
24.9408,121.3615,三峽,C0AC60,2017-04-13T07:00:00+08:00,55.0,73.0,4.4,17.8,0.72,1011.2,-99.0,1.0,-9.9,-99,-999,新北市,06,三峽區,057
24.9408,121.3615,三峽,C0AC60,2017-04-13T08:00:00+08:00,55.0,79.0,4.2,18.4,0.71,1011.6,-99.0,1.0,-9.9,-99,-999,新北市,06,三峽區,057
24.9408,121.3615,三峽,C0AC60,2017-04-13T10:00:00+08:00,55.0,75.0,3.0,20.2,0.63,1011.2,-99.0,1.0,-9.9,-99,-999,新北市,06,三峽區,057
24.9408,121.3615,三峽,C0AC60,2017-04-13T11:00:00+08:00,55.0,74.0,3.0,20.8,0.61,1011.0,-99.0,1.0,-9.9,-99,-999,新北市,06,三峽區,057
24.9408,121.3615,三峽,C0AC60,2017-04-13T12:00:00+08:00,55.0,78.0,3.4,21.4,0.59,1010.3,-99.0,1.0,-9.9,-99,-999,新北市,06,三峽區,057
24.9408,121.3615,三峽,C0AC60,2017-04-13T13:00:00+08:00,55.0,76.0,3.1,21.0,0.61,1009.8,-99.0,1.0,-9.9,-99,-999,新北市,06,三峽區,057
24.9408,121.3615,三峽,C0AC60,2017-04-13T14:00:00+08:00,55.0,77.0,2.7,20.2,0.67,1009.6,-99.0,1.5,-9.9,-99,-999,新北市,06,三峽區,057
24.9408,121.3615,三峽,C0AC60,2017-04-13T15:00:00+08:00,55.0,85.0,2.5,19.5,0.72,1010.1,-99.0,1.5,-9.9,-99,-999,新北市,06,三峽區,057
24.9408,121.3615,三峽,C0AC60,2017-04-13T16:00:00+08:00,55.0,88.0,1.8,18.0,0.87,1010.1,-99.0,4.5,-9.9,-99,-999,新北市,06,三峽區,057
24.9408,121.3615,三峽,C0AC60,2017-04-13T17:00:00+08:00,55.0,94.0,1.1,18.4,0.85,1010.2,-99.0,4.5,-9.9,-99,-999,新北市,06,三峽區,057
24.9408,121.3615,三峽,C0AC60,2017-04-13T18:00:00+08:00,55.0,138.0,1.2,18.5,0.85,1010.4,-99.0,4.5,-9.9,-99,-999,新北市,06,三峽區,057
24.9408,121.3615,三峽,C0AC60,2017-04-13T19:00:00+08:00,55.0,152.0,0.8,18.2,0.89,1011.1,-99.0,5.5,-9.9,-99,-999,新北市,06,三峽區,057
24.9408,121.3615,三峽,C0AC60,2017-04-13T20:00:00+08:00,55.0,0.0,0.1,17.7,0.92,1011.4,-99.0,5.5,-9.9,-99,-999,新北市,06,三峽區,057
24.9408,121.3615,三峽,C0AC60,2017-04-13T21:00:00+08:00,55.0,0.0,0.2,17.6,0.93,1011.8,-99.0,8.0,-9.9,-99,-999,新北市,06,三峽區,057
24.9408,121.3615,三峽,C0AC60,2017-04-13T22:00:00+08:00,55.0,0.0,0.2,17.4,0.95,1011.8,-99.0,11.0,-9.9,-99,-999,新北市,06,三峽區,057
24.9408,121.3615,三峽,C0AC60,2017-04-13T23:00:00+08:00,55.0,87.0,0.3,17.6,0.95,1011.5,-99.0,11.0,-9.9,-99,-999,新北市,06,三峽區,057
24.9408,121.3615,三峽,C0AC60,2017-04-14T00:00:00+08:00,55.0,0.0,0.0,17.6,0.95,1010.8,-99.0,11.0,-9.9,-99,-999,新北市,06,三峽區,057
24.9408,121.3615,三峽,C0AC60,2017-04-14T01:00:00+08:00,55.0,188.0,0.6,17.8,0.95,1010.5,-99.0,0.0,-9.9,-99,-999,新北市,06,三峽區,057
24.9408,121.3615,三峽,C0AC60,2017-04-14T02:00:00+08:00,55.0,0.0,0.0,17.7,0.95,1009.9,-99.0,0.0,-9.9,-99,-999,新北市,06,三峽區,057
24.9408,121.3615,三峽,C0AC60,2017-04-14T03:00:00+08:00,55.0,0.0,0.0,17.8,0.96,1009.4,-99.0,0.0,-9.9,-99,-999,新北市,06,三峽區,057
24.9408,121.3615,三峽,C0AC60,2017-04-14T04:00:00+08:00,55.0,154.0,0.3,17.9,0.96,1009.2,-99.0,0.0,-9.9,-99,-999,新北市,06,三峽區,057
24.9408,121.3615,三峽,C0AC60,2017-04-14T05:00:00+08:00,55.0,0.0,0.2,17.9,0.96,1009.2,-99.0,0.0,-9.9,-99,-999,新北市,06,三峽區,057
24.9408,121.3615,三峽,C0AC60,2017-04-14T06:00:00+08:00,55.0,0.0,0.0,18.1,0.95,1009.6,-99.0,0.0,-9.9,-99,-999,新北市,06,三峽區,057
24.9408,121.3615,三峽,C0AC60,2017-04-14T07:00:00+08:00,55.0,0.0,0.0,18.4,0.95,1010.0,-99.0,0.5,-9.9,-99,-999,新北市,06,三峽區,057
24.9408,121.3615,三峽,C0AC60,2017-04-14T08:00:00+08:00,55.0,0.0,0.0,18.9,0.93,1010.4,-99.0,0.5,-9.9,-99,-999,新北市,06,三峽區,057
24.9408,121.3615,三峽,C0AC60,2017-04-14T09:00:00+08:00,55.0,85.0,0.3,19.7,0.88,1010.7,-99.0,0.5,-9.9,-99,-999,新北市,06,三峽區,057
24.9408,121.3615,三峽,C0AC60,2017-04-14T10:00:00+08:00,55.0,0.0,0.0,20.8,0.85,1010.5,-99.0,0.5,-9.9,-99,-999,新北市,06,三峽區,057
24.9408,121.3615,三峽,C0AC60,2017-04-14T11:00:00+08:00,55.0,0.0,0.0,21.8,0.83,1010.3,-99.0,0.5,-9.9,-99,-999,新北市,06,三峽區,057
24.9408,121.3615,三峽,C0AC60,2017-04-14T12:00:00+08:00,55.0,173.0,0.3,22.4,0.79,1009.6,-99.0,0.5,-9.9,-99,-999,新北市,06,三峽區,057
24.9408,121.3615,三峽,C0AC60,2017-04-14T13:00:00+08:00,55.0,81.0,0.4,23.2,0.79,1008.8,-99.0,0.5,-9.9,-99,-999,新北市,06,三峽區,057
24.9408,121.3615,三峽,C0AC60,2017-04-14T14:00:00+08:00,55.0,0.0,0.0,23.5,0.78,1008.2,-99.0,0.5,-9.9,-99,-999,新北市,06,三峽區,057
24.9408,121.3615,三峽,C0AC60,2017-04-14T15:00:00+08:00,55.0,0.0,0.2,24.3,0.75,1007.8,-99.0,0.5,-9.9,-99,-999,新北市,06,三峽區,057
24.9408,121.3615,三峽,C0AC60,2017-04-14T16:00:00+08:00,55.0,92.0,0.6,24.2,0.74,1007.3,-99.0,0.5,-9.9,-99,-999,新北市,06,三峽區,057
24.9408,121.3615,三峽,C0AC60,2017-04-14T17:00:00+08:00,55.0,108.0,0.5,24.0,0.73,1007.4,-99.0,0.5,-9.9,-99,-999,新北市,06,三峽區,057
24.9408,121.3615,三峽,C0AC60,2017-04-14T18:00:00+08:00,55.0,92.0,0.6,23.3,0.79,1007.9,-99.0,0.5,-9.9,-99,-999,新北市,06,三峽區,057
24.9408,121.3615,三峽,C0AC60,2017-04-14T19:00:00+08:00,55.0,92.0,1.0,22.5,0.82,1008.2,-99.0,0.5,-9.9,-99,-999,新北市,06,三峽區,057
24.9408,121.3615,三峽,C0AC60,2017-04-14T20:00:00+08:00,55.0,94.0,0.3,21.9,0.87,1008.3,-99.0,0.5,-9.9,-99,-999,新北市,06,三峽區,057
24.9408,121.3615,三峽,C0AC60,2017-04-14T21:00:00+08:00,55.0,0.0,0.0,21.3,0.90,1008.7,-99.0,0.5,-9.9,-99,-999,新北市,06,三峽區,057
24.9408,121.3615,三峽,C0AC60,2017-04-14T22:00:00+08:00,55.0,99.0,1.0,20.9,0.91,1008.7,-99.0,0.5,-9.9,-99,-999,新北市,06,三峽區,057
24.9408,121.3615,三峽,C0AC60,2017-04-14T23:00:00+08:00,55.0,0.0,0.1,20.5,0.93,1008.5,-99.0,0.5,-9.9,-99,-999,新北市,06,三峽區,057
24.9408,121.3615,三峽,C0AC60,2017-04-15T00:00:00+08:00,55.0,164.0,0.9,20.3,0.92,1008.1,-99.0,0.5,-9.9,-99,-999,新北市,06,三峽區,057
24.9408,121.3615,三峽,C0AC60,2017-04-15T01:00:00+08:00,55.0,194.0,0.5,20.1,0.90,1007.7,-99.0,0.0,-9.9,-99,-999,新北市,06,三峽區,057
24.9408,121.3615,三峽,C0AC60,2017-04-15T02:00:00+08:00,55.0,0.0,0.0,19.7,0.91,1007.6,-99.0,0.0,-9.9,-99,-999,新北市,06,三峽區,057
24.9408,121.3615,三峽,C0AC60,2017-04-15T03:00:00+08:00,55.0,154.0,1.2,19.4,0.92,1007.1,-99.0,0.0,-9.9,-99,-999,新北市,06,三峽區,057
24.9408,121.3615,三峽,C0AC60,2017-04-15T04:00:00+08:00,55.0,157.0,1.1,19.6,0.90,1007.2,-99.0,0.0,-9.9,-99,-999,新北市,06,三峽區,057
24.9408,121.3615,三峽,C0AC60,2017-04-15T05:00:00+08:00,55.0,0.0,0.0,18.8,0.94,1007.7,-99.0,0.0,-9.9,-99,-999,新北市,06,三峽區,057
24.9408,121.3615,三峽,C0AC60,2017-04-15T06:00:00+08:00,55.0,153.0,0.9,19.0,0.93,1008.1,-99.0,0.0,-9.9,-99,-999,新北市,06,三峽區,057
24.9408,121.3615,三峽,C0AC60,2017-04-15T07:00:00+08:00,55.0,95.0,0.5,20.1,0.90,1008.6,-99.0,0.0,-9.9,-99,-999,新北市,06,三峽區,057
24.9408,121.3615,三峽,C0AC60,2017-04-15T08:00:00+08:00,55.0,0.0,0.0,22.6,0.80,1009.5,-99.0,0.0,-9.9,-99,-999,新北市,06,三峽區,057
24.9408,121.3615,三峽,C0AC60,2017-04-15T10:00:00+08:00,55.0,280.0,0.3,26.4,0.66,1009.9,-99.0,0.0,-9.9,-99,-999,新北市,06,三峽區,057
24.9408,121.3615,三峽,C0AC60,2017-04-15T11:00:00+08:00,55.0,1.0,0.6,26.9,0.68,1009.8,-99.0,0.0,-9.9,-99,-999,新北市,06,三峽區,057
24.9408,121.3615,三峽,C0AC60,2017-04-15T12:00:00+08:00,55.0,275.0,1.3,27.6,0.67,1009.4,-99.0,0.0,-9.9,-99,-999,新北市,06,三峽區,057
24.9408,121.3615,三峽,C0AC60,2017-04-15T13:00:00+08:00,55.0,0.0,0.1,28.1,0.66,1008.4,-99.0,0.0,-9.9,-99,-999,新北市,06,三峽區,057
24.9408,121.3615,三峽,C0AC60,2017-04-15T14:00:00+08:00,55.0,3.0,0.8,28.3,0.66,1007.5,-99.0,0.0,-9.9,-99,-999,新北市,06,三峽區,057
24.9408,121.3615,三峽,C0AC60,2017-04-15T15:00:00+08:00,55.0,294.0,0.8,28.6,0.65,1007.0,-99.0,0.0,-9.9,-99,-999,新北市,06,三峽區,057
24.9408,121.3615,三峽,C0AC60,2017-04-15T16:00:00+08:00,55.0,344.0,1.8,27.5,0.70,1006.9,-99.0,0.0,-9.9,-99,-999,新北市,06,三峽區,057
24.9408,121.3615,三峽,C0AC60,2017-04-15T17:00:00+08:00,55.0,349.0,0.5,26.8,0.72,1006.7,-99.0,0.0,-9.9,-99,-999,新北市,06,三峽區,057
24.9408,121.3615,三峽,C0AC60,2017-04-15T18:00:00+08:00,55.0,0.0,0.0,26.7,0.73,1006.8,-99.0,0.0,-9.9,-99,-999,新北市,06,三峽區,057
24.9408,121.3615,三峽,C0AC60,2017-04-15T19:00:00+08:00,55.0,0.0,0.2,25.7,0.80,1007.0,-99.0,0.0,-9.9,-99,-999,新北市,06,三峽區,057
24.9408,121.3615,三峽,C0AC60,2017-04-15T20:00:00+08:00,55.0,161.0,1.0,24.8,0.86,1007.6,-99.0,0.0,-9.9,-99,-999,新北市,06,三峽區,057
24.9408,121.3615,三峽,C0AC60,2017-04-15T21:00:00+08:00,55.0,180.0,0.5,24.1,0.88,1008.2,-99.0,0.0,-9.9,-99,-999,新北市,06,三峽區,057
24.9408,121.3615,三峽,C0AC60,2017-04-15T22:00:00+08:00,55.0,203.0,1.0,23.5,0.87,1008.2,-99.0,0.0,-9.9,-99,-999,新北市,06,三峽區,057
24.9408,121.3615,三峽,C0AC60,2017-04-15T23:00:00+08:00,55.0,205.0,0.8,23.2,0.86,1007.9,-99.0,0.0,-9.9,-99,-999,新北市,06,三峽區,057
24.9408,121.3615,三峽,C0AC60,2017-04-16T00:00:00+08:00,55.0,0.0,0.0,23.0,0.88,1007.6,-99.0,0.0,-9.9,-99,-999,新北市,06,三峽區,057
24.9408,121.3615,三峽,C0AC60,2017-04-16T01:00:00+08:00,55.0,0.0,0.2,22.8,0.88,1007.7,-99.0,0.0,-9.9,-99,-999,新北市,06,三峽區,057
24.9408,121.3615,三峽,C0AC60,2017-04-16T02:00:00+08:00,55.0,0.0,0.0,23.1,0.85,1007.3,-99.0,0.0,-9.9,-99,-999,新北市,06,三峽區,057
24.9408,121.3615,三峽,C0AC60,2017-04-16T03:00:00+08:00,55.0,193.0,1.2,22.3,0.88,1007.3,-99.0,0.0,-9.9,-99,-999,新北市,06,三峽區,057
24.9408,121.3615,三峽,C0AC60,2017-04-16T04:00:00+08:00,55.0,180.0,0.4,22.2,0.90,1007.7,-99.0,0.0,-9.9,-99,-999,新北市,06,三峽區,057
24.9408,121.3615,三峽,C0AC60,2017-04-16T05:00:00+08:00,55.0,178.0,0.8,22.3,0.87,1008.1,-99.0,0.0,-9.9,-99,-999,新北市,06,三峽區,057
24.9408,121.3615,三峽,C0AC60,2017-04-16T06:00:00+08:00,55.0,167.0,1.2,22.1,0.88,1008.4,-99.0,0.0,-9.9,-99,-999,新北市,06,三峽區,057
24.9408,121.3615,三峽,C0AC60,2017-04-16T07:00:00+08:00,55.0,220.0,0.3,22.5,0.85,1009.0,-99.0,0.0,-9.9,-99,-999,新北市,06,三峽區,057
24.9408,121.3615,三峽,C0AC60,2017-04-16T08:00:00+08:00,55.0,88.0,0.4,23.8,0.84,1009.0,-99.0,0.0,-9.9,-99,-999,新北市,06,三峽區,057
24.9408,121.3615,三峽,C0AC60,2017-04-16T09:00:00+08:00,55.0,102.0,0.7,25.8,0.76,1009.3,-99.0,0.0,-9.9,-99,-999,新北市,06,三峽區,057
24.9408,121.3615,三峽,C0AC60,2017-04-16T10:00:00+08:00,55.0,104.0,0.4,27.6,0.70,1009.6,-99.0,0.0,-9.9,-99,-999,新北市,06,三峽區,057
24.9408,121.3615,三峽,C0AC60,2017-04-16T11:00:00+08:00,55.0,26.0,1.0,28.9,0.59,1008.7,-99.0,0.0,-9.9,-99,-999,新北市,06,三峽區,057
24.9408,121.3615,三峽,C0AC60,2017-04-16T12:00:00+08:00,55.0,337.0,1.1,29.9,0.58,1008.0,-99.0,0.0,-9.9,-99,-999,新北市,06,三峽區,057
24.9408,121.3615,三峽,C0AC60,2017-04-16T13:00:00+08:00,55.0,333.0,0.6,30.8,0.54,1007.3,-99.0,0.0,-9.9,-99,-999,新北市,06,三峽區,057
24.9408,121.3615,三峽,C0AC60,2017-04-16T14:00:00+08:00,55.0,346.0,1.6,29.8,0.63,1006.9,-99.0,0.0,-9.9,-99,-999,新北市,06,三峽區,057
24.9408,121.3615,三峽,C0AC60,2017-04-16T15:00:00+08:00,55.0,339.0,2.5,27.8,0.70,1006.6,-99.0,0.0,-9.9,-99,-999,新北市,06,三峽區,057
24.9408,121.3615,三峽,C0AC60,2017-04-16T16:00:00+08:00,55.0,95.0,1.5,26.9,0.73,1006.6,-99.0,0.0,-9.9,-99,-999,新北市,06,三峽區,057
24.9408,121.3615,三峽,C0AC60,2017-04-16T17:00:00+08:00,55.0,93.0,0.7,25.4,0.82,1006.7,-99.0,0.0,-9.9,-99,-999,新北市,06,三峽區,057
24.9408,121.3615,三峽,C0AC60,2017-04-16T18:00:00+08:00,55.0,206.0,1.5,24.8,0.82,1006.7,-99.0,0.0,-9.9,-99,-999,新北市,06,三峽區,057
24.9408,121.3615,三峽,C0AC60,2017-04-16T19:00:00+08:00,55.0,171.0,1.0,24.4,0.84,1006.7,-99.0,0.0,-9.9,-99,-999,新北市,06,三峽區,057
24.9408,121.3615,三峽,C0AC60,2017-04-16T20:00:00+08:00,55.0,178.0,1.2,23.8,0.87,1007.0,-99.0,0.0,-9.9,-99,-999,新北市,06,三峽區,057
24.9408,121.3615,三峽,C0AC60,2017-04-16T21:00:00+08:00,55.0,163.0,0.5,23.6,0.87,1007.1,-99.0,0.0,-9.9,-99,-999,新北市,06,三峽區,057
24.9408,121.3615,三峽,C0AC60,2017-04-16T22:00:00+08:00,55.0,158.0,1.7,23.0,0.90,1007.0,-99.0,0.0,-9.9,-99,-999,新北市,06,三峽區,057
24.9408,121.3615,三峽,C0AC60,2017-04-16T23:00:00+08:00,55.0,188.0,0.9,23.0,0.87,1007.0,-99.0,0.0,-9.9,-99,-999,新北市,06,三峽區,057
24.9408,121.3615,三峽,C0AC60,2017-04-17T00:00:00+08:00,55.0,162.0,0.4,22.7,0.89,1006.5,-99.0,0.0,-9.9,-99,-999,新北市,06,三峽區,057
24.9408,121.3615,三峽,C0AC60,2017-04-17T01:00:00+08:00,55.0,152.0,1.1,22.5,0.89,1006.3,-99.0,0.0,-9.9,-99,-999,新北市,06,三峽區,057
24.9408,121.3615,三峽,C0AC60,2017-04-17T02:00:00+08:00,55.0,221.0,1.1,22.7,0.87,1005.5,-99.0,0.0,-9.9,-99,-999,新北市,06,三峽區,057
24.9408,121.3615,三峽,C0AC60,2017-04-17T03:00:00+08:00,55.0,187.0,0.6,22.8,0.86,1005.4,-99.0,0.0,-9.9,-99,-999,新北市,06,三峽區,057
24.9408,121.3615,三峽,C0AC60,2017-04-17T04:00:00+08:00,55.0,163.0,1.1,22.3,0.90,1005.3,-99.0,0.0,-9.9,-99,-999,新北市,06,三峽區,057
24.9408,121.3615,三峽,C0AC60,2017-04-17T05:00:00+08:00,55.0,0.0,0.1,22.5,0.88,1005.4,-99.0,0.0,-9.9,-99,-999,新北市,06,三峽區,057
24.9408,121.3615,三峽,C0AC60,2017-04-17T06:00:00+08:00,55.0,0.0,0.0,22.8,0.87,1005.8,-99.0,0.0,-9.9,-99,-999,新北市,06,三峽區,057
24.9408,121.3615,三峽,C0AC60,2017-04-17T07:00:00+08:00,55.0,179.0,1.3,23.2,0.86,1005.7,-99.0,0.0,-9.9,-99,-999,新北市,06,三峽區,057
24.9408,121.3615,三峽,C0AC60,2017-04-17T08:00:00+08:00,55.0,0.0,0.2,24.4,0.82,1006.1,-99.0,0.0,-9.9,-99,-999,新北市,06,三峽區,057
24.9408,121.3615,三峽,C0AC60,2017-04-17T09:00:00+08:00,55.0,271.0,0.4,26.8,0.73,1005.3,-99.0,0.0,-9.9,-99,-999,新北市,06,三峽區,057
24.9408,121.3615,三峽,C0AC60,2017-04-17T10:00:00+08:00,55.0,299.0,1.2,28.2,0.67,1004.6,-99.0,0.0,-9.9,-99,-999,新北市,06,三峽區,057
24.9408,121.3615,三峽,C0AC60,2017-04-17T11:00:00+08:00,55.0,269.0,1.2,29.8,0.61,1003.9,-99.0,0.0,-9.9,-99,-999,新北市,06,三峽區,057
24.9408,121.3615,三峽,C0AC60,2017-04-17T12:00:00+08:00,55.0,261.0,2.8,31.1,0.53,1003.1,-99.0,0.0,-9.9,-99,-999,新北市,06,三峽區,057
24.9408,121.3615,三峽,C0AC60,2017-04-17T13:00:00+08:00,55.0,294.0,2.7,31.6,0.54,1001.7,-99.0,0.0,-9.9,-99,-999,新北市,06,三峽區,057
24.9408,121.3615,三峽,C0AC60,2017-04-17T14:00:00+08:00,55.0,260.0,2.6,31.2,0.56,1000.7,-99.0,0.0,-9.9,-99,-999,新北市,06,三峽區,057
24.9408,121.3615,三峽,C0AC60,2017-04-17T15:00:00+08:00,55.0,287.0,2.0,30.7,0.61,1000.1,-99.0,0.0,-9.9,-99,-999,新北市,06,三峽區,057
24.9408,121.3615,三峽,C0AC60,2017-04-17T16:00:00+08:00,55.0,308.0,2.3,30.0,0.65,1000.0,-99.0,0.0,-9.9,-99,-999,新北市,06,三峽區,057
24.9408,121.3615,三峽,C0AC60,2017-04-17T17:00:00+08:00,55.0,262.0,2.4,28.8,0.70,1000.5,-99.0,0.0,-9.9,-99,-999,新北市,06,三峽區,057
24.9408,121.3615,三峽,C0AC60,2017-04-17T18:00:00+08:00,55.0,242.0,2.2,28.0,0.73,1000.7,-99.0,0.0,-9.9,-99,-999,新北市,06,三峽區,057
24.9408,121.3615,三峽,C0AC60,2017-04-17T19:00:00+08:00,55.0,254.0,0.9,27.4,0.77,1000.6,-99.0,0.0,-9.9,-99,-999,新北市,06,三峽區,057
24.9408,121.3615,三峽,C0AC60,2017-04-17T20:00:00+08:00,55.0,0.0,0.0,27.1,0.78,1001.7,-99.0,0.0,-9.9,-99,-999,新北市,06,三峽區,057
24.9408,121.3615,三峽,C0AC60,2017-04-17T21:00:00+08:00,55.0,180.0,1.3,25.7,0.85,1001.9,-99.0,0.0,-9.9,-99,-999,新北市,06,三峽區,057
24.9408,121.3615,三峽,C0AC60,2017-04-17T22:00:00+08:00,55.0,189.0,0.8,25.4,0.86,1002.2,-99.0,0.0,-9.9,-99,-999,新北市,06,三峽區,057
24.9408,121.3615,三峽,C0AC60,2017-04-17T23:00:00+08:00,55.0,166.0,1.0,24.7,0.88,1002.6,-99.0,0.0,-9.9,-99,-999,新北市,06,三峽區,057
24.9408,121.3615,三峽,C0AC60,2017-04-18T00:00:00+08:00,55.0,153.0,1.1,24.6,0.87,1002.3,-99.0,0.0,-9.9,-99,-999,新北市,06,三峽區,057
24.9408,121.3615,三峽,C0AC60,2017-04-18T01:00:00+08:00,55.0,0.0,0.0,24.3,0.87,1001.5,-99.0,0.0,-9.9,-99,-999,新北市,06,三峽區,057
24.9408,121.3615,三峽,C0AC60,2017-04-18T02:00:00+08:00,55.0,183.0,0.7,23.9,0.91,1000.6,-99.0,0.0,-9.9,-99,-999,新北市,06,三峽區,057
24.9408,121.3615,三峽,C0AC60,2017-04-18T03:00:00+08:00,55.0,200.0,2.6,24.0,0.89,1000.1,-99.0,0.0,-9.9,-99,-999,新北市,06,三峽區,057
24.9408,121.3615,三峽,C0AC60,2017-04-18T04:00:00+08:00,55.0,215.0,1.4,25.4,0.83,999.9,-99.0,0.0,-9.9,-99,-999,新北市,06,三峽區,057
24.9408,121.3615,三峽,C0AC60,2017-04-18T05:00:00+08:00,55.0,202.0,1.4,25.0,0.84,1000.1,-99.0,0.0,-9.9,-99,-999,新北市,06,三峽區,057
24.9408,121.3615,三峽,C0AC60,2017-04-18T06:00:00+08:00,55.0,241.0,1.4,25.9,0.80,1000.1,-99.0,0.0,-9.9,-99,-999,新北市,06,三峽區,057
24.9408,121.3615,三峽,C0AC60,2017-04-18T07:00:00+08:00,55.0,207.0,1.1,25.3,0.80,1000.8,-99.0,0.0,-9.9,-99,-999,新北市,06,三峽區,057
24.9408,121.3615,三峽,C0AC60,2017-04-18T08:00:00+08:00,55.0,200.0,1.9,25.9,0.79,1001.6,-99.0,0.0,-9.9,-99,-999,新北市,06,三峽區,057
24.9408,121.3615,三峽,C0AC60,2017-04-18T09:00:00+08:00,55.0,0.0,0.1,27.0,0.74,1001.8,-99.0,0.0,-9.9,-99,-999,新北市,06,三峽區,057
24.9408,121.3615,三峽,C0AC60,2017-04-18T10:00:00+08:00,55.0,48.0,0.5,27.8,0.75,1001.8,-99.0,0.0,-9.9,-99,-999,新北市,06,三峽區,057
24.9408,121.3615,三峽,C0AC60,2017-04-18T11:00:00+08:00,55.0,348.0,1.6,27.4,0.79,1002.1,-99.0,0.0,-9.9,-99,-999,新北市,06,三峽區,057
24.9408,121.3615,三峽,C0AC60,2017-04-18T12:00:00+08:00,55.0,312.0,2.1,27.8,0.75,1001.7,-99.0,0.0,-9.9,-99,-999,新北市,06,三峽區,057
24.9408,121.3615,三峽,C0AC60,2017-04-18T13:00:00+08:00,55.0,312.0,2.2,27.2,0.77,1001.6,-99.0,0.0,-9.9,-99,-999,新北市,06,三峽區,057
24.9408,121.3615,三峽,C0AC60,2017-04-18T14:00:00+08:00,55.0,323.0,1.6,27.0,0.79,1001.1,-99.0,0.0,-9.9,-99,-999,新北市,06,三峽區,057
24.9408,121.3615,三峽,C0AC60,2017-04-18T15:00:00+08:00,55.0,315.0,1.7,27.6,0.76,1000.6,-99.0,0.0,-9.9,-99,-999,新北市,06,三峽區,057
24.9408,121.3615,三峽,C0AC60,2017-04-18T16:00:00+08:00,55.0,311.0,0.7,27.2,0.78,1000.6,-99.0,0.0,-9.9,-99,-999,新北市,06,三峽區,057
24.9408,121.3615,三峽,C0AC60,2017-04-18T17:00:00+08:00,55.0,234.0,1.2,27.2,0.80,1000.9,-99.0,0.0,-9.9,-99,-999,新北市,06,三峽區,057
24.9408,121.3615,三峽,C0AC60,2017-04-18T18:00:00+08:00,55.0,236.0,0.5,27.2,0.81,1001.5,-99.0,0.0,-9.9,-99,-999,新北市,06,三峽區,057
24.9408,121.3615,三峽,C0AC60,2017-04-18T19:00:00+08:00,55.0,207.0,0.5,26.9,0.83,1001.8,-99.0,0.0,-9.9,-99,-999,新北市,06,三峽區,057
24.9408,121.3615,三峽,C0AC60,2017-04-18T20:00:00+08:00,55.0,0.0,0.0,26.5,0.84,1002.7,-99.0,0.0,-9.9,-99,-999,新北市,06,三峽區,057
24.9408,121.3615,三峽,C0AC60,2017-04-18T21:00:00+08:00,55.0,0.0,0.2,26.0,0.87,1003.5,-99.0,0.0,-9.9,-99,-999,新北市,06,三峽區,057
24.9408,121.3615,三峽,C0AC60,2017-04-18T22:00:00+08:00,55.0,170.0,0.4,25.3,0.90,1003.8,-99.0,0.0,-9.9,-99,-999,新北市,06,三峽區,057
24.9408,121.3615,三峽,C0AC60,2017-04-18T23:00:00+08:00,55.0,153.0,0.3,24.6,0.92,1003.6,-99.0,0.0,-9.9,-99,-999,新北市,06,三峽區,057
24.9408,121.3615,三峽,C0AC60,2017-04-19T00:00:00+08:00,55.0,164.0,0.7,24.5,0.93,1003.5,-99.0,0.0,-9.9,-99,-999,新北市,06,三峽區,057
24.9408,121.3615,三峽,C0AC60,2017-04-19T01:00:00+08:00,55.0,136.0,0.3,24.6,0.91,1003.5,-99.0,0.0,-9.9,-99,-999,新北市,06,三峽區,057
24.9408,121.3615,三峽,C0AC60,2017-04-19T02:00:00+08:00,55.0,101.0,0.4,24.2,0.91,1003.0,-99.0,0.0,-9.9,-99,-999,新北市,06,三峽區,057
24.9408,121.3615,三峽,C0AC60,2017-04-19T03:00:00+08:00,55.0,156.0,1.5,24.1,0.92,1002.8,-99.0,0.0,-9.9,-99,-999,新北市,06,三峽區,057
24.9408,121.3615,三峽,C0AC60,2017-04-19T04:00:00+08:00,55.0,0.0,0.0,24.1,0.91,1003.0,-99.0,0.0,-9.9,-99,-999,新北市,06,三峽區,057
24.9408,121.3615,三峽,C0AC60,2017-04-19T05:00:00+08:00,55.0,171.0,1.1,24.0,0.91,1003.5,-99.0,0.0,-9.9,-99,-999,新北市,06,三峽區,057
24.9408,121.3615,三峽,C0AC60,2017-04-19T06:00:00+08:00,55.0,0.0,0.0,24.0,0.91,1004.0,-99.0,0.0,-9.9,-99,-999,新北市,06,三峽區,057
24.9408,121.3615,三峽,C0AC60,2017-04-19T07:00:00+08:00,55.0,0.0,0.0,25.0,0.88,1004.2,-99.0,0.0,-9.9,-99,-999,新北市,06,三峽區,057
24.9408,121.3615,三峽,C0AC60,2017-04-19T08:00:00+08:00,55.0,87.0,0.5,26.1,0.84,1004.9,-99.0,0.0,-9.9,-99,-999,新北市,06,三峽區,057
24.9408,121.3615,三峽,C0AC60,2017-04-19T10:00:00+08:00,55.0,89.0,0.3,29.7,0.67,1005.0,-99.0,0.0,-9.9,-99,-999,新北市,06,三峽區,057
24.9408,121.3615,三峽,C0AC60,2017-04-19T11:00:00+08:00,55.0,28.0,0.5,30.6,0.62,1004.4,-99.0,0.0,-9.9,-99,-999,新北市,06,三峽區,057
24.9408,121.3615,三峽,C0AC60,2017-04-19T12:00:00+08:00,55.0,337.0,1.3,29.2,0.73,1003.7,-99.0,0.0,-9.9,-99,-999,新北市,06,三峽區,057
24.9408,121.3615,三峽,C0AC60,2017-04-19T13:00:00+08:00,55.0,350.0,0.7,28.8,0.74,1003.0,-99.0,0.0,-9.9,-99,-999,新北市,06,三峽區,057
24.9408,121.3615,三峽,C0AC60,2017-04-19T14:00:00+08:00,55.0,82.0,2.0,27.1,0.79,1002.4,-99.0,0.0,-9.9,-99,-999,新北市,06,三峽區,057
24.9408,121.3615,三峽,C0AC60,2017-04-19T15:00:00+08:00,55.0,82.0,3.3,25.8,0.79,1001.9,-99.0,0.0,-9.9,-99,-999,新北市,06,三峽區,057
24.9408,121.3615,三峽,C0AC60,2017-04-19T16:00:00+08:00,55.0,84.0,0.9,24.7,0.87,1002.5,-99.0,0.0,-9.9,-99,-999,新北市,06,三峽區,057
24.9408,121.3615,三峽,C0AC60,2017-04-19T17:00:00+08:00,55.0,45.0,0.4,24.8,0.86,1003.2,-99.0,0.0,-9.9,-99,-999,新北市,06,三峽區,057
24.9408,121.3615,三峽,C0AC60,2017-04-19T18:00:00+08:00,55.0,90.0,1.1,24.7,0.86,1004.2,-99.0,0.0,-9.9,-99,-999,新北市,06,三峽區,057
24.9408,121.3615,三峽,C0AC60,2017-04-19T19:00:00+08:00,55.0,226.0,1.0,24.5,0.88,1005.1,-99.0,0.0,-9.9,-99,-999,新北市,06,三峽區,057
24.9408,121.3615,三峽,C0AC60,2017-04-19T20:00:00+08:00,55.0,0.0,0.1,24.1,0.90,1006.2,-99.0,0.0,-9.9,-99,-999,新北市,06,三峽區,057
24.9408,121.3615,三峽,C0AC60,2017-04-19T21:00:00+08:00,55.0,0.0,0.1,24.5,0.88,1007.2,-99.0,0.0,-9.9,-99,-999,新北市,06,三峽區,057
24.9408,121.3615,三峽,C0AC60,2017-04-19T22:00:00+08:00,55.0,0.0,0.0,24.6,0.88,1007.3,-99.0,0.0,-9.9,-99,-999,新北市,06,三峽區,057
24.9408,121.3615,三峽,C0AC60,2017-04-19T23:00:00+08:00,55.0,214.0,0.3,24.2,0.89,1007.0,-99.0,0.0,-9.9,-99,-999,新北市,06,三峽區,057
24.9408,121.3615,三峽,C0AC60,2017-04-20T00:00:00+08:00,55.0,212.0,0.6,23.9,0.92,1006.3,-99.0,0.0,-9.9,-99,-999,新北市,06,三峽區,057
24.9408,121.3615,三峽,C0AC60,2017-04-20T01:00:00+08:00,55.0,202.0,0.6,23.8,0.90,1005.5,-99.0,0.0,-9.9,-99,-999,新北市,06,三峽區,057
24.9408,121.3615,三峽,C0AC60,2017-04-20T02:00:00+08:00,55.0,205.0,1.0,23.8,0.86,1005.1,-99.0,0.0,-9.9,-99,-999,新北市,06,三峽區,057
24.9408,121.3615,三峽,C0AC60,2017-04-20T03:00:00+08:00,55.0,181.0,0.7,23.7,0.84,1004.1,-99.0,0.0,-9.9,-99,-999,新北市,06,三峽區,057
24.9408,121.3615,三峽,C0AC60,2017-04-20T04:00:00+08:00,55.0,198.0,1.2,23.0,0.87,1004.0,-99.0,0.0,-9.9,-99,-999,新北市,06,三峽區,057
24.9408,121.3615,三峽,C0AC60,2017-04-20T05:00:00+08:00,55.0,160.0,1.6,22.8,0.87,1004.1,-99.0,0.0,-9.9,-99,-999,新北市,06,三峽區,057
24.9408,121.3615,三峽,C0AC60,2017-04-20T06:00:00+08:00,55.0,159.0,0.5,23.0,0.85,1004.0,-99.0,0.0,-9.9,-99,-999,新北市,06,三峽區,057
24.9408,121.3615,三峽,C0AC60,2017-04-20T07:00:00+08:00,55.0,177.0,1.4,23.2,0.84,1004.1,-99.0,0.0,-9.9,-99,-999,新北市,06,三峽區,057
24.9408,121.3615,三峽,C0AC60,2017-04-20T08:00:00+08:00,55.0,228.0,0.8,25.7,0.73,1004.4,-99.0,0.0,-9.9,-99,-999,新北市,06,三峽區,057
24.9408,121.3615,三峽,C0AC60,2017-04-20T09:00:00+08:00,55.0,272.0,1.9,26.2,0.68,1005.9,-99.0,0.0,-9.9,-99,-999,新北市,06,三峽區,057
24.9408,121.3615,三峽,C0AC60,2017-04-20T10:00:00+08:00,55.0,216.0,2.3,26.0,0.73,1005.6,-99.0,0.0,-9.9,-99,-999,新北市,06,三峽區,057
24.9408,121.3615,三峽,C0AC60,2017-04-20T11:00:00+08:00,55.0,217.0,1.5,25.6,0.79,1005.3,-99.0,0.0,-9.9,-99,-999,新北市,06,三峽區,057
24.9408,121.3615,三峽,C0AC60,2017-04-20T12:00:00+08:00,55.0,240.0,1.4,23.8,0.91,1004.3,-99.0,1.5,-9.9,-99,-999,新北市,06,三峽區,057
24.9408,121.3615,三峽,C0AC60,2017-04-20T13:00:00+08:00,55.0,311.0,0.4,25.3,0.85,1002.5,-99.0,2.0,-9.9,-99,-999,新北市,06,三峽區,057
24.9408,121.3615,三峽,C0AC60,2017-04-20T14:00:00+08:00,55.0,201.0,0.9,28.3,0.71,1002.3,-99.0,2.0,-9.9,-99,-999,新北市,06,三峽區,057
24.9408,121.3615,三峽,C0AC60,2017-04-20T15:00:00+08:00,55.0,270.0,0.8,27.3,0.75,1001.8,-99.0,2.0,-9.9,-99,-999,新北市,06,三峽區,057
24.9408,121.3615,三峽,C0AC60,2017-04-20T16:00:00+08:00,55.0,293.0,0.8,27.6,0.72,1001.5,-99.0,2.0,-9.9,-99,-999,新北市,06,三峽區,057
24.9408,121.3615,三峽,C0AC60,2017-04-20T17:00:00+08:00,55.0,304.0,1.2,27.4,0.68,1001.5,-99.0,2.0,-9.9,-99,-999,新北市,06,三峽區,057
24.9408,121.3615,三峽,C0AC60,2017-04-20T18:00:00+08:00,55.0,277.0,0.7,27.3,0.71,1002.1,-99.0,2.0,-9.9,-99,-999,新北市,06,三峽區,057
24.9408,121.3615,三峽,C0AC60,2017-04-20T19:00:00+08:00,55.0,236.0,1.4,26.3,0.77,1002.6,-99.0,2.0,-9.9,-99,-999,新北市,06,三峽區,057
24.9408,121.3615,三峽,C0AC60,2017-04-20T20:00:00+08:00,55.0,0.0,0.0,25.5,0.83,1003.2,-99.0,2.0,-9.9,-99,-999,新北市,06,三峽區,057
24.9408,121.3615,三峽,C0AC60,2017-04-20T21:00:00+08:00,55.0,94.0,0.9,24.5,0.89,1003.3,-99.0,2.0,-9.9,-99,-999,新北市,06,三峽區,057
24.9408,121.3615,三峽,C0AC60,2017-04-20T22:00:00+08:00,55.0,162.0,1.4,24.5,0.90,1004.0,-99.0,2.0,-9.9,-99,-999,新北市,06,三峽區,057
24.9408,121.3615,三峽,C0AC60,2017-04-20T23:00:00+08:00,55.0,187.0,1.2,24.5,0.89,1004.4,-99.0,2.0,-9.9,-99,-999,新北市,06,三峽區,057
24.9408,121.3615,三峽,C0AC60,2017-04-21T00:00:00+08:00,55.0,0.0,0.0,24.4,0.89,1003.7,-99.0,2.0,-9.9,-99,-999,新北市,06,三峽區,057
24.9408,121.3615,三峽,C0AC60,2017-04-21T01:00:00+08:00,55.0,188.0,0.4,24.3,0.89,1003.5,-99.0,0.0,-9.9,-99,-999,新北市,06,三峽區,057
24.9408,121.3615,三峽,C0AC60,2017-04-21T02:00:00+08:00,55.0,171.0,0.4,24.0,0.90,1003.3,-99.0,0.0,-9.9,-99,-999,新北市,06,三峽區,057
24.9408,121.3615,三峽,C0AC60,2017-04-21T03:00:00+08:00,55.0,162.0,1.5,23.6,0.91,1002.9,-99.0,0.0,-9.9,-99,-999,新北市,06,三峽區,057
24.9408,121.3615,三峽,C0AC60,2017-04-21T04:00:00+08:00,55.0,0.0,0.1,23.3,0.92,1002.6,-99.0,0.0,-9.9,-99,-999,新北市,06,三峽區,057
24.9408,121.3615,三峽,C0AC60,2017-04-21T05:00:00+08:00,55.0,0.0,0.2,23.2,0.91,1002.7,-99.0,0.0,-9.9,-99,-999,新北市,06,三峽區,057
24.9408,121.3615,三峽,C0AC60,2017-04-21T06:00:00+08:00,55.0,162.0,1.5,22.8,0.92,1002.9,-99.0,0.0,-9.9,-99,-999,新北市,06,三峽區,057
24.9408,121.3615,三峽,C0AC60,2017-04-21T07:00:00+08:00,55.0,190.0,1.3,24.0,0.88,1003.1,-99.0,0.0,-9.9,-99,-999,新北市,06,三峽區,057
24.9408,121.3615,三峽,C0AC60,2017-04-21T08:00:00+08:00,55.0,0.0,0.1,25.4,0.80,1003.9,-99.0,0.0,-9.9,-99,-999,新北市,06,三峽區,057
24.9408,121.3615,三峽,C0AC60,2017-04-21T09:00:00+08:00,55.0,35.0,0.8,27.5,0.68,1004.0,-99.0,0.0,-9.9,-99,-999,新北市,06,三峽區,057
24.9408,121.3615,三峽,C0AC60,2017-04-21T10:00:00+08:00,55.0,227.0,1.6,29.2,0.60,1003.6,-99.0,0.0,-9.9,-99,-999,新北市,06,三峽區,057
24.9408,121.3615,三峽,C0AC60,2017-04-21T11:00:00+08:00,55.0,246.0,1.6,29.3,0.59,1003.3,-99.0,0.0,-9.9,-99,-999,新北市,06,三峽區,057
24.9408,121.3615,三峽,C0AC60,2017-04-21T12:00:00+08:00,55.0,252.0,1.9,29.5,0.60,1002.6,-99.0,0.0,-9.9,-99,-999,新北市,06,三峽區,057
24.9408,121.3615,三峽,C0AC60,2017-04-21T13:00:00+08:00,55.0,250.0,3.1,30.8,0.54,1001.4,-99.0,0.0,-9.9,-99,-999,新北市,06,三峽區,057
24.9408,121.3615,三峽,C0AC60,2017-04-21T14:00:00+08:00,55.0,309.0,3.0,30.0,0.58,1000.3,-99.0,0.0,-9.9,-99,-999,新北市,06,三峽區,057
24.9408,121.3615,三峽,C0AC60,2017-04-21T15:00:00+08:00,55.0,309.0,2.7,28.4,0.69,1000.1,-99.0,0.0,-9.9,-99,-999,新北市,06,三峽區,057
24.9408,121.3615,三峽,C0AC60,2017-04-21T16:00:00+08:00,55.0,339.0,2.4,26.4,0.80,1000.0,-99.0,0.0,-9.9,-99,-999,新北市,06,三峽區,057
24.9408,121.3615,三峽,C0AC60,2017-04-21T17:00:00+08:00,55.0,312.0,2.2,24.8,0.85,1000.5,-99.0,0.0,-9.9,-99,-999,新北市,06,三峽區,057
24.9408,121.3615,三峽,C0AC60,2017-04-21T18:00:00+08:00,55.0,289.0,1.1,24.1,0.92,1001.9,-99.0,1.0,-9.9,-99,-999,新北市,06,三峽區,057
24.9408,121.3615,三峽,C0AC60,2017-04-21T19:00:00+08:00,55.0,286.0,0.5,23.8,0.92,1002.4,-99.0,5.0,-9.9,-99,-999,新北市,06,三峽區,057
24.9408,121.3615,三峽,C0AC60,2017-04-21T20:00:00+08:00,55.0,76.0,2.0,21.7,0.94,1003.2,-99.0,16.5,-9.9,-99,-999,新北市,06,三峽區,057
24.9408,121.3615,三峽,C0AC60,2017-04-21T21:00:00+08:00,55.0,92.0,1.1,19.6,0.93,1005.9,-99.0,27.5,-9.9,-99,-999,新北市,06,三峽區,057
24.9408,121.3615,三峽,C0AC60,2017-04-21T22:00:00+08:00,55.0,86.0,0.8,19.3,0.92,1007.2,-99.0,33.0,-9.9,-99,-999,新北市,06,三峽區,057
24.9408,121.3615,三峽,C0AC60,2017-04-21T23:00:00+08:00,55.0,89.0,0.6,18.8,0.92,1007.3,-99.0,37.5,-9.9,-99,-999,新北市,06,三峽區,057
24.9408,121.3615,三峽,C0AC60,2017-04-22T00:00:00+08:00,55.0,87.0,1.4,18.3,0.89,1006.7,-99.0,38.0,-9.9,-99,-999,新北市,06,三峽區,057
24.9408,121.3615,三峽,C0AC60,2017-04-22T01:00:00+08:00,55.0,89.0,1.6,18.5,0.87,1006.0,-99.0,0.5,-9.9,-99,-999,新北市,06,三峽區,057
24.9408,121.3615,三峽,C0AC60,2017-04-22T02:00:00+08:00,55.0,81.0,1.0,18.1,0.87,1005.7,-99.0,0.5,-9.9,-99,-999,新北市,06,三峽區,057
24.9408,121.3615,三峽,C0AC60,2017-04-22T03:00:00+08:00,55.0,0.0,0.2,17.7,0.91,1006.0,-99.0,0.5,-9.9,-99,-999,新北市,06,三峽區,057
24.9408,121.3615,三峽,C0AC60,2017-04-22T04:00:00+08:00,55.0,50.0,0.9,17.1,0.90,1006.8,-99.0,2.0,-9.9,-99,-999,新北市,06,三峽區,057
24.9408,121.3615,三峽,C0AC60,2017-04-22T05:00:00+08:00,55.0,82.0,0.8,17.1,0.92,1007.2,-99.0,2.5,-9.9,-99,-999,新北市,06,三峽區,057
24.9408,121.3615,三峽,C0AC60,2017-04-22T06:00:00+08:00,55.0,0.0,0.2,17.2,0.91,1007.6,-99.0,2.5,-9.9,-99,-999,新北市,06,三峽區,057
24.9408,121.3615,三峽,C0AC60,2017-04-22T07:00:00+08:00,55.0,86.0,0.3,17.1,0.86,1008.1,-99.0,3.0,-9.9,-99,-999,新北市,06,三峽區,057
24.9408,121.3615,三峽,C0AC60,2017-04-22T08:00:00+08:00,55.0,86.0,1.6,17.4,0.88,1008.9,-99.0,3.0,-9.9,-99,-999,新北市,06,三峽區,057
24.9408,121.3615,三峽,C0AC60,2017-04-22T10:00:00+08:00,55.0,87.0,0.8,17.7,0.86,1009.2,-99.0,3.5,-9.9,-99,-999,新北市,06,三峽區,057
24.9408,121.3615,三峽,C0AC60,2017-04-22T11:00:00+08:00,55.0,85.0,1.4,17.5,0.88,1009.2,-99.0,4.0,-9.9,-99,-999,新北市,06,三峽區,057
24.9408,121.3615,三峽,C0AC60,2017-04-22T12:00:00+08:00,55.0,83.0,1.4,17.7,0.88,1008.8,-99.0,4.0,-9.9,-99,-999,新北市,06,三峽區,057
24.9408,121.3615,三峽,C0AC60,2017-04-22T13:00:00+08:00,55.0,94.0,1.2,17.8,0.85,1008.4,-99.0,4.0,-9.9,-99,-999,新北市,06,三峽區,057
24.9408,121.3615,三峽,C0AC60,2017-04-22T14:00:00+08:00,55.0,91.0,1.8,17.8,0.83,1007.7,-99.0,4.0,-9.9,-99,-999,新北市,06,三峽區,057
24.9408,121.3615,三峽,C0AC60,2017-04-22T15:00:00+08:00,55.0,93.0,1.0,17.6,0.84,1007.5,-99.0,4.0,-9.9,-99,-999,新北市,06,三峽區,057
24.9408,121.3615,三峽,C0AC60,2017-04-22T16:00:00+08:00,55.0,95.0,1.2,17.4,0.83,1007.6,-99.0,4.0,-9.9,-99,-999,新北市,06,三峽區,057
24.9408,121.3615,三峽,C0AC60,2017-04-22T17:00:00+08:00,55.0,89.0,1.1,17.6,0.82,1007.9,-99.0,4.0,-9.9,-99,-999,新北市,06,三峽區,057
24.9408,121.3615,三峽,C0AC60,2017-04-22T18:00:00+08:00,55.0,92.0,1.1,17.0,0.90,1008.5,-99.0,5.0,-9.9,-99,-999,新北市,06,三峽區,057
24.9408,121.3615,三峽,C0AC60,2017-04-22T19:00:00+08:00,55.0,88.0,0.8,16.9,0.92,1009.0,-99.0,6.0,-9.9,-99,-999,新北市,06,三峽區,057
24.9408,121.3615,三峽,C0AC60,2017-04-22T20:00:00+08:00,55.0,93.0,0.8,17.2,0.93,1009.3,-99.0,8.0,-9.9,-99,-999,新北市,06,三峽區,057
24.9408,121.3615,三峽,C0AC60,2017-04-22T21:00:00+08:00,55.0,97.0,1.7,17.2,0.90,1009.8,-99.0,9.5,-9.9,-99,-999,新北市,06,三峽區,057
24.9408,121.3615,三峽,C0AC60,2017-04-22T22:00:00+08:00,55.0,95.0,2.5,16.6,0.84,1009.8,-99.0,10.0,-9.9,-99,-999,新北市,06,三峽區,057
24.9408,121.3615,三峽,C0AC60,2017-04-22T23:00:00+08:00,55.0,94.0,2.6,16.5,0.73,1009.7,-99.0,10.5,-9.9,-99,-999,新北市,06,三峽區,057
24.9408,121.3615,三峽,C0AC60,2017-04-23T00:00:00+08:00,55.0,94.0,2.0,17.1,0.69,1008.9,-99.0,10.5,-9.9,-99,-999,新北市,06,三峽區,057
24.9408,121.3615,三峽,C0AC60,2017-04-23T01:00:00+08:00,55.0,83.0,2.9,17.9,0.61,1008.0,-99.0,0.0,-9.9,-99,-999,新北市,06,三峽區,057
24.9408,121.3615,三峽,C0AC60,2017-04-23T02:00:00+08:00,55.0,71.0,1.3,17.6,0.66,1008.4,-99.0,0.0,-9.9,-99,-999,新北市,06,三峽區,057
24.9408,121.3615,三峽,C0AC60,2017-04-23T03:00:00+08:00,55.0,91.0,1.9,18.5,0.61,1008.3,-99.0,0.0,-9.9,-99,-999,新北市,06,三峽區,057
24.9408,121.3615,三峽,C0AC60,2017-04-23T04:00:00+08:00,55.0,89.0,1.7,18.8,0.60,1007.5,-99.0,0.0,-9.9,-99,-999,新北市,06,三峽區,057
24.9408,121.3615,三峽,C0AC60,2017-04-23T05:00:00+08:00,55.0,79.0,2.6,18.6,0.63,1007.6,-99.0,0.0,-9.9,-99,-999,新北市,06,三峽區,057
24.9408,121.3615,三峽,C0AC60,2017-04-23T06:00:00+08:00,55.0,83.0,2.9,18.3,0.71,1008.5,-99.0,0.0,-9.9,-99,-999,新北市,06,三峽區,057
24.9408,121.3615,三峽,C0AC60,2017-04-23T07:00:00+08:00,55.0,84.0,2.4,18.9,0.68,1009.5,-99.0,0.0,-9.9,-99,-999,新北市,06,三峽區,057
24.9408,121.3615,三峽,C0AC60,2017-04-23T08:00:00+08:00,55.0,87.0,2.8,19.5,0.63,1009.9,-99.0,0.0,-9.9,-99,-999,新北市,06,三峽區,057
24.9408,121.3615,三峽,C0AC60,2017-04-23T10:00:00+08:00,55.0,84.0,3.4,20.7,0.52,1009.8,-99.0,0.0,-9.9,-99,-999,新北市,06,三峽區,057
24.9408,121.3615,三峽,C0AC60,2017-04-23T11:00:00+08:00,55.0,80.0,3.7,20.6,0.54,1009.4,-99.0,0.0,-9.9,-99,-999,新北市,06,三峽區,057
24.9408,121.3615,三峽,C0AC60,2017-04-23T12:00:00+08:00,55.0,77.0,3.9,21.3,0.51,1008.9,-99.0,0.0,-9.9,-99,-999,新北市,06,三峽區,057
24.9408,121.3615,三峽,C0AC60,2017-04-23T13:00:00+08:00,55.0,79.0,3.8,21.4,0.46,1008.6,-99.0,0.0,-9.9,-99,-999,新北市,06,三峽區,057
24.9408,121.3615,三峽,C0AC60,2017-04-23T14:00:00+08:00,55.0,87.0,2.4,21.5,0.50,1008.1,-99.0,0.0,-9.9,-99,-999,新北市,06,三峽區,057
24.9408,121.3615,三峽,C0AC60,2017-04-23T15:00:00+08:00,55.0,91.0,2.9,21.1,0.56,1008.2,-99.0,0.0,-9.9,-99,-999,新北市,06,三峽區,057
24.9408,121.3615,三峽,C0AC60,2017-04-23T16:00:00+08:00,55.0,96.0,3.1,20.2,0.61,1008.3,-99.0,0.0,-9.9,-99,-999,新北市,06,三峽區,057
24.9408,121.3615,三峽,C0AC60,2017-04-23T17:00:00+08:00,55.0,82.0,3.1,19.5,0.66,1008.3,-99.0,0.0,-9.9,-99,-999,新北市,06,三峽區,057
24.9408,121.3615,三峽,C0AC60,2017-04-23T18:00:00+08:00,55.0,82.0,3.1,19.5,0.62,1008.6,-99.0,0.0,-9.9,-99,-999,新北市,06,三峽區,057
24.9408,121.3615,三峽,C0AC60,2017-04-23T19:00:00+08:00,55.0,82.0,2.6,19.7,0.57,1009.1,-99.0,0.0,-9.9,-99,-999,新北市,06,三峽區,057
24.9408,121.3615,三峽,C0AC60,2017-04-23T20:00:00+08:00,55.0,85.0,2.9,19.1,0.60,1009.5,-99.0,0.0,-9.9,-99,-999,新北市,06,三峽區,057
24.9408,121.3615,三峽,C0AC60,2017-04-23T21:00:00+08:00,55.0,80.0,3.6,19.3,0.60,1009.2,-99.0,0.0,-9.9,-99,-999,新北市,06,三峽區,057
24.9408,121.3615,三峽,C0AC60,2017-04-23T22:00:00+08:00,55.0,83.0,2.4,19.4,0.61,1009.7,-99.0,0.0,-9.9,-99,-999,新北市,06,三峽區,057
24.9408,121.3615,三峽,C0AC60,2017-04-23T23:00:00+08:00,55.0,79.0,3.0,19.5,0.64,1009.5,-99.0,0.0,-9.9,-99,-999,新北市,06,三峽區,057
24.9408,121.3615,三峽,C0AC60,2017-04-24T00:00:00+08:00,55.0,108.0,0.7,19.5,0.67,1008.9,-99.0,0.0,-9.9,-99,-999,新北市,06,三峽區,057
24.9408,121.3615,三峽,C0AC60,2017-04-24T01:00:00+08:00,55.0,167.0,1.0,18.9,0.74,1008.6,-99.0,0.0,-9.9,-99,-999,新北市,06,三峽區,057
24.9408,121.3615,三峽,C0AC60,2017-04-24T02:00:00+08:00,55.0,165.0,1.1,18.6,0.78,1008.0,-99.0,0.0,-9.9,-99,-999,新北市,06,三峽區,057
24.9408,121.3615,三峽,C0AC60,2017-04-24T03:00:00+08:00,55.0,158.0,0.9,18.4,0.82,1007.6,-99.0,0.0,-9.9,-99,-999,新北市,06,三峽區,057
24.9408,121.3615,三峽,C0AC60,2017-04-24T04:00:00+08:00,55.0,158.0,1.8,18.4,0.83,1008.0,-99.0,0.0,-9.9,-99,-999,新北市,06,三峽區,057
24.9408,121.3615,三峽,C0AC60,2017-04-24T05:00:00+08:00,55.0,151.0,1.1,18.2,0.87,1008.6,-99.0,0.0,-9.9,-99,-999,新北市,06,三峽區,057
24.9408,121.3615,三峽,C0AC60,2017-04-24T06:00:00+08:00,55.0,86.0,1.1,17.6,0.93,1009.1,-99.0,0.0,-9.9,-99,-999,新北市,06,三峽區,057
24.9408,121.3615,三峽,C0AC60,2017-04-24T07:00:00+08:00,55.0,176.0,0.6,18.4,0.91,1009.3,-99.0,0.0,-9.9,-99,-999,新北市,06,三峽區,057
24.9408,121.3615,三峽,C0AC60,2017-04-24T08:00:00+08:00,55.0,90.0,0.5,18.6,0.92,1009.7,-99.0,0.0,-9.9,-99,-999,新北市,06,三峽區,057
24.9408,121.3615,三峽,C0AC60,2017-04-24T10:00:00+08:00,55.0,143.0,0.5,19.8,0.88,1010.3,-99.0,0.0,-9.9,-99,-999,新北市,06,三峽區,057
24.9408,121.3615,三峽,C0AC60,2017-04-24T11:00:00+08:00,55.0,91.0,0.4,20.5,0.86,1010.4,-99.0,0.0,-9.9,-99,-999,新北市,06,三峽區,057
24.9408,121.3615,三峽,C0AC60,2017-04-24T12:00:00+08:00,55.0,0.0,0.0,20.5,0.89,1010.1,-99.0,0.5,-9.9,-99,-999,新北市,06,三峽區,057
24.9408,121.3615,三峽,C0AC60,2017-04-24T13:00:00+08:00,55.0,91.0,0.6,20.5,0.91,1009.7,-99.0,0.5,-9.9,-99,-999,新北市,06,三峽區,057
24.9408,121.3615,三峽,C0AC60,2017-04-24T14:00:00+08:00,55.0,81.0,0.9,21.1,0.89,1008.8,-99.0,0.5,-9.9,-99,-999,新北市,06,三峽區,057
24.9408,121.3615,三峽,C0AC60,2017-04-24T15:00:00+08:00,55.0,0.0,0.0,22.4,0.82,1008.2,-99.0,0.5,-9.9,-99,-999,新北市,06,三峽區,057
24.9408,121.3615,三峽,C0AC60,2017-04-24T16:00:00+08:00,55.0,0.0,0.0,23.0,0.79,1008.0,-99.0,0.5,-9.9,-99,-999,新北市,06,三峽區,057
24.9408,121.3615,三峽,C0AC60,2017-04-24T17:00:00+08:00,55.0,0.0,0.0,22.8,0.79,1007.9,-99.0,0.5,-9.9,-99,-999,新北市,06,三峽區,057
24.9408,121.3615,三峽,C0AC60,2017-04-24T18:00:00+08:00,55.0,0.0,0.2,22.5,0.84,1007.9,-99.0,0.5,-9.9,-99,-999,新北市,06,三峽區,057
24.9408,121.3615,三峽,C0AC60,2017-04-24T19:00:00+08:00,55.0,200.0,0.3,21.9,0.88,1007.9,-99.0,0.5,-9.9,-99,-999,新北市,06,三峽區,057
24.9408,121.3615,三峽,C0AC60,2017-04-24T20:00:00+08:00,55.0,0.0,0.0,21.2,0.92,1008.3,-99.0,0.5,-9.9,-99,-999,新北市,06,三峽區,057
24.9408,121.3615,三峽,C0AC60,2017-04-24T21:00:00+08:00,55.0,156.0,1.5,20.7,0.92,1008.9,-99.0,0.5,-9.9,-99,-999,新北市,06,三峽區,057
24.9408,121.3615,三峽,C0AC60,2017-04-24T22:00:00+08:00,55.0,164.0,2.4,20.0,0.94,1009.4,-99.0,0.5,-9.9,-99,-999,新北市,06,三峽區,057
24.9408,121.3615,三峽,C0AC60,2017-04-24T23:00:00+08:00,55.0,97.0,0.8,19.8,0.93,1008.9,-99.0,0.5,-9.9,-99,-999,新北市,06,三峽區,057
24.9408,121.3615,三峽,C0AC60,2017-04-25T00:00:00+08:00,55.0,0.0,0.0,19.8,0.91,1008.5,-99.0,0.5,-9.9,-99,-999,新北市,06,三峽區,057
24.9408,121.3615,三峽,C0AC60,2017-04-25T01:00:00+08:00,55.0,161.0,1.6,19.6,0.92,1008.1,-99.0,0.0,-9.9,-99,-999,新北市,06,三峽區,057
24.9408,121.3615,三峽,C0AC60,2017-04-25T02:00:00+08:00,55.0,0.0,0.0,19.3,0.93,1007.5,-99.0,0.0,-9.9,-99,-999,新北市,06,三峽區,057
24.9408,121.3615,三峽,C0AC60,2017-04-25T03:00:00+08:00,55.0,0.0,0.0,19.0,0.93,1007.1,-99.0,0.0,-9.9,-99,-999,新北市,06,三峽區,057
24.9408,121.3615,三峽,C0AC60,2017-04-25T04:00:00+08:00,55.0,96.0,0.5,18.6,0.94,1007.1,-99.0,0.0,-9.9,-99,-999,新北市,06,三峽區,057
24.9408,121.3615,三峽,C0AC60,2017-04-25T05:00:00+08:00,55.0,0.0,0.0,18.5,0.94,1007.2,-99.0,0.0,-9.9,-99,-999,新北市,06,三峽區,057
24.9408,121.3615,三峽,C0AC60,2017-04-25T06:00:00+08:00,55.0,96.0,1.0,18.7,0.92,1007.3,-99.0,0.0,-9.9,-99,-999,新北市,06,三峽區,057
24.9408,121.3615,三峽,C0AC60,2017-04-25T07:00:00+08:00,55.0,0.0,0.0,19.8,0.90,1007.6,-99.0,0.0,-9.9,-99,-999,新北市,06,三峽區,057
24.9408,121.3615,三峽,C0AC60,2017-04-25T08:00:00+08:00,55.0,210.0,0.8,20.9,0.85,1008.2,-99.0,0.0,-9.9,-99,-999,新北市,06,三峽區,057
24.9408,121.3615,三峽,C0AC60,2017-04-25T10:00:00+08:00,55.0,0.0,0.2,24.4,0.72,1008.7,-99.0,0.0,-9.9,-99,-999,新北市,06,三峽區,057
24.9408,121.3615,三峽,C0AC60,2017-04-25T11:00:00+08:00,55.0,316.0,1.2,25.6,0.68,1008.3,-99.0,0.0,-9.9,-99,-999,新北市,06,三峽區,057
24.9408,121.3615,三峽,C0AC60,2017-04-25T12:00:00+08:00,55.0,237.0,0.5,26.5,0.66,1007.9,-99.0,0.0,-9.9,-99,-999,新北市,06,三峽區,057
24.9408,121.3615,三峽,C0AC60,2017-04-25T13:00:00+08:00,55.0,241.0,0.7,26.6,0.67,1007.2,-99.0,0.0,-9.9,-99,-999,新北市,06,三峽區,057
24.9408,121.3615,三峽,C0AC60,2017-04-25T14:00:00+08:00,55.0,0.0,0.2,27.0,0.66,1006.6,-99.0,0.0,-9.9,-99,-999,新北市,06,三峽區,057
24.9408,121.3615,三峽,C0AC60,2017-04-25T15:00:00+08:00,55.0,333.0,1.3,26.7,0.72,1005.9,-99.0,0.0,-9.9,-99,-999,新北市,06,三峽區,057
24.9408,121.3615,三峽,C0AC60,2017-04-25T16:00:00+08:00,55.0,307.0,1.1,25.8,0.77,1005.9,-99.0,0.0,-9.9,-99,-999,新北市,06,三峽區,057
24.9408,121.3615,三峽,C0AC60,2017-04-25T17:00:00+08:00,55.0,331.0,0.5,25.2,0.80,1005.8,-99.0,0.0,-9.9,-99,-999,新北市,06,三峽區,057
24.9408,121.3615,三峽,C0AC60,2017-04-25T18:00:00+08:00,55.0,312.0,0.9,24.1,0.87,1006.1,-99.0,0.0,-9.9,-99,-999,新北市,06,三峽區,057
24.9408,121.3615,三峽,C0AC60,2017-04-25T19:00:00+08:00,55.0,0.0,0.0,23.7,0.89,1006.2,-99.0,0.0,-9.9,-99,-999,新北市,06,三峽區,057
24.9408,121.3615,三峽,C0AC60,2017-04-25T20:00:00+08:00,55.0,0.0,0.0,23.5,0.89,1006.8,-99.0,0.0,-9.9,-99,-999,新北市,06,三峽區,057
24.9408,121.3615,三峽,C0AC60,2017-04-25T21:00:00+08:00,55.0,206.0,0.5,23.2,0.92,1007.2,-99.0,0.0,-9.9,-99,-999,新北市,06,三峽區,057
24.9408,121.3615,三峽,C0AC60,2017-04-25T22:00:00+08:00,55.0,197.0,0.3,23.0,0.92,1007.5,-99.0,0.0,-9.9,-99,-999,新北市,06,三峽區,057
24.9408,121.3615,三峽,C0AC60,2017-04-25T23:00:00+08:00,55.0,0.0,0.0,22.9,0.93,1007.2,-99.0,0.0,-9.9,-99,-999,新北市,06,三峽區,057
24.9408,121.3615,三峽,C0AC60,2017-04-26T00:00:00+08:00,55.0,0.0,0.2,22.7,0.94,1006.5,-99.0,0.0,-9.9,-99,-999,新北市,06,三峽區,057
24.9408,121.3615,三峽,C0AC60,2017-04-26T01:00:00+08:00,55.0,0.0,0.0,22.4,0.94,1005.7,-99.0,0.0,-9.9,-99,-999,新北市,06,三峽區,057
24.9408,121.3615,三峽,C0AC60,2017-04-26T02:00:00+08:00,55.0,0.0,0.0,22.3,0.94,1005.4,-99.0,0.0,-9.9,-99,-999,新北市,06,三峽區,057
24.9408,121.3615,三峽,C0AC60,2017-04-26T03:00:00+08:00,55.0,0.0,0.0,22.1,0.95,1004.8,-99.0,0.0,-9.9,-99,-999,新北市,06,三峽區,057
24.9408,121.3615,三峽,C0AC60,2017-04-26T04:00:00+08:00,55.0,0.0,0.1,22.0,0.95,1004.5,-99.0,0.0,-9.9,-99,-999,新北市,06,三峽區,057
24.9408,121.3615,三峽,C0AC60,2017-04-26T05:00:00+08:00,55.0,93.0,0.8,21.9,0.93,1004.4,-99.0,0.0,-9.9,-99,-999,新北市,06,三峽區,057
24.9408,121.3615,三峽,C0AC60,2017-04-26T06:00:00+08:00,55.0,0.0,0.0,22.0,0.92,1004.4,-99.0,0.0,-9.9,-99,-999,新北市,06,三峽區,057
24.9408,121.3615,三峽,C0AC60,2017-04-26T07:00:00+08:00,55.0,0.0,0.1,22.6,0.89,1005.0,-99.0,0.0,-9.9,-99,-999,新北市,06,三峽區,057
24.9408,121.3615,三峽,C0AC60,2017-04-26T08:00:00+08:00,55.0,0.0,0.1,23.2,0.89,1005.4,-99.0,0.0,-9.9,-99,-999,新北市,06,三峽區,057
24.9408,121.3615,三峽,C0AC60,2017-04-26T10:00:00+08:00,55.0,0.0,0.0,26.0,0.75,1005.9,-99.0,0.0,-9.9,-99,-999,新北市,06,三峽區,057
24.9408,121.3615,三峽,C0AC60,2017-04-26T11:00:00+08:00,55.0,273.0,1.0,27.5,0.72,1005.5,-99.0,0.0,-9.9,-99,-999,新北市,06,三峽區,057
24.9408,121.3615,三峽,C0AC60,2017-04-26T12:00:00+08:00,55.0,0.0,0.1,27.2,0.74,1005.0,-99.0,0.0,-9.9,-99,-999,新北市,06,三峽區,057
24.9408,121.3615,三峽,C0AC60,2017-04-26T13:00:00+08:00,55.0,241.0,2.8,27.5,0.74,1004.2,-99.0,0.0,-9.9,-99,-999,新北市,06,三峽區,057
24.9408,121.3615,三峽,C0AC60,2017-04-26T14:00:00+08:00,55.0,347.0,2.4,27.2,0.75,1003.5,-99.0,0.0,-9.9,-99,-999,新北市,06,三峽區,057
24.9408,121.3615,三峽,C0AC60,2017-04-26T15:00:00+08:00,55.0,298.0,1.5,28.1,0.70,1003.1,-99.0,0.0,-9.9,-99,-999,新北市,06,三峽區,057
24.9408,121.3615,三峽,C0AC60,2017-04-26T16:00:00+08:00,55.0,329.0,2.9,27.8,0.72,1002.7,-99.0,0.0,-9.9,-99,-999,新北市,06,三峽區,057
24.9408,121.3615,三峽,C0AC60,2017-04-26T17:00:00+08:00,55.0,330.0,0.4,23.8,0.80,1003.6,-99.0,0.0,-9.9,-99,-999,新北市,06,三峽區,057
24.9408,121.3615,三峽,C0AC60,2017-04-26T18:00:00+08:00,55.0,34.0,1.0,23.0,0.79,1005.2,-99.0,0.0,-9.9,-99,-999,新北市,06,三峽區,057
24.9408,121.3615,三峽,C0AC60,2017-04-26T19:00:00+08:00,55.0,92.0,1.6,22.4,0.83,1006.2,-99.0,0.0,-9.9,-99,-999,新北市,06,三峽區,057
24.9408,121.3615,三峽,C0AC60,2017-04-26T20:00:00+08:00,55.0,90.0,0.9,21.3,0.90,1007.3,-99.0,0.5,-9.9,-99,-999,新北市,06,三峽區,057
24.9408,121.3615,三峽,C0AC60,2017-04-26T21:00:00+08:00,55.0,87.0,1.5,20.6,0.91,1008.1,-99.0,1.5,-9.9,-99,-999,新北市,06,三峽區,057
24.9408,121.3615,三峽,C0AC60,2017-04-26T22:00:00+08:00,55.0,91.0,1.4,20.4,0.87,1008.5,-99.0,1.5,-9.9,-99,-999,新北市,06,三峽區,057
24.9408,121.3615,三峽,C0AC60,2017-04-26T23:00:00+08:00,55.0,89.0,0.9,20.2,0.87,1008.5,-99.0,1.5,-9.9,-99,-999,新北市,06,三峽區,057
24.9408,121.3615,三峽,C0AC60,2017-04-27T00:00:00+08:00,55.0,96.0,1.5,20.1,0.85,1008.4,-99.0,1.5,-9.9,-99,-999,新北市,06,三峽區,057
24.9408,121.3615,三峽,C0AC60,2017-04-27T01:00:00+08:00,55.0,95.0,1.7,19.8,0.86,1008.3,-99.0,0.0,-9.9,-99,-999,新北市,06,三峽區,057
24.9408,121.3615,三峽,C0AC60,2017-04-27T02:00:00+08:00,55.0,86.0,1.8,19.2,0.88,1007.1,-99.0,0.0,-9.9,-99,-999,新北市,06,三峽區,057
24.9408,121.3615,三峽,C0AC60,2017-04-27T03:00:00+08:00,55.0,85.0,2.0,19.0,0.90,1006.3,-99.0,0.5,-9.9,-99,-999,新北市,06,三峽區,057
24.9408,121.3615,三峽,C0AC60,2017-04-27T04:00:00+08:00,55.0,88.0,1.9,19.3,0.86,1006.3,-99.0,0.5,-9.9,-99,-999,新北市,06,三峽區,057
24.9408,121.3615,三峽,C0AC60,2017-04-27T05:00:00+08:00,55.0,89.0,1.7,19.1,0.87,1006.5,-99.0,1.0,-9.9,-99,-999,新北市,06,三峽區,057
24.9408,121.3615,三峽,C0AC60,2017-04-27T06:00:00+08:00,55.0,82.0,2.4,18.8,0.90,1006.6,-99.0,2.0,-9.9,-99,-999,新北市,06,三峽區,057
24.9408,121.3615,三峽,C0AC60,2017-04-27T07:00:00+08:00,55.0,85.0,2.4,18.7,0.89,1007.5,-99.0,3.0,-9.9,-99,-999,新北市,06,三峽區,057
24.9408,121.3615,三峽,C0AC60,2017-04-27T08:00:00+08:00,55.0,93.0,2.1,17.9,0.94,1008.4,-99.0,11.5,-9.9,-99,-999,新北市,06,三峽區,057
24.9408,121.3615,三峽,C0AC60,2017-04-27T09:00:00+08:00,55.0,93.0,0.5,18.1,0.92,1009.5,-99.0,15.5,-9.9,-99,-999,新北市,06,三峽區,057
24.9408,121.3615,三峽,C0AC60,2017-04-27T10:00:00+08:00,55.0,93.0,2.4,18.0,0.90,1009.9,-99.0,15.5,-9.9,-99,-999,新北市,06,三峽區,057
24.9408,121.3615,三峽,C0AC60,2017-04-27T11:00:00+08:00,55.0,94.0,2.2,18.2,0.81,1010.1,-99.0,15.5,-9.9,-99,-999,新北市,06,三峽區,057
24.9408,121.3615,三峽,C0AC60,2017-04-28T01:00:00+08:00,55.0,77.0,1.7,16.7,0.70,1009.9,-99.0,0.0,-9.9,-99,-999,新北市,06,三峽區,057
24.9408,121.3615,三峽,C0AC60,2017-04-28T02:00:00+08:00,55.0,66.0,0.6,16.9,0.71,1009.6,-99.0,0.0,-9.9,-99,-999,新北市,06,三峽區,057
24.9408,121.3615,三峽,C0AC60,2017-04-28T03:00:00+08:00,55.0,93.0,0.9,16.7,0.74,1009.3,-99.0,0.0,-9.9,-99,-999,新北市,06,三峽區,057
24.9408,121.3615,三峽,C0AC60,2017-04-28T04:00:00+08:00,55.0,67.0,0.8,16.8,0.65,1009.3,-99.0,0.0,-9.9,-99,-999,新北市,06,三峽區,057
24.9408,121.3615,三峽,C0AC60,2017-04-28T05:00:00+08:00,55.0,45.0,0.7,16.2,0.70,1009.7,-99.0,0.0,-9.9,-99,-999,新北市,06,三峽區,057
24.9408,121.3615,三峽,C0AC60,2017-04-28T06:00:00+08:00,55.0,0.0,0.0,15.9,0.74,1010.0,-99.0,0.0,-9.9,-99,-999,新北市,06,三峽區,057
24.9408,121.3615,三峽,C0AC60,2017-04-28T07:00:00+08:00,55.0,0.0,0.1,16.9,0.69,1010.2,-99.0,0.0,-9.9,-99,-999,新北市,06,三峽區,057
24.9408,121.3615,三峽,C0AC60,2017-04-28T08:00:00+08:00,55.0,95.0,1.2,19.5,0.54,1010.4,-99.0,0.0,-9.9,-99,-999,新北市,06,三峽區,057
24.9408,121.3615,三峽,C0AC60,2017-04-28T09:00:00+08:00,55.0,93.0,2.0,20.4,0.48,1010.5,-99.0,0.0,-9.9,-99,-999,新北市,06,三峽區,057
24.9408,121.3615,三峽,C0AC60,2017-04-28T10:00:00+08:00,55.0,71.0,2.4,21.2,0.40,1010.0,-99.0,0.0,-9.9,-99,-999,新北市,06,三峽區,057
24.9408,121.3615,三峽,C0AC60,2017-04-28T11:00:00+08:00,55.0,64.0,3.1,21.7,0.40,1009.4,-99.0,0.0,-9.9,-99,-999,新北市,06,三峽區,057
24.9408,121.3615,三峽,C0AC60,2017-04-28T12:00:00+08:00,55.0,55.0,3.1,22.3,0.39,1008.8,-99.0,0.0,-9.9,-99,-999,新北市,06,三峽區,057
24.9408,121.3615,三峽,C0AC60,2017-04-28T13:00:00+08:00,55.0,53.0,3.0,22.8,0.37,1008.2,-99.0,0.0,-9.9,-99,-999,新北市,06,三峽區,057
24.9408,121.3615,三峽,C0AC60,2017-04-28T14:00:00+08:00,55.0,84.0,2.6,23.2,0.37,1007.5,-99.0,0.0,-9.9,-99,-999,新北市,06,三峽區,057
24.9408,121.3615,三峽,C0AC60,2017-04-28T15:00:00+08:00,55.0,80.0,3.1,23.4,0.37,1006.9,-99.0,0.0,-9.9,-99,-999,新北市,06,三峽區,057
24.9408,121.3615,三峽,C0AC60,2017-04-28T16:00:00+08:00,55.0,78.0,2.7,23.3,0.38,1006.4,-99.0,0.0,-9.9,-99,-999,新北市,06,三峽區,057
24.9408,121.3615,三峽,C0AC60,2017-04-28T17:00:00+08:00,55.0,78.0,3.6,22.6,0.39,1006.5,-99.0,0.0,-9.9,-99,-999,新北市,06,三峽區,057
24.9408,121.3615,三峽,C0AC60,2017-04-28T18:00:00+08:00,55.0,82.0,2.0,21.3,0.41,1007.3,-99.0,0.0,-9.9,-99,-999,新北市,06,三峽區,057
24.9408,121.3615,三峽,C0AC60,2017-04-28T19:00:00+08:00,55.0,86.0,2.1,19.9,0.45,1007.8,-99.0,0.0,-9.9,-99,-999,新北市,06,三峽區,057
24.9408,121.3615,三峽,C0AC60,2017-04-28T20:00:00+08:00,55.0,90.0,1.8,19.2,0.49,1008.5,-99.0,0.0,-9.9,-99,-999,新北市,06,三峽區,057
24.9408,121.3615,三峽,C0AC60,2017-04-28T21:00:00+08:00,55.0,89.0,1.4,18.8,0.51,1009.1,-99.0,0.0,-9.9,-99,-999,新北市,06,三峽區,057
24.9408,121.3615,三峽,C0AC60,2017-04-28T22:00:00+08:00,55.0,97.0,1.6,18.1,0.54,1009.4,-99.0,0.0,-9.9,-99,-999,新北市,06,三峽區,057
24.9408,121.3615,三峽,C0AC60,2017-04-28T23:00:00+08:00,55.0,94.0,0.9,16.7,0.64,1008.9,-99.0,0.0,-9.9,-99,-999,新北市,06,三峽區,057
24.9408,121.3615,三峽,C0AC60,2017-04-29T00:00:00+08:00,55.0,0.0,0.2,16.1,0.71,1008.5,-99.0,0.0,-9.9,-99,-999,新北市,06,三峽區,057
24.9408,121.3615,三峽,C0AC60,2017-04-29T01:00:00+08:00,55.0,0.0,0.0,15.5,0.77,1008.4,-99.0,0.0,-9.9,-99,-999,新北市,06,三峽區,057
24.9408,121.3615,三峽,C0AC60,2017-04-29T02:00:00+08:00,55.0,141.0,1.5,14.7,0.82,1008.2,-99.0,0.0,-9.9,-99,-999,新北市,06,三峽區,057
24.9408,121.3615,三峽,C0AC60,2017-04-29T03:00:00+08:00,55.0,0.0,0.0,14.4,0.84,1008.1,-99.0,0.0,-9.9,-99,-999,新北市,06,三峽區,057
24.9408,121.3615,三峽,C0AC60,2017-04-29T04:00:00+08:00,55.0,99.0,0.4,13.8,0.86,1008.1,-99.0,0.0,-9.9,-99,-999,新北市,06,三峽區,057
24.9408,121.3615,三峽,C0AC60,2017-04-29T05:00:00+08:00,55.0,97.0,1.0,13.3,0.86,1008.3,-99.0,0.0,-9.9,-99,-999,新北市,06,三峽區,057
24.9408,121.3615,三峽,C0AC60,2017-04-29T06:00:00+08:00,55.0,116.0,0.6,13.7,0.80,1008.9,-99.0,0.0,-9.9,-99,-999,新北市,06,三峽區,057
24.9408,121.3615,三峽,C0AC60,2017-04-29T07:00:00+08:00,55.0,122.0,0.6,15.7,0.72,1009.1,-99.0,0.0,-9.9,-99,-999,新北市,06,三峽區,057
24.9408,121.3615,三峽,C0AC60,2017-04-29T08:00:00+08:00,55.0,96.0,1.1,19.0,0.59,1009.3,-99.0,0.0,-9.9,-99,-999,新北市,06,三峽區,057
24.9408,121.3615,三峽,C0AC60,2017-04-29T10:00:00+08:00,55.0,85.0,2.0,24.0,0.39,1009.0,-99.0,0.0,-9.9,-99,-999,新北市,06,三峽區,057
24.9408,121.3615,三峽,C0AC60,2017-04-29T11:00:00+08:00,55.0,59.0,2.7,25.2,0.32,1008.4,-99.0,0.0,-9.9,-99,-999,新北市,06,三峽區,057
24.9408,121.3615,三峽,C0AC60,2017-04-29T12:00:00+08:00,55.0,45.0,1.6,26.4,0.30,1008.0,-99.0,0.0,-9.9,-99,-999,新北市,06,三峽區,057
24.9408,121.3615,三峽,C0AC60,2017-04-29T13:00:00+08:00,55.0,28.0,1.8,27.0,0.29,1007.3,-99.0,0.0,-9.9,-99,-999,新北市,06,三峽區,057
24.9408,121.3615,三峽,C0AC60,2017-04-29T14:00:00+08:00,55.0,78.0,1.9,27.9,0.29,1006.4,-99.0,0.0,-9.9,-99,-999,新北市,06,三峽區,057
24.9408,121.3615,三峽,C0AC60,2017-04-29T15:00:00+08:00,55.0,78.0,1.2,27.7,0.31,1006.2,-99.0,0.0,-9.9,-99,-999,新北市,06,三峽區,057
24.9408,121.3615,三峽,C0AC60,2017-04-29T16:00:00+08:00,55.0,69.0,1.8,26.8,0.35,1005.9,-99.0,0.0,-9.9,-99,-999,新北市,06,三峽區,057
24.9408,121.3615,三峽,C0AC60,2017-04-29T17:00:00+08:00,55.0,83.0,1.8,25.9,0.36,1006.0,-99.0,0.0,-9.9,-99,-999,新北市,06,三峽區,057
24.9408,121.3615,三峽,C0AC60,2017-04-29T18:00:00+08:00,55.0,75.0,2.3,24.5,0.40,1006.4,-99.0,0.0,-9.9,-99,-999,新北市,06,三峽區,057
24.9408,121.3615,三峽,C0AC60,2017-04-29T19:00:00+08:00,55.0,82.0,2.6,23.0,0.48,1006.8,-99.0,0.0,-9.9,-99,-999,新北市,06,三峽區,057
24.9408,121.3615,三峽,C0AC60,2017-04-29T20:00:00+08:00,55.0,99.0,0.7,21.8,0.53,1007.6,-99.0,0.0,-9.9,-99,-999,新北市,06,三峽區,057
24.9408,121.3615,三峽,C0AC60,2017-04-29T21:00:00+08:00,55.0,146.0,0.6,19.8,0.69,1008.1,-99.0,0.0,-9.9,-99,-999,新北市,06,三峽區,057
24.9408,121.3615,三峽,C0AC60,2017-04-29T22:00:00+08:00,55.0,160.0,2.2,19.0,0.74,1008.5,-99.0,0.0,-9.9,-99,-999,新北市,06,三峽區,057
24.9408,121.3615,三峽,C0AC60,2017-04-29T23:00:00+08:00,55.0,160.0,0.7,18.9,0.75,1008.3,-99.0,0.0,-9.9,-99,-999,新北市,06,三峽區,057
24.9408,121.3615,三峽,C0AC60,2017-04-30T00:00:00+08:00,55.0,150.0,1.2,18.9,0.76,1007.9,-99.0,0.0,-9.9,-99,-999,新北市,06,三峽區,057
24.9408,121.3615,三峽,C0AC60,2017-04-30T01:00:00+08:00,55.0,178.0,0.6,18.7,0.77,1007.5,-99.0,0.0,-9.9,-99,-999,新北市,06,三峽區,057
24.9408,121.3615,三峽,C0AC60,2017-04-30T02:00:00+08:00,55.0,0.0,0.0,19.1,0.75,1007.3,-99.0,0.0,-9.9,-99,-999,新北市,06,三峽區,057
24.9408,121.3615,三峽,C0AC60,2017-04-30T03:00:00+08:00,55.0,201.0,0.4,19.2,0.72,1007.0,-99.0,0.0,-9.9,-99,-999,新北市,06,三峽區,057
24.9408,121.3615,三峽,C0AC60,2017-04-30T04:00:00+08:00,55.0,212.0,0.8,18.9,0.73,1007.2,-99.0,0.0,-9.9,-99,-999,新北市,06,三峽區,057
24.9408,121.3615,三峽,C0AC60,2017-04-30T05:00:00+08:00,55.0,173.0,1.6,18.1,0.79,1007.6,-99.0,0.0,-9.9,-99,-999,新北市,06,三峽區,057
24.9408,121.3615,三峽,C0AC60,2017-04-30T06:00:00+08:00,55.0,163.0,1.9,17.7,0.81,1008.0,-99.0,0.0,-9.9,-99,-999,新北市,06,三峽區,057
24.9408,121.3615,三峽,C0AC60,2017-04-30T07:00:00+08:00,55.0,0.0,0.1,19.5,0.71,1008.5,-99.0,0.0,-9.9,-99,-999,新北市,06,三峽區,057
24.9408,121.3615,三峽,C0AC60,2017-04-30T08:00:00+08:00,55.0,0.0,0.2,21.6,0.66,1008.9,-99.0,0.0,-9.9,-99,-999,新北市,06,三峽區,057
24.9408,121.3615,三峽,C0AC60,2017-04-30T09:00:00+08:00,55.0,300.0,0.8,23.4,0.58,1008.9,-99.0,0.0,-9.9,-99,-999,新北市,06,三峽區,057
24.9408,121.3615,三峽,C0AC60,2017-04-30T10:00:00+08:00,55.0,248.0,0.6,25.3,0.53,1008.4,-99.0,0.0,-9.9,-99,-999,新北市,06,三峽區,057
24.9408,121.3615,三峽,C0AC60,2017-04-30T11:00:00+08:00,55.0,245.0,0.6,26.6,0.46,1007.9,-99.0,0.0,-9.9,-99,-999,新北市,06,三峽區,057
24.9408,121.3615,三峽,C0AC60,2017-04-30T12:00:00+08:00,55.0,309.0,0.6,27.3,0.44,1007.3,-99.0,0.0,-9.9,-99,-999,新北市,06,三峽區,057
24.9408,121.3615,三峽,C0AC60,2017-04-30T13:00:00+08:00,55.0,328.0,1.5,27.8,0.46,1006.9,-99.0,0.0,-9.9,-99,-999,新北市,06,三峽區,057
24.9408,121.3615,三峽,C0AC60,2017-04-30T14:00:00+08:00,55.0,308.0,2.2,27.6,0.48,1006.4,-99.0,0.0,-9.9,-99,-999,新北市,06,三峽區,057
24.9408,121.3615,三峽,C0AC60,2017-04-30T15:00:00+08:00,55.0,310.0,1.1,28.4,0.44,1006.2,-99.0,0.0,-9.9,-99,-999,新北市,06,三峽區,057
24.9408,121.3615,三峽,C0AC60,2017-04-30T16:00:00+08:00,55.0,343.0,1.8,27.2,0.40,1005.9,-99.0,0.0,-9.9,-99,-999,新北市,06,三峽區,057
24.9408,121.3615,三峽,C0AC60,2017-04-30T17:00:00+08:00,55.0,2.0,0.5,26.8,0.41,1006.0,-99.0,0.0,-9.9,-99,-999,新北市,06,三峽區,057
24.9408,121.3615,三峽,C0AC60,2017-04-30T18:00:00+08:00,55.0,0.0,0.2,26.1,0.42,1006.2,-99.0,0.0,-9.9,-99,-999,新北市,06,三峽區,057
24.9408,121.3615,三峽,C0AC60,2017-04-30T19:00:00+08:00,55.0,156.0,1.5,23.9,0.59,1006.6,-99.0,0.0,-9.9,-99,-999,新北市,06,三峽區,057
24.9408,121.3615,三峽,C0AC60,2017-04-30T20:00:00+08:00,55.0,173.0,2.0,21.8,0.71,1006.9,-99.0,0.0,-9.9,-99,-999,新北市,06,三峽區,057
24.9408,121.3615,三峽,C0AC60,2017-04-30T21:00:00+08:00,55.0,212.0,1.0,21.1,0.75,1007.5,-99.0,0.0,-9.9,-99,-999,新北市,06,三峽區,057
24.9408,121.3615,三峽,C0AC60,2017-04-30T22:00:00+08:00,55.0,195.0,0.6,20.7,0.77,1008.0,-99.0,0.0,-9.9,-99,-999,新北市,06,三峽區,057
24.9408,121.3615,三峽,C0AC60,2017-04-30T23:00:00+08:00,55.0,163.0,1.8,20.2,0.79,1008.1,-99.0,0.0,-9.9,-99,-999,新北市,06,三峽區,057
