24.940806,121.361500,三峽,C0AC60,2018-11-01T00:00:00+08:00,55.0,87,1.9,18.2,0.99,1013.2,-99,6.5,-99,-99,-99,新北市,06,三峽區,057
24.940806,121.361500,三峽,C0AC60,2018-11-01T01:00:00+08:00,55.0,93,3.1,19.5,0.91,1012.8,-99,0.0,8.2,86,2018-11-01T00:42:00+08:00,新北市,06,三峽區,057
24.940806,121.361500,三峽,C0AC60,2018-11-01T02:00:00+08:00,55.0,96,1.5,19.1,0.95,1011.9,-99,0.0,8.8,89,2018-11-01T01:28:00+08:00,新北市,06,三峽區,057
24.940806,121.361500,三峽,C0AC60,2018-11-01T03:00:00+08:00,55.0,92,3.0,19.9,0.88,1011.8,-99,0.0,8.8,61,2018-11-01T02:39:00+08:00,新北市,06,三峽區,057
24.940806,121.361500,三峽,C0AC60,2018-11-01T04:00:00+08:00,55.0,95,2.3,18.9,0.96,1012.0,-99,1.0,-99,-99,-99,新北市,06,三峽區,057
24.940806,121.361500,三峽,C0AC60,2018-11-01T05:00:00+08:00,55.0,94,2.6,19.1,0.95,1012.5,-99,1.0,8.2,79,2018-11-01T04:31:00+08:00,新北市,06,三峽區,057
24.940806,121.361500,三峽,C0AC60,2018-11-01T06:00:00+08:00,55.0,94,1.2,18.8,0.99,1013.3,-99,1.5,-99,-99,-99,新北市,06,三峽區,057
24.940806,121.361500,三峽,C0AC60,2018-11-01T07:00:00+08:00,55.0,92,2.6,18.7,0.98,1014.0,-99,2.0,7.7,87,2018-11-01T06:43:00+08:00,新北市,06,三峽區,057
24.940806,121.361500,三峽,C0AC60,2018-11-01T08:00:00+08:00,55.0,93,2.6,19.2,0.93,1013.8,-99,2.0,8.8,90,2018-11-01T07:47:00+08:00,新北市,06,三峽區,057
24.940806,121.361500,三峽,C0AC60,2018-11-01T09:00:00+08:00,55.0,94,3.6,18.9,0.96,1014.1,-99,2.5,8.8,72,2018-11-01T08:57:00+08:00,新北市,06,三峽區,057
24.940806,121.361500,三峽,C0AC60,2018-11-01T10:00:00+08:00,55.0,92,3.0,20.0,0.85,1014.0,-99,2.5,-99,-99,-99,新北市,06,三峽區,057
24.940806,121.361500,三峽,C0AC60,2018-11-01T11:00:00+08:00,55.0,94,2.5,19.5,0.94,1013.6,-99,3.0,9.9,80,2018-11-01T10:55:00+08:00,新北市,06,三峽區,057
24.940806,121.361500,三峽,C0AC60,2018-11-01T12:00:00+08:00,55.0,74,3.2,19.6,0.96,1012.9,-99,3.0,-99,-99,-99,新北市,06,三峽區,057
24.940806,121.361500,三峽,C0AC60,2018-11-01T13:00:00+08:00,55.0,82,3.0,18.9,0.99,1012.4,-99,3.5,11.5,87,2018-11-01T12:34:00+08:00,新北市,06,三峽區,057
24.940806,121.361500,三峽,C0AC60,2018-11-01T14:00:00+08:00,55.0,85,3.9,18.5,0.99,1012.4,-99,4.5,11.0,74,2018-11-01T13:54:00+08:00,新北市,06,三峽區,057
24.940806,121.361500,三峽,C0AC60,2018-11-01T15:00:00+08:00,55.0,86,2.4,19.0,0.96,1012.8,-99,5.0,12.6,50,2018-11-01T14:05:00+08:00,新北市,06,三峽區,057
24.940806,121.361500,三峽,C0AC60,2018-11-01T16:00:00+08:00,55.0,95,1.9,19.3,0.94,1012.9,-99,5.0,8.2,63,2018-11-01T15:46:00+08:00,新北市,06,三峽區,057
24.940806,121.361500,三峽,C0AC60,2018-11-01T17:00:00+08:00,55.0,93,2.6,18.8,0.96,1013.2,-99,5.0,7.7,89,2018-11-01T16:57:00+08:00,新北市,06,三峽區,057
24.940806,121.361500,三峽,C0AC60,2018-11-01T18:00:00+08:00,55.0,92,2.2,19.4,0.92,1013.5,-99,5.0,7.7,99,2018-11-01T17:19:00+08:00,新北市,06,三峽區,057
24.940806,121.361500,三峽,C0AC60,2018-11-01T19:00:00+08:00,55.0,94,3.5,19.5,0.9,1013.7,-99,5.0,9.3,100,2018-11-01T18:45:00+08:00,新北市,06,三峽區,057
24.940806,121.361500,三峽,C0AC60,2018-11-01T20:00:00+08:00,55.0,94,3.1,19.7,0.89,1013.8,-99,5.0,8.2,71,2018-11-01T19:57:00+08:00,新北市,06,三峽區,057
24.940806,121.361500,三峽,C0AC60,2018-11-01T21:00:00+08:00,55.0,86,1.7,19.3,0.95,1013.7,-99,5.0,9.3,84,2018-11-01T20:49:00+08:00,新北市,06,三峽區,057
24.940806,121.361500,三峽,C0AC60,2018-11-01T22:00:00+08:00,55.0,79,3.3,18.8,0.99,1013.3,-99,5.0,9.9,49,2018-11-01T21:53:00+08:00,新北市,06,三峽區,057
24.940806,121.361500,三峽,C0AC60,2018-11-01T23:00:00+08:00,55.0,80,3.3,18.7,0.99,1012.8,-99,5.0,12.1,90,2018-11-01T22:23:00+08:00,新北市,06,三峽區,057
24.940806,121.361500,三峽,C0AC60,2018-11-02T00:00:00+08:00,55.0,68,3.1,19.3,0.99,1012.5,-99,5.0,-99,-99,-99,新北市,06,三峽區,057
24.940806,121.361500,三峽,C0AC60,2018-11-02T01:00:00+08:00,55.0,74,2.5,19.5,0.99,1012.1,-99,0.0,8.8,72,2018-11-02T00:32:00+08:00,新北市,06,三峽區,057
24.940806,121.361500,三峽,C0AC60,2018-11-02T02:00:00+08:00,55.0,75,3.5,19.5,0.99,1011.9,-99,0.5,-99,-99,-99,新北市,06,三峽區,057
24.940806,121.361500,三峽,C0AC60,2018-11-02T03:00:00+08:00,55.0,80,3.3,19.6,0.99,1011.5,-99,1.0,9.9,75,2018-11-02T03:00:00+08:00,新北市,06,三峽區,057
24.940806,121.361500,三峽,C0AC60,2018-11-02T04:00:00+08:00,55.0,76,3.4,19.8,0.99,1010.9,-99,1.5,11.0,89,2018-11-02T03:05:00+08:00,新北市,06,三峽區,057
24.940806,121.361500,三峽,C0AC60,2018-11-02T05:00:00+08:00,55.0,71,3.2,20.0,0.99,1010.9,-99,2.0,9.9,39,2018-11-02T04:01:00+08:00,新北市,06,三峽區,057
24.940806,121.361500,三峽,C0AC60,2018-11-02T06:00:00+08:00,55.0,75,2.7,20.0,0.99,1011.2,-99,2.0,8.8,68,2018-11-02T05:20:00+08:00,新北市,06,三峽區,057
24.940806,121.361500,三峽,C0AC60,2018-11-02T07:00:00+08:00,55.0,81,2.2,20.1,0.99,1011.2,-99,2.5,9.3,61,2018-11-02T06:36:00+08:00,新北市,06,三峽區,057
24.940806,121.361500,三峽,C0AC60,2018-11-02T08:00:00+08:00,55.0,86,2.2,20.5,0.99,1012.1,-99,2.5,11.0,74,2018-11-02T07:45:00+08:00,新北市,06,三峽區,057
24.940806,121.361500,三峽,C0AC60,2018-11-02T09:00:00+08:00,55.0,86,1.8,20.9,0.99,1012.2,-99,3.0,8.8,72,2018-11-02T08:06:00+08:00,新北市,06,三峽區,057
24.940806,121.361500,三峽,C0AC60,2018-11-02T10:00:00+08:00,55.0,88,2.8,21.3,0.99,1011.7,-99,5.5,9.3,82,2018-11-02T09:03:00+08:00,新北市,06,三峽區,057
24.940806,121.361500,三峽,C0AC60,2018-11-02T11:00:00+08:00,55.0,85,2.4,22.1,0.99,1011.2,-99,5.5,9.9,86,2018-11-02T10:19:00+08:00,新北市,06,三峽區,057
24.940806,121.361500,三峽,C0AC60,2018-11-02T12:00:00+08:00,55.0,71,3.1,22.5,0.99,1010.0,-99,5.5,10.4,83,2018-11-02T11:46:00+08:00,新北市,06,三峽區,057
24.940806,121.361500,三峽,C0AC60,2018-11-02T13:00:00+08:00,55.0,71,3.0,22.8,0.99,1009.8,-99,5.5,10.4,80,2018-11-02T12:02:00+08:00,新北市,06,三峽區,057
24.940806,121.361500,三峽,C0AC60,2018-11-02T14:00:00+08:00,55.0,75,3.9,22.8,0.99,1009.0,-99,5.5,9.9,101,2018-11-02T13:59:00+08:00,新北市,06,三峽區,057
24.940806,121.361500,三峽,C0AC60,2018-11-02T15:00:00+08:00,55.0,75,3.4,22.7,0.99,1009.2,-99,5.5,9.3,78,2018-11-02T14:03:00+08:00,新北市,06,三峽區,057
24.940806,121.361500,三峽,C0AC60,2018-11-02T16:00:00+08:00,55.0,62,1.3,22.3,0.99,1009.5,-99,5.5,11.5,65,2018-11-02T15:09:00+08:00,新北市,06,三峽區,057
24.940806,121.361500,三峽,C0AC60,2018-11-02T17:00:00+08:00,55.0,69,2.0,21.9,0.99,1010.1,-99,7.0,8.2,68,2018-11-02T16:42:00+08:00,新北市,06,三峽區,057
24.940806,121.361500,三峽,C0AC60,2018-11-02T18:00:00+08:00,55.0,88,2.5,21.6,0.99,1010.3,-99,8.0,8.2,81,2018-11-02T17:39:00+08:00,新北市,06,三峽區,057
24.940806,121.361500,三峽,C0AC60,2018-11-02T19:00:00+08:00,55.0,88,0.6,21.4,0.99,1010.4,-99,9.5,8.2,49,2018-11-02T18:49:00+08:00,新北市,06,三峽區,057
24.940806,121.361500,三峽,C0AC60,2018-11-02T20:00:00+08:00,55.0,73,2.5,21.4,0.99,1010.9,-99,9.5,7.7,93,2018-11-02T19:55:00+08:00,新北市,06,三峽區,057
24.940806,121.361500,三峽,C0AC60,2018-11-02T21:00:00+08:00,55.0,71,3.3,21.3,0.99,1010.9,-99,9.5,-99,-99,-99,新北市,06,三峽區,057
24.940806,121.361500,三峽,C0AC60,2018-11-02T22:00:00+08:00,55.0,70,2.7,21.4,0.99,1010.8,-99,9.5,9.3,76,2018-11-02T21:15:00+08:00,新北市,06,三峽區,057
24.940806,121.361500,三峽,C0AC60,2018-11-02T23:00:00+08:00,55.0,81,2.5,21.9,0.97,1010.4,-99,9.5,7.7,73,2018-11-02T22:36:00+08:00,新北市,06,三峽區,057
24.940806,121.361500,三峽,C0AC60,2018-11-03T00:00:00+08:00,55.0,84,3.7,22.0,0.98,1009.8,-99,9.5,-99,-99,-99,新北市,06,三峽區,057
24.940806,121.361500,三峽,C0AC60,2018-11-03T01:00:00+08:00,55.0,77,2.5,22.4,0.96,1009.9,-99,0.0,9.3,90,2018-11-03T00:08:00+08:00,新北市,06,三峽區,057
24.940806,121.361500,三峽,C0AC60,2018-11-03T02:00:00+08:00,55.0,85,2.4,22.1,0.99,1009.5,-99,0.0,7.7,71,2018-11-03T01:16:00+08:00,新北市,06,三峽區,057
24.940806,121.361500,三峽,C0AC60,2018-11-03T03:00:00+08:00,55.0,91,2.2,22.2,0.99,1009.1,-99,0.0,-99,-99,-99,新北市,06,三峽區,057
24.940806,121.361500,三峽,C0AC60,2018-11-03T04:00:00+08:00,55.0,107,0.6,22.0,0.99,1009.1,-99,0.0,-99,-99,-99,新北市,06,三峽區,057
24.940806,121.361500,三峽,C0AC60,2018-11-03T05:00:00+08:00,55.0,104,0.9,22.3,0.99,1009.0,-99,0.0,-99,-99,-99,新北市,06,三峽區,057
24.940806,121.361500,三峽,C0AC60,2018-11-03T06:00:00+08:00,55.0,86,1.9,22.7,0.99,1009.5,-99,0.0,-99,-99,-99,新北市,06,三峽區,057
24.940806,121.361500,三峽,C0AC60,2018-11-03T07:00:00+08:00,55.0,97,1.1,22.7,0.99,1010.1,-99,0.0,-99,-99,-99,新北市,06,三峽區,057
24.940806,121.361500,三峽,C0AC60,2018-11-03T08:00:00+08:00,55.0,72,0.7,23.8,0.99,1010.7,-99,0.0,-99,-99,-99,新北市,06,三峽區,057
24.940806,121.361500,三峽,C0AC60,2018-11-03T09:00:00+08:00,55.0,79,1.5,24.6,0.95,1011.1,-99,0.0,-99,-99,-99,新北市,06,三峽區,057
24.940806,121.361500,三峽,C0AC60,2018-11-03T10:00:00+08:00,55.0,65,1.5,25.4,0.9,1011.2,-99,0.0,-99,-99,-99,新北市,06,三峽區,057
24.940806,121.361500,三峽,C0AC60,2018-11-03T11:00:00+08:00,55.0,84,1.1,25.9,0.89,1010.8,-99,0.0,-99,-99,-99,新北市,06,三峽區,057
24.940806,121.361500,三峽,C0AC60,2018-11-03T12:00:00+08:00,55.0,318,1.1,24.4,0.97,1010.4,-99,0.0,-99,-99,-99,新北市,06,三峽區,057
24.940806,121.361500,三峽,C0AC60,2018-11-03T13:00:00+08:00,55.0,318,0.7,23.7,0.99,1009.8,-99,0.0,-99,-99,-99,新北市,06,三峽區,057
24.940806,121.361500,三峽,C0AC60,2018-11-03T14:00:00+08:00,55.0,310,0.7,24.2,0.97,1009.4,-99,0.0,-99,-99,-99,新北市,06,三峽區,057
24.940806,121.361500,三峽,C0AC60,2018-11-03T15:00:00+08:00,55.0,322,0.3,24.0,0.98,1009.2,-99,0.0,-99,-99,-99,新北市,06,三峽區,057
24.940806,121.361500,三峽,C0AC60,2018-11-03T16:00:00+08:00,55.0,321,0.5,23.7,0.99,1009.4,-99,0.0,-99,-99,-99,新北市,06,三峽區,057
24.940806,121.361500,三峽,C0AC60,2018-11-03T17:00:00+08:00,55.0,316,0.7,23.4,0.99,1009.8,-99,0.0,-99,-99,-99,新北市,06,三峽區,057
24.940806,121.361500,三峽,C0AC60,2018-11-03T18:00:00+08:00,55.0,298,0.6,23.0,0.99,1010.3,-99,0.0,-99,-99,-99,新北市,06,三峽區,057
24.940806,121.361500,三峽,C0AC60,2018-11-03T19:00:00+08:00,55.0,310,0.3,23.0,0.99,1011.0,-99,0.0,-99,-99,-99,新北市,06,三峽區,057
24.940806,121.361500,三峽,C0AC60,2018-11-03T20:00:00+08:00,55.0,233,1.0,23.0,0.99,1011.4,-99,0.0,-99,-99,-99,新北市,06,三峽區,057
24.940806,121.361500,三峽,C0AC60,2018-11-03T21:00:00+08:00,55.0,0,0.0,23.1,0.99,1011.6,-99,0.0,-99,-99,-99,新北市,06,三峽區,057
24.940806,121.361500,三峽,C0AC60,2018-11-03T22:00:00+08:00,55.0,0,0.0,22.9,0.99,1011.6,-99,0.0,-99,-99,-99,新北市,06,三峽區,057
24.940806,121.361500,三峽,C0AC60,2018-11-03T23:00:00+08:00,55.0,0,0.0,22.9,0.99,1011.4,-99,0.0,-99,-99,-99,新北市,06,三峽區,057
24.940806,121.361500,三峽,C0AC60,2018-11-04T00:00:00+08:00,55.0,0,0.1,22.9,0.99,1011.2,-99,0.0,-99,-99,-99,新北市,06,三峽區,057
24.940806,121.361500,三峽,C0AC60,2018-11-04T01:00:00+08:00,55.0,0,0.0,22.6,0.99,1010.9,-99,0.0,-99,-99,-99,新北市,06,三峽區,057
24.940806,121.361500,三峽,C0AC60,2018-11-04T02:00:00+08:00,55.0,0,0.0,22.7,0.99,1010.6,-99,0.0,-99,-99,-99,新北市,06,三峽區,057
24.940806,121.361500,三峽,C0AC60,2018-11-04T03:00:00+08:00,55.0,86,0.3,22.4,1,1010.2,-99,1.0,-99,-99,-99,新北市,06,三峽區,057
24.940806,121.361500,三峽,C0AC60,2018-11-04T04:00:00+08:00,55.0,90,0.4,22.3,0.99,1010.1,-99,2.0,-99,-99,-99,新北市,06,三峽區,057
24.940806,121.361500,三峽,C0AC60,2018-11-04T05:00:00+08:00,55.0,0,0.0,22.3,0.99,1010.5,-99,2.5,-99,-99,-99,新北市,06,三峽區,057
24.940806,121.361500,三峽,C0AC60,2018-11-04T06:00:00+08:00,55.0,0,0.0,22.3,0.99,1011.0,-99,2.5,-99,-99,-99,新北市,06,三峽區,057
24.940806,121.361500,三峽,C0AC60,2018-11-04T07:00:00+08:00,55.0,0,0.2,22.4,0.99,1011.8,-99,2.5,-99,-99,-99,新北市,06,三峽區,057
24.940806,121.361500,三峽,C0AC60,2018-11-04T08:00:00+08:00,55.0,69,0.6,22.9,0.99,1012.0,-99,2.5,-99,-99,-99,新北市,06,三峽區,057
24.940806,121.361500,三峽,C0AC60,2018-11-04T09:00:00+08:00,55.0,84,1.0,24.7,0.95,1012.5,-99,2.5,-99,-99,-99,新北市,06,三峽區,057
24.940806,121.361500,三峽,C0AC60,2018-11-04T10:00:00+08:00,55.0,86,1.6,25.9,0.86,1012.3,-99,2.5,-99,-99,-99,新北市,06,三峽區,057
24.940806,121.361500,三峽,C0AC60,2018-11-04T11:00:00+08:00,55.0,91,1.0,26.5,0.79,1011.6,-99,2.5,-99,-99,-99,新北市,06,三峽區,057
24.940806,121.361500,三峽,C0AC60,2018-11-04T12:00:00+08:00,55.0,88,1.1,25.5,0.81,1011.1,-99,2.5,-99,-99,-99,新北市,06,三峽區,057
24.940806,121.361500,三峽,C0AC60,2018-11-04T13:00:00+08:00,55.0,96,1.1,25.5,0.8,1010.1,-99,2.5,-99,-99,-99,新北市,06,三峽區,057
24.940806,121.361500,三峽,C0AC60,2018-11-04T14:00:00+08:00,55.0,95,1.8,26.6,0.72,1009.5,-99,2.5,-99,-99,-99,新北市,06,三峽區,057
24.940806,121.361500,三峽,C0AC60,2018-11-04T15:00:00+08:00,55.0,95,1.3,27.1,0.71,1009.4,-99,2.5,-99,-99,-99,新北市,06,三峽區,057
24.940806,121.361500,三峽,C0AC60,2018-11-04T16:00:00+08:00,55.0,90,1.6,26.3,0.74,1009.3,-99,2.5,-99,-99,-99,新北市,06,三峽區,057
24.940806,121.361500,三峽,C0AC60,2018-11-04T17:00:00+08:00,55.0,94,1.7,25.0,0.82,1009.8,-99,2.5,-99,-99,-99,新北市,06,三峽區,057
24.940806,121.361500,三峽,C0AC60,2018-11-04T18:00:00+08:00,55.0,91,1.3,24.1,0.91,1010.1,-99,2.5,-99,-99,-99,新北市,06,三峽區,057
24.940806,121.361500,三峽,C0AC60,2018-11-04T19:00:00+08:00,55.0,90,2.0,24.1,0.91,1010.9,-99,2.5,-99,-99,-99,新北市,06,三峽區,057
24.940806,121.361500,三峽,C0AC60,2018-11-04T20:00:00+08:00,55.0,90,1.4,23.8,0.9,1011.2,-99,2.5,-99,-99,-99,新北市,06,三峽區,057
24.940806,121.361500,三峽,C0AC60,2018-11-04T21:00:00+08:00,55.0,83,1.1,23.5,0.91,1011.3,-99,2.5,-99,-99,-99,新北市,06,三峽區,057
24.940806,121.361500,三峽,C0AC60,2018-11-04T22:00:00+08:00,55.0,74,1.8,23.4,0.93,1011.5,-99,2.5,-99,-99,-99,新北市,06,三峽區,057
24.940806,121.361500,三峽,C0AC60,2018-11-04T23:00:00+08:00,55.0,73,1.9,23.4,0.94,1011.8,-99,2.5,-99,-99,-99,新北市,06,三峽區,057
24.940806,121.361500,三峽,C0AC60,2018-11-05T00:00:00+08:00,55.0,77,2.8,23.3,0.97,1011.4,-99,2.5,-99,-99,-99,新北市,06,三峽區,057
24.940806,121.361500,三峽,C0AC60,2018-11-05T01:00:00+08:00,55.0,80,2.2,22.8,0.99,1011.2,-99,0.0,-99,-99,-99,新北市,06,三峽區,057
24.940806,121.361500,三峽,C0AC60,2018-11-05T02:00:00+08:00,55.0,66,1.9,22.6,0.99,1010.7,-99,0.0,-99,-99,-99,新北市,06,三峽區,057
24.940806,121.361500,三峽,C0AC60,2018-11-05T03:00:00+08:00,55.0,82,1.8,22.3,0.99,1010.6,-99,0.0,-99,-99,-99,新北市,06,三峽區,057
24.940806,121.361500,三峽,C0AC60,2018-11-05T04:00:00+08:00,55.0,100,1.3,22.3,0.99,1010.3,-99,0.0,-99,-99,-99,新北市,06,三峽區,057
24.940806,121.361500,三峽,C0AC60,2018-11-05T05:00:00+08:00,55.0,85,2.1,22.2,0.99,1010.6,-99,0.5,-99,-99,-99,新北市,06,三峽區,057
24.940806,121.361500,三峽,C0AC60,2018-11-05T06:00:00+08:00,55.0,92,0.5,22.1,0.99,1011.2,-99,0.5,-99,-99,-99,新北市,06,三峽區,057
24.940806,121.361500,三峽,C0AC60,2018-11-05T07:00:00+08:00,55.0,95,1.2,22.1,0.99,1011.7,-99,0.5,-99,-99,-99,新北市,06,三峽區,057
24.940806,121.361500,三峽,C0AC60,2018-11-05T08:00:00+08:00,55.0,77,2.5,22.8,0.99,1011.8,-99,0.5,-99,-99,-99,新北市,06,三峽區,057
24.940806,121.361500,三峽,C0AC60,2018-11-05T09:00:00+08:00,55.0,78,2.6,24.1,0.97,1012.3,-99,0.5,-99,-99,-99,新北市,06,三峽區,057
24.940806,121.361500,三峽,C0AC60,2018-11-05T10:00:00+08:00,55.0,79,1.9,25.5,0.9,1012.1,-99,0.5,-99,-99,-99,新北市,06,三峽區,057
24.940806,121.361500,三峽,C0AC60,2018-11-05T11:00:00+08:00,55.0,86,2.2,27.0,0.84,1011.6,-99,0.5,8.8,88,2018-11-05T10:17:00+08:00,新北市,06,三峽區,057
24.940806,121.361500,三峽,C0AC60,2018-11-05T12:00:00+08:00,55.0,71,3.0,26.0,0.83,1011.0,-99,0.5,8.8,68,2018-11-05T11:22:00+08:00,新北市,06,三峽區,057
24.940806,121.361500,三峽,C0AC60,2018-11-05T13:00:00+08:00,55.0,79,2.9,26.6,0.82,1010.2,-99,0.5,11.0,80,2018-11-05T12:33:00+08:00,新北市,06,三峽區,057
24.940806,121.361500,三峽,C0AC60,2018-11-05T14:00:00+08:00,55.0,80,2.4,27.7,0.73,1009.7,-99,0.5,8.2,72,2018-11-05T13:08:00+08:00,新北市,06,三峽區,057
24.940806,121.361500,三峽,C0AC60,2018-11-05T15:00:00+08:00,55.0,92,2.3,26.0,0.78,1009.6,-99,0.5,-99,-99,-99,新北市,06,三峽區,057
24.940806,121.361500,三峽,C0AC60,2018-11-05T16:00:00+08:00,55.0,77,2.4,25.6,0.82,1009.7,-99,0.5,-99,-99,-99,新北市,06,三峽區,057
24.940806,121.361500,三峽,C0AC60,2018-11-05T17:00:00+08:00,55.0,94,1.8,25.3,0.87,1009.8,-99,0.5,-99,-99,-99,新北市,06,三峽區,057
24.940806,121.361500,三峽,C0AC60,2018-11-05T18:00:00+08:00,55.0,91,2.3,24.6,0.93,1010.2,-99,0.5,-99,-99,-99,新北市,06,三峽區,057
24.940806,121.361500,三峽,C0AC60,2018-11-05T19:00:00+08:00,55.0,92,1.7,24.5,0.94,1010.8,-99,0.5,-99,-99,-99,新北市,06,三峽區,057
24.940806,121.361500,三峽,C0AC60,2018-11-05T20:00:00+08:00,55.0,82,1.7,24.1,0.96,1011.1,-99,0.5,-99,-99,-99,新北市,06,三峽區,057
24.940806,121.361500,三峽,C0AC60,2018-11-05T21:00:00+08:00,55.0,83,1.5,23.5,0.99,1011.4,-99,0.5,-99,-99,-99,新北市,06,三峽區,057
24.940806,121.361500,三峽,C0AC60,2018-11-05T22:00:00+08:00,55.0,79,2.6,23.2,0.99,1011.4,-99,0.5,-99,-99,-99,新北市,06,三峽區,057
24.940806,121.361500,三峽,C0AC60,2018-11-05T23:00:00+08:00,55.0,77,2.4,23.5,0.96,1011.7,-99,0.5,-99,-99,-99,新北市,06,三峽區,057
24.940806,121.361500,三峽,C0AC60,2018-11-06T00:00:00+08:00,55.0,87,2.2,23.2,0.97,1011.3,-99,0.5,-99,-99,-99,新北市,06,三峽區,057
24.940806,121.361500,三峽,C0AC60,2018-11-06T01:00:00+08:00,55.0,84,3.0,23.1,0.97,1010.7,-99,0.0,8.8,77,2018-11-06T00:48:00+08:00,新北市,06,三峽區,057
24.940806,121.361500,三峽,C0AC60,2018-11-06T02:00:00+08:00,55.0,81,3.2,23.1,0.97,1010.4,-99,0.0,-99,-99,-99,新北市,06,三峽區,057
24.940806,121.361500,三峽,C0AC60,2018-11-06T03:00:00+08:00,55.0,81,3.3,23.0,0.98,1010.3,-99,0.0,-99,-99,-99,新北市,06,三峽區,057
24.940806,121.361500,三峽,C0AC60,2018-11-06T04:00:00+08:00,55.0,82,3.0,23.2,0.97,1010.2,-99,0.0,8.2,57,2018-11-06T03:18:00+08:00,新北市,06,三峽區,057
24.940806,121.361500,三峽,C0AC60,2018-11-06T05:00:00+08:00,55.0,83,2.9,23.1,0.98,1010.5,-99,0.0,8.2,94,2018-11-06T04:15:00+08:00,新北市,06,三峽區,057
24.940806,121.361500,三峽,C0AC60,2018-11-06T06:00:00+08:00,55.0,81,2.8,23.1,0.97,1011.1,-99,0.0,8.8,82,2018-11-06T05:09:00+08:00,新北市,06,三峽區,057
24.940806,121.361500,三峽,C0AC60,2018-11-06T07:00:00+08:00,55.0,83,2.3,23.4,0.95,1011.6,-99,0.0,-99,-99,-99,新北市,06,三峽區,057
24.940806,121.361500,三峽,C0AC60,2018-11-06T08:00:00+08:00,55.0,87,2.0,24.8,0.87,1012.0,-99,0.0,-99,-99,-99,新北市,06,三峽區,057
24.940806,121.361500,三峽,C0AC60,2018-11-06T09:00:00+08:00,55.0,83,2.2,26.5,0.77,1012.5,-99,0.0,8.2,87,2018-11-06T08:30:00+08:00,新北市,06,三峽區,057
24.940806,121.361500,三峽,C0AC60,2018-11-06T10:00:00+08:00,55.0,49,1.7,27.5,0.72,1012.3,-99,0.0,7.7,78,2018-11-06T09:11:00+08:00,新北市,06,三峽區,057
24.940806,121.361500,三峽,C0AC60,2018-11-06T11:00:00+08:00,55.0,79,1.8,29.3,0.64,1011.4,-99,0.0,-99,-99,-99,新北市,06,三峽區,057
24.940806,121.361500,三峽,C0AC60,2018-11-06T12:00:00+08:00,55.0,70,1.8,30.0,0.61,1010.7,-99,0.0,-99,-99,-99,新北市,06,三峽區,057
24.940806,121.361500,三峽,C0AC60,2018-11-06T13:00:00+08:00,55.0,69,2.5,30.4,0.58,1009.9,-99,0.0,-99,-99,-99,新北市,06,三峽區,057
24.940806,121.361500,三峽,C0AC60,2018-11-06T14:00:00+08:00,55.0,61,2.7,30.2,0.59,1009.4,-99,0.0,-99,-99,-99,新北市,06,三峽區,057
24.940806,121.361500,三峽,C0AC60,2018-11-06T15:00:00+08:00,55.0,65,1.9,29.7,0.62,1009.1,-99,0.0,7.7,87,2018-11-06T14:28:00+08:00,新北市,06,三峽區,057
24.940806,121.361500,三峽,C0AC60,2018-11-06T16:00:00+08:00,55.0,71,2.2,28.0,0.68,1009.5,-99,0.0,-99,-99,-99,新北市,06,三峽區,057
24.940806,121.361500,三峽,C0AC60,2018-11-06T17:00:00+08:00,55.0,79,2.1,26.8,0.72,1010.0,-99,0.0,9.3,77,2018-11-06T16:20:00+08:00,新北市,06,三峽區,057
24.940806,121.361500,三峽,C0AC60,2018-11-06T18:00:00+08:00,55.0,81,2.9,25.9,0.78,1010.1,-99,0.0,-99,-99,-99,新北市,06,三峽區,057
24.940806,121.361500,三峽,C0AC60,2018-11-06T19:00:00+08:00,55.0,82,2.9,25.5,0.81,1010.9,-99,0.0,-99,-99,-99,新北市,06,三峽區,057
24.940806,121.361500,三峽,C0AC60,2018-11-06T20:00:00+08:00,55.0,76,2.7,25.2,0.81,1011.6,-99,0.0,-99,-99,-99,新北市,06,三峽區,057
24.940806,121.361500,三峽,C0AC60,2018-11-06T21:00:00+08:00,55.0,81,2.7,24.8,0.85,1011.6,-99,0.0,-99,-99,-99,新北市,06,三峽區,057
24.940806,121.361500,三峽,C0AC60,2018-11-06T22:00:00+08:00,55.0,81,2.7,24.5,0.92,1011.6,-99,0.0,-99,-99,-99,新北市,06,三峽區,057
24.940806,121.361500,三峽,C0AC60,2018-11-06T23:00:00+08:00,55.0,0,0.2,24.0,0.94,1011.7,-99,0.0,-99,-99,-99,新北市,06,三峽區,057
24.940806,121.361500,三峽,C0AC60,2018-11-07T00:00:00+08:00,55.0,156,0.7,23.2,0.96,1011.6,-99,0.0,-99,-99,-99,新北市,06,三峽區,057
24.940806,121.361500,三峽,C0AC60,2018-11-07T01:00:00+08:00,55.0,162,0.8,22.6,0.99,1011.7,-99,0.0,-99,-99,-99,新北市,06,三峽區,057
24.940806,121.361500,三峽,C0AC60,2018-11-07T02:00:00+08:00,55.0,160,1.6,22.1,0.99,1011.5,-99,0.0,-99,-99,-99,新北市,06,三峽區,057
24.940806,121.361500,三峽,C0AC60,2018-11-07T03:00:00+08:00,55.0,160,2.5,21.7,0.99,1011.1,-99,0.0,-99,-99,-99,新北市,06,三峽區,057
24.940806,121.361500,三峽,C0AC60,2018-11-07T04:00:00+08:00,55.0,163,1.5,21.6,0.99,1010.9,-99,0.0,-99,-99,-99,新北市,06,三峽區,057
24.940806,121.361500,三峽,C0AC60,2018-11-07T05:00:00+08:00,55.0,158,1.1,21.4,0.99,1011.1,-99,0.0,-99,-99,-99,新北市,06,三峽區,057
24.940806,121.361500,三峽,C0AC60,2018-11-07T06:00:00+08:00,55.0,146,0.8,21.2,0.99,1011.6,-99,0.0,-99,-99,-99,新北市,06,三峽區,057
24.940806,121.361500,三峽,C0AC60,2018-11-07T07:00:00+08:00,55.0,159,1.4,21.6,0.99,1012.2,-99,0.0,-99,-99,-99,新北市,06,三峽區,057
24.940806,121.361500,三峽,C0AC60,2018-11-07T08:00:00+08:00,55.0,169,0.8,23.3,0.94,1012.9,-99,0.0,-99,-99,-99,新北市,06,三峽區,057
24.940806,121.361500,三峽,C0AC60,2018-11-07T09:00:00+08:00,55.0,0,0.0,25.8,0.85,1013.2,-99,0.0,-99,-99,-99,新北市,06,三峽區,057
24.940806,121.361500,三峽,C0AC60,2018-11-07T10:00:00+08:00,55.0,327,1.2,26.6,0.78,1012.6,-99,0.0,-99,-99,-99,新北市,06,三峽區,057
24.940806,121.361500,三峽,C0AC60,2018-11-07T11:00:00+08:00,55.0,0,0.2,28.4,0.65,1011.8,-99,0.0,-99,-99,-99,新北市,06,三峽區,057
24.940806,121.361500,三峽,C0AC60,2018-11-07T12:00:00+08:00,55.0,249,0.6,29.7,0.61,1011.2,-99,0.0,-99,-99,-99,新北市,06,三峽區,057
24.940806,121.361500,三峽,C0AC60,2018-11-07T13:00:00+08:00,55.0,351,0.9,28.8,0.69,1010.1,-99,0.0,-99,-99,-99,新北市,06,三峽區,057
24.940806,121.361500,三峽,C0AC60,2018-11-07T14:00:00+08:00,55.0,330,2.5,28.8,0.71,1009.6,-99,0.0,-99,-99,-99,新北市,06,三峽區,057
24.940806,121.361500,三峽,C0AC60,2018-11-07T15:00:00+08:00,55.0,317,1.2,28.5,0.74,1009.4,-99,0.0,-99,-99,-99,新北市,06,三峽區,057
24.940806,121.361500,三峽,C0AC60,2018-11-07T16:00:00+08:00,55.0,310,1.5,27.7,0.77,1009.5,-99,0.0,-99,-99,-99,新北市,06,三峽區,057
24.940806,121.361500,三峽,C0AC60,2018-11-07T17:00:00+08:00,55.0,347,1.0,26.6,0.8,1009.7,-99,0.0,-99,-99,-99,新北市,06,三峽區,057
24.940806,121.361500,三峽,C0AC60,2018-11-07T18:00:00+08:00,55.0,308,0.6,25.7,0.89,1009.8,-99,0.0,-99,-99,-99,新北市,06,三峽區,057
24.940806,121.361500,三峽,C0AC60,2018-11-07T19:00:00+08:00,55.0,0,0.0,25.0,0.95,1010.0,-99,0.0,-99,-99,-99,新北市,06,三峽區,057
24.940806,121.361500,三峽,C0AC60,2018-11-07T20:00:00+08:00,55.0,0,0.2,24.3,0.97,1010.5,-99,0.0,-99,-99,-99,新北市,06,三峽區,057
24.940806,121.361500,三峽,C0AC60,2018-11-07T21:00:00+08:00,55.0,193,0.3,23.7,0.99,1010.5,-99,0.0,-99,-99,-99,新北市,06,三峽區,057
24.940806,121.361500,三峽,C0AC60,2018-11-07T22:00:00+08:00,55.0,172,1.1,23.4,0.99,1010.4,-99,0.0,-99,-99,-99,新北市,06,三峽區,057
24.940806,121.361500,三峽,C0AC60,2018-11-07T23:00:00+08:00,55.0,0,0.2,23.0,0.99,1010.4,-99,0.0,-99,-99,-99,新北市,06,三峽區,057
24.940806,121.361500,三峽,C0AC60,2018-11-08T00:00:00+08:00,55.0,197,0.8,22.5,0.99,1010.4,-99,0.0,-99,-99,-99,新北市,06,三峽區,057
24.940806,121.361500,三峽,C0AC60,2018-11-08T01:00:00+08:00,55.0,0,0.0,22.1,0.99,1010.2,-99,0.0,-99,-99,-99,新北市,06,三峽區,057
24.940806,121.361500,三峽,C0AC60,2018-11-08T02:00:00+08:00,55.0,0,0.1,22.0,0.99,1010.2,-99,0.0,-99,-99,-99,新北市,06,三峽區,057
24.940806,121.361500,三峽,C0AC60,2018-11-08T03:00:00+08:00,55.0,215,0.4,21.6,0.99,1010.1,-99,0.0,-99,-99,-99,新北市,06,三峽區,057
24.940806,121.361500,三峽,C0AC60,2018-11-08T04:00:00+08:00,55.0,190,0.3,21.3,0.99,1010.1,-99,0.0,-99,-99,-99,新北市,06,三峽區,057
24.940806,121.361500,三峽,C0AC60,2018-11-08T05:00:00+08:00,55.0,0,0.0,21.0,0.99,1010.4,-99,0.0,-99,-99,-99,新北市,06,三峽區,057
24.940806,121.361500,三峽,C0AC60,2018-11-08T06:00:00+08:00,55.0,0,0.2,20.6,0.99,1010.7,-99,0.0,-99,-99,-99,新北市,06,三峽區,057
24.940806,121.361500,三峽,C0AC60,2018-11-08T07:00:00+08:00,55.0,0,0.2,21.4,0.94,1011.2,-99,0.0,-99,-99,-99,新北市,06,三峽區,057
24.940806,121.361500,三峽,C0AC60,2018-11-08T08:00:00+08:00,55.0,211,1.0,22.6,0.9,1011.6,-99,0.0,-99,-99,-99,新北市,06,三峽區,057
24.940806,121.361500,三峽,C0AC60,2018-11-08T09:00:00+08:00,55.0,281,0.3,25.4,0.86,1011.9,-99,0.0,-99,-99,-99,新北市,06,三峽區,057
24.940806,121.361500,三峽,C0AC60,2018-11-08T10:00:00+08:00,55.0,315,1.7,25.9,0.82,1011.5,-99,0.0,-99,-99,-99,新北市,06,三峽區,057
24.940806,121.361500,三峽,C0AC60,2018-11-08T11:00:00+08:00,55.0,295,0.7,26.9,0.75,1011.0,-99,0.0,-99,-99,-99,新北市,06,三峽區,057
24.940806,121.361500,三峽,C0AC60,2018-11-08T12:00:00+08:00,55.0,275,1.5,28.4,0.65,1010.3,-99,0.0,-99,-99,-99,新北市,06,三峽區,057
24.940806,121.361500,三峽,C0AC60,2018-11-08T13:00:00+08:00,55.0,351,1.0,28.5,0.67,1009.4,-99,0.0,-99,-99,-99,新北市,06,三峽區,057
24.940806,121.361500,三峽,C0AC60,2018-11-08T14:00:00+08:00,55.0,331,1.5,27.7,0.71,1009.3,-99,0.0,-99,-99,-99,新北市,06,三峽區,057
24.940806,121.361500,三峽,C0AC60,2018-11-08T15:00:00+08:00,55.0,341,0.6,28.8,0.66,1009.2,-99,0.0,-99,-99,-99,新北市,06,三峽區,057
24.940806,121.361500,三峽,C0AC60,2018-11-08T16:00:00+08:00,55.0,325,0.6,28.6,0.64,1009.2,-99,0.0,-99,-99,-99,新北市,06,三峽區,057
24.940806,121.361500,三峽,C0AC60,2018-11-08T17:00:00+08:00,55.0,0,0.2,27.0,0.75,1009.5,-99,0.0,-99,-99,-99,新北市,06,三峽區,057
24.940806,121.361500,三峽,C0AC60,2018-11-08T18:00:00+08:00,55.0,89,0.8,26.3,0.8,1009.7,-99,0.0,-99,-99,-99,新北市,06,三峽區,057
24.940806,121.361500,三峽,C0AC60,2018-11-08T19:00:00+08:00,55.0,90,1.2,25.3,0.88,1010.0,-99,0.0,-99,-99,-99,新北市,06,三峽區,057
24.940806,121.361500,三峽,C0AC60,2018-11-08T20:00:00+08:00,55.0,181,0.5,24.5,0.96,1010.6,-99,0.0,-99,-99,-99,新北市,06,三峽區,057
24.940806,121.361500,三峽,C0AC60,2018-11-08T22:00:00+08:00,55.0,153,1.8,22.7,0.9,1011.3,-99,0.0,-99,-99,-99,新北市,06,三峽區,057
24.940806,121.361500,三峽,C0AC60,2018-11-08T23:00:00+08:00,55.0,157,2.0,22.2,0.9,1011.3,-99,0.0,-99,-99,-99,新北市,06,三峽區,057
24.940806,121.361500,三峽,C0AC60,2018-11-09T00:00:00+08:00,55.0,0,0.1,21.9,0.91,1011.5,-99,0.0,-99,-99,-99,新北市,06,三峽區,057
24.940806,121.361500,三峽,C0AC60,2018-11-09T01:00:00+08:00,55.0,92,0.5,21.6,0.94,1011.4,-99,-99,-99,-99,-99,新北市,06,三峽區,057
24.940806,121.361500,三峽,C0AC60,2018-11-09T02:00:00+08:00,55.0,0,0.0,21.4,0.96,1011.1,-99,0.0,-99,-99,-99,新北市,06,三峽區,057
24.940806,121.361500,三峽,C0AC60,2018-11-09T04:00:00+08:00,55.0,86,1.6,22.3,0.98,1010.9,-99,0.0,-99,-99,-99,新北市,06,三峽區,057
24.940806,121.361500,三峽,C0AC60,2018-11-09T05:00:00+08:00,55.0,74,1.4,22.7,0.95,1011.2,-99,0.0,-99,-99,-99,新北市,06,三峽區,057
24.940806,121.361500,三峽,C0AC60,2018-11-09T06:00:00+08:00,55.0,89,1.1,23.1,0.95,1011.8,-99,0.0,-99,-99,-99,新北市,06,三峽區,057
24.940806,121.361500,三峽,C0AC60,2018-11-09T07:00:00+08:00,55.0,90,1.6,23.0,0.96,1012.1,-99,0.0,-99,-99,-99,新北市,06,三峽區,057
24.940806,121.361500,三峽,C0AC60,2018-11-09T08:00:00+08:00,55.0,82,3.2,22.9,0.93,1012.7,-99,0.0,8.8,94,2018-11-09T07:47:00+08:00,新北市,06,三峽區,057
24.940806,121.361500,三峽,C0AC60,2018-11-09T09:00:00+08:00,55.0,84,2.8,22.9,0.91,1013.6,-99,0.0,8.8,76,2018-11-09T08:20:00+08:00,新北市,06,三峽區,057
24.940806,121.361500,三峽,C0AC60,2018-11-09T10:00:00+08:00,55.0,82,3.4,23.5,0.89,1013.3,-99,0.0,9.3,77,2018-11-09T10:00:00+08:00,新北市,06,三峽區,057
24.940806,121.361500,三峽,C0AC60,2018-11-09T11:00:00+08:00,55.0,82,2.5,23.6,0.9,1013.1,-99,0.0,9.9,58,2018-11-09T10:23:00+08:00,新北市,06,三峽區,057
24.940806,121.361500,三峽,C0AC60,2018-11-09T12:00:00+08:00,55.0,80,3.6,25.0,0.83,1012.2,-99,0.0,8.8,75,2018-11-09T11:54:00+08:00,新北市,06,三峽區,057
24.940806,121.361500,三峽,C0AC60,2018-11-09T13:00:00+08:00,55.0,77,3.6,24.0,0.85,1011.6,-99,0.0,9.3,72,2018-11-09T12:07:00+08:00,新北市,06,三峽區,057
24.940806,121.361500,三峽,C0AC60,2018-11-09T14:00:00+08:00,55.0,85,3.4,25.2,0.78,1011.4,-99,0.0,11.0,90,2018-11-09T13:16:00+08:00,新北市,06,三峽區,057
24.940806,121.361500,三峽,C0AC60,2018-11-09T15:00:00+08:00,55.0,81,2.5,24.2,0.81,1011.3,-99,0.0,10.4,72,2018-11-09T14:28:00+08:00,新北市,06,三峽區,057
24.940806,121.361500,三峽,C0AC60,2018-11-09T16:00:00+08:00,55.0,87,2.6,23.7,0.83,1011.7,-99,0.0,11.0,65,2018-11-09T15:29:00+08:00,新北市,06,三峽區,057
24.940806,121.361500,三峽,C0AC60,2018-11-09T17:00:00+08:00,55.0,94,2.4,21.9,0.97,1012.5,-99,0.0,8.2,102,2018-11-09T16:21:00+08:00,新北市,06,三峽區,057
24.940806,121.361500,三峽,C0AC60,2018-11-09T18:00:00+08:00,55.0,94,2.4,21.6,0.98,1012.8,-99,0.0,-99,-99,-99,新北市,06,三峽區,057
24.940806,121.361500,三峽,C0AC60,2018-11-09T19:00:00+08:00,55.0,95,2.9,21.7,0.95,1013.1,-99,0.0,8.2,95,2018-11-09T18:44:00+08:00,新北市,06,三峽區,057
24.940806,121.361500,三峽,C0AC60,2018-11-09T20:00:00+08:00,55.0,74,2.5,21.5,0.98,1013.4,-99,0.0,9.3,75,2018-11-09T19:28:00+08:00,新北市,06,三峽區,057
24.940806,121.361500,三峽,C0AC60,2018-11-09T21:00:00+08:00,55.0,88,2.1,21.2,0.99,1013.7,-99,0.0,-99,-99,-99,新北市,06,三峽區,057
24.940806,121.361500,三峽,C0AC60,2018-11-09T22:00:00+08:00,55.0,95,1.4,21.1,0.99,1013.7,-99,0.0,8.8,96,2018-11-09T21:04:00+08:00,新北市,06,三峽區,057
24.940806,121.361500,三峽,C0AC60,2018-11-09T23:00:00+08:00,55.0,85,2.4,21.3,0.99,1013.4,-99,0.0,7.7,65,2018-11-09T22:56:00+08:00,新北市,06,三峽區,057
24.940806,121.361500,三峽,C0AC60,2018-11-10T00:00:00+08:00,55.0,88,2.9,21.5,0.99,1013.0,-99,0.0,-99,-99,-99,新北市,06,三峽區,057
24.940806,121.361500,三峽,C0AC60,2018-11-10T01:00:00+08:00,55.0,78,3.1,21.9,0.99,1013.0,-99,-99,8.8,85,2018-11-10T01:00:00+08:00,新北市,06,三峽區,057
24.940806,121.361500,三峽,C0AC60,2018-11-10T02:00:00+08:00,55.0,85,1.8,22.0,0.98,1012.5,-99,0.0,8.8,67,2018-11-10T01:05:00+08:00,新北市,06,三峽區,057
24.940806,121.361500,三峽,C0AC60,2018-11-10T03:00:00+08:00,55.0,80,2.6,22.0,0.98,1011.7,-99,0.0,-99,-99,-99,新北市,06,三峽區,057
24.940806,121.361500,三峽,C0AC60,2018-11-10T04:00:00+08:00,55.0,76,2.7,22.2,0.97,1012.1,-99,0.0,8.2,95,2018-11-10T03:31:00+08:00,新北市,06,三峽區,057
24.940806,121.361500,三峽,C0AC60,2018-11-10T05:00:00+08:00,55.0,96,2.0,22.1,0.98,1012.1,-99,0.0,8.2,45,2018-11-10T04:11:00+08:00,新北市,06,三峽區,057
24.940806,121.361500,三峽,C0AC60,2018-11-10T06:00:00+08:00,55.0,64,2.7,22.3,0.98,1012.9,-99,0.0,8.2,81,2018-11-10T05:28:00+08:00,新北市,06,三峽區,057
24.940806,121.361500,三峽,C0AC60,2018-11-10T07:00:00+08:00,55.0,74,2.4,22.4,0.98,1013.3,-99,0.0,9.3,84,2018-11-10T06:16:00+08:00,新北市,06,三峽區,057
24.940806,121.361500,三峽,C0AC60,2018-11-10T08:00:00+08:00,55.0,83,2.8,22.4,0.98,1013.8,-99,0.0,9.3,39,2018-11-10T07:41:00+08:00,新北市,06,三峽區,057
24.940806,121.361500,三峽,C0AC60,2018-11-10T09:00:00+08:00,55.0,77,4.7,23.5,0.93,1013.6,-99,0.0,10.4,88,2018-11-10T08:56:00+08:00,新北市,06,三峽區,057
24.940806,121.361500,三峽,C0AC60,2018-11-10T10:00:00+08:00,55.0,77,4.0,24.7,0.89,1013.1,-99,0.0,12.1,100,2018-11-10T09:08:00+08:00,新北市,06,三峽區,057
24.940806,121.361500,三峽,C0AC60,2018-11-10T11:00:00+08:00,55.0,76,4.4,25.5,0.84,1012.0,-99,0.0,13.2,78,2018-11-10T10:25:00+08:00,新北市,06,三峽區,057
24.940806,121.361500,三峽,C0AC60,2018-11-10T12:00:00+08:00,55.0,66,3.8,26.4,0.74,1011.1,-99,0.0,13.7,65,2018-11-10T11:13:00+08:00,新北市,06,三峽區,057
24.940806,121.361500,三峽,C0AC60,2018-11-10T13:00:00+08:00,55.0,71,4.0,27.2,0.68,1010.6,-99,0.0,11.5,89,2018-11-10T12:10:00+08:00,新北市,06,三峽區,057
24.940806,121.361500,三峽,C0AC60,2018-11-10T14:00:00+08:00,55.0,72,2.8,28.6,0.6,1009.9,-99,0.0,9.3,68,2018-11-10T13:31:00+08:00,新北市,06,三峽區,057
24.940806,121.361500,三峽,C0AC60,2018-11-10T15:00:00+08:00,55.0,71,3.2,28.2,0.57,1009.7,-99,0.0,-99,-99,-99,新北市,06,三峽區,057
24.940806,121.361500,三峽,C0AC60,2018-11-10T16:00:00+08:00,55.0,81,1.7,27.7,0.59,1009.5,-99,0.0,-99,-99,-99,新北市,06,三峽區,057
24.940806,121.361500,三峽,C0AC60,2018-11-10T17:00:00+08:00,55.0,77,3.0,26.6,0.61,1009.9,-99,0.0,-99,-99,-99,新北市,06,三峽區,057
24.940806,121.361500,三峽,C0AC60,2018-11-10T18:00:00+08:00,55.0,88,1.3,25.5,0.65,1010.7,-99,0.0,-99,-99,-99,新北市,06,三峽區,057
24.940806,121.361500,三峽,C0AC60,2018-11-10T19:00:00+08:00,55.0,86,1.6,24.8,0.71,1011.3,-99,0.0,-99,-99,-99,新北市,06,三峽區,057
24.940806,121.361500,三峽,C0AC60,2018-11-10T20:00:00+08:00,55.0,162,1.5,23.7,0.81,1012.1,-99,0.0,-99,-99,-99,新北市,06,三峽區,057
24.940806,121.361500,三峽,C0AC60,2018-11-10T21:00:00+08:00,55.0,156,0.9,22.8,0.92,1012.1,-99,0.0,-99,-99,-99,新北市,06,三峽區,057
24.940806,121.361500,三峽,C0AC60,2018-11-10T22:00:00+08:00,55.0,149,0.7,22.1,0.94,1011.8,-99,0.0,-99,-99,-99,新北市,06,三峽區,057
24.940806,121.361500,三峽,C0AC60,2018-11-10T23:00:00+08:00,55.0,156,2.3,21.6,0.94,1011.7,-99,0.0,-99,-99,-99,新北市,06,三峽區,057
24.940806,121.361500,三峽,C0AC60,2018-11-11T00:00:00+08:00,55.0,164,1.6,21.1,0.95,1011.7,-99,0.0,-99,-99,-99,新北市,06,三峽區,057
24.940806,121.361500,三峽,C0AC60,2018-11-11T01:00:00+08:00,55.0,160,1.3,20.8,0.95,1011.3,-99,0.0,-99,-99,-99,新北市,06,三峽區,057
24.940806,121.361500,三峽,C0AC60,2018-11-11T02:00:00+08:00,55.0,159,1.8,20.4,0.96,1011.3,-99,0.0,-99,-99,-99,新北市,06,三峽區,057
24.940806,121.361500,三峽,C0AC60,2018-11-11T03:00:00+08:00,55.0,0,0.0,20.4,0.95,1010.9,-99,0.0,-99,-99,-99,新北市,06,三峽區,057
24.940806,121.361500,三峽,C0AC60,2018-11-11T04:00:00+08:00,55.0,213,0.7,20.0,0.94,1011.1,-99,0.0,-99,-99,-99,新北市,06,三峽區,057
24.940806,121.361500,三峽,C0AC60,2018-11-11T05:00:00+08:00,55.0,163,0.6,19.7,0.96,1011.3,-99,0.0,-99,-99,-99,新北市,06,三峽區,057
24.940806,121.361500,三峽,C0AC60,2018-11-11T06:00:00+08:00,55.0,233,0.8,19.8,0.93,1011.9,-99,0.0,-99,-99,-99,新北市,06,三峽區,057
24.940806,121.361500,三峽,C0AC60,2018-11-11T07:00:00+08:00,55.0,0,0.0,20.1,0.95,1012.2,-99,0.0,-99,-99,-99,新北市,06,三峽區,057
24.940806,121.361500,三峽,C0AC60,2018-11-11T08:00:00+08:00,55.0,174,1.1,21.7,0.87,1012.5,-99,0.0,-99,-99,-99,新北市,06,三峽區,057
24.940806,121.361500,三峽,C0AC60,2018-11-11T09:00:00+08:00,55.0,0,0.0,24.4,0.71,1012.7,-99,0.0,-99,-99,-99,新北市,06,三峽區,057
24.940806,121.361500,三峽,C0AC60,2018-11-11T10:00:00+08:00,55.0,317,1.5,25.3,0.73,1012.5,-99,0.0,-99,-99,-99,新北市,06,三峽區,057
24.940806,121.361500,三峽,C0AC60,2018-11-11T11:00:00+08:00,55.0,253,0.5,27.0,0.67,1011.8,-99,0.0,-99,-99,-99,新北市,06,三峽區,057
24.940806,121.361500,三峽,C0AC60,2018-11-11T12:00:00+08:00,55.0,324,1.6,27.2,0.65,1010.8,-99,0.0,-99,-99,-99,新北市,06,三峽區,057
24.940806,121.361500,三峽,C0AC60,2018-11-11T13:00:00+08:00,55.0,293,1.0,27.9,0.65,1009.9,-99,0.0,-99,-99,-99,新北市,06,三峽區,057
24.940806,121.361500,三峽,C0AC60,2018-11-11T14:00:00+08:00,55.0,322,1.0,27.7,0.68,1009.1,-99,0.0,-99,-99,-99,新北市,06,三峽區,057
24.940806,121.361500,三峽,C0AC60,2018-11-11T15:00:00+08:00,55.0,312,1.6,25.9,0.79,1009.1,-99,0.0,-99,-99,-99,新北市,06,三峽區,057
24.940806,121.361500,三峽,C0AC60,2018-11-11T16:00:00+08:00,55.0,279,1.2,25.3,0.83,1009.4,-99,0.0,-99,-99,-99,新北市,06,三峽區,057
24.940806,121.361500,三峽,C0AC60,2018-11-11T17:00:00+08:00,55.0,307,0.5,24.5,0.89,1009.1,-99,0.0,-99,-99,-99,新北市,06,三峽區,057
24.940806,121.361500,三峽,C0AC60,2018-11-11T18:00:00+08:00,55.0,353,0.3,24.4,0.91,1008.9,-99,0.0,-99,-99,-99,新北市,06,三峽區,057
24.940806,121.361500,三峽,C0AC60,2018-11-11T19:00:00+08:00,55.0,313,0.3,24.1,0.93,1009.8,-99,0.0,-99,-99,-99,新北市,06,三峽區,057
24.940806,121.361500,三峽,C0AC60,2018-11-11T20:00:00+08:00,55.0,232,0.7,23.7,0.95,1010.3,-99,0.0,-99,-99,-99,新北市,06,三峽區,057
24.940806,121.361500,三峽,C0AC60,2018-11-11T21:00:00+08:00,55.0,0,0.2,23.6,0.96,1010.2,-99,0.0,-99,-99,-99,新北市,06,三峽區,057
24.940806,121.361500,三峽,C0AC60,2018-11-11T22:00:00+08:00,55.0,0,0.0,23.3,0.97,1009.8,-99,0.0,-99,-99,-99,新北市,06,三峽區,057
24.940806,121.361500,三峽,C0AC60,2018-11-11T23:00:00+08:00,55.0,194,0.5,22.7,0.99,1009.8,-99,0.0,-99,-99,-99,新北市,06,三峽區,057
24.940806,121.361500,三峽,C0AC60,2018-11-12T00:00:00+08:00,55.0,0,0.2,22.9,0.99,1009.2,-99,0.0,-99,-99,-99,新北市,06,三峽區,057
24.940806,121.361500,三峽,C0AC60,2018-11-12T08:00:00+08:00,55.0,237,0.8,22.8,0.92,1011.1,-99,-99,-99,-99,-99,新北市,06,三峽區,057
24.940806,121.361500,三峽,C0AC60,2018-11-12T09:00:00+08:00,55.0,205,0.7,22.9,0.92,1010.8,-99,0.0,-99,-99,-99,新北市,06,三峽區,057
24.940806,121.361500,三峽,C0AC60,2018-11-12T10:00:00+08:00,55.0,40,0.3,23.9,0.88,1009.9,-99,0.0,-99,-99,-99,新北市,06,三峽區,057
24.940806,121.361500,三峽,C0AC60,2018-11-12T11:00:00+08:00,55.0,88,0.8,24.9,0.85,1009.0,-99,0.0,-99,-99,-99,新北市,06,三峽區,057
24.940806,121.361500,三峽,C0AC60,2018-11-12T12:00:00+08:00,55.0,93,0.7,26.1,0.75,1008.0,-99,0.0,-99,-99,-99,新北市,06,三峽區,057
24.940806,121.361500,三峽,C0AC60,2018-11-12T13:00:00+08:00,55.0,0,0.0,26.9,0.67,1007.4,-99,0.0,-99,-99,-99,新北市,06,三峽區,057
24.940806,121.361500,三峽,C0AC60,2018-11-12T14:00:00+08:00,55.0,0,0.1,26.6,0.71,1006.8,-99,0.0,-99,-99,-99,新北市,06,三峽區,057
24.940806,121.361500,三峽,C0AC60,2018-11-12T15:00:00+08:00,55.0,0,0.0,27.2,0.66,1006.6,-99,0.0,-99,-99,-99,新北市,06,三峽區,057
24.940806,121.361500,三峽,C0AC60,2018-11-12T16:00:00+08:00,55.0,340,1.1,25.6,0.72,1006.9,-99,0.0,-99,-99,-99,新北市,06,三峽區,057
24.940806,121.361500,三峽,C0AC60,2018-11-12T17:00:00+08:00,55.0,0,0.1,24.6,0.8,1007.3,-99,0.0,-99,-99,-99,新北市,06,三峽區,057
24.940806,121.361500,三峽,C0AC60,2018-11-12T18:00:00+08:00,55.0,85,1.7,24.3,0.81,1008.0,-99,0.0,-99,-99,-99,新北市,06,三峽區,057
24.940806,121.361500,三峽,C0AC60,2018-11-12T19:00:00+08:00,55.0,86,1.5,23.3,0.88,1008.6,-99,0.0,-99,-99,-99,新北市,06,三峽區,057
24.940806,121.361500,三峽,C0AC60,2018-11-12T20:00:00+08:00,55.0,91,2.0,22.6,0.93,1008.8,-99,0.0,-99,-99,-99,新北市,06,三峽區,057
24.940806,121.361500,三峽,C0AC60,2018-11-12T21:00:00+08:00,55.0,90,1.0,22.5,0.93,1008.9,-99,0.0,-99,-99,-99,新北市,06,三峽區,057
24.940806,121.361500,三峽,C0AC60,2018-11-12T22:00:00+08:00,55.0,76,1.6,22.5,0.92,1009.3,-99,0.0,-99,-99,-99,新北市,06,三峽區,057
24.940806,121.361500,三峽,C0AC60,2018-11-12T23:00:00+08:00,55.0,92,1.6,22.2,0.92,1009.6,-99,0.0,-99,-99,-99,新北市,06,三峽區,057
24.940806,121.361500,三峽,C0AC60,2018-11-13T00:00:00+08:00,55.0,75,0.8,22.2,0.91,1009.5,-99,0.0,-99,-99,-99,新北市,06,三峽區,057
24.940806,121.361500,三峽,C0AC60,2018-11-13T01:00:00+08:00,55.0,89,0.8,22.1,0.92,1009.3,-99,0.0,-99,-99,-99,新北市,06,三峽區,057
24.940806,121.361500,三峽,C0AC60,2018-11-13T02:00:00+08:00,55.0,48,1.2,22.0,0.92,1009.4,-99,0.0,-99,-99,-99,新北市,06,三峽區,057
24.940806,121.361500,三峽,C0AC60,2018-11-13T03:00:00+08:00,55.0,35,0.7,21.6,0.94,1009.1,-99,0.0,-99,-99,-99,新北市,06,三峽區,057
24.940806,121.361500,三峽,C0AC60,2018-11-13T04:00:00+08:00,55.0,97,0.7,21.7,0.93,1009.2,-99,0.0,-99,-99,-99,新北市,06,三峽區,057
24.940806,121.361500,三峽,C0AC60,2018-11-13T05:00:00+08:00,55.0,87,0.3,21.6,0.94,1009.6,-99,0.0,-99,-99,-99,新北市,06,三峽區,057
24.940806,121.361500,三峽,C0AC60,2018-11-13T06:00:00+08:00,55.0,89,0.6,21.3,0.95,1010.0,-99,0.0,-99,-99,-99,新北市,06,三峽區,057
24.940806,121.361500,三峽,C0AC60,2018-11-13T07:00:00+08:00,55.0,96,1.7,21.5,0.92,1010.3,-99,0.0,-99,-99,-99,新北市,06,三峽區,057
24.940806,121.361500,三峽,C0AC60,2018-11-13T08:00:00+08:00,55.0,91,1.8,21.8,0.88,1010.8,-99,0.0,-99,-99,-99,新北市,06,三峽區,057
24.940806,121.361500,三峽,C0AC60,2018-11-13T09:00:00+08:00,55.0,95,2.4,23.3,0.77,1011.1,-99,0.0,-99,-99,-99,新北市,06,三峽區,057
24.940806,121.361500,三峽,C0AC60,2018-11-13T10:00:00+08:00,55.0,85,1.3,23.6,0.75,1011.0,-99,0.0,-99,-99,-99,新北市,06,三峽區,057
24.940806,121.361500,三峽,C0AC60,2018-11-13T11:00:00+08:00,55.0,93,2.4,22.4,0.76,1010.6,-99,0.0,-99,-99,-99,新北市,06,三峽區,057
24.940806,121.361500,三峽,C0AC60,2018-11-13T12:00:00+08:00,55.0,98,2.3,22.9,0.74,1009.7,-99,0.0,-99,-99,-99,新北市,06,三峽區,057
24.940806,121.361500,三峽,C0AC60,2018-11-13T13:00:00+08:00,55.0,96,1.5,22.8,0.74,1008.7,-99,0.0,7.7,86,2018-11-13T12:21:00+08:00,新北市,06,三峽區,057
24.940806,121.361500,三峽,C0AC60,2018-11-13T14:00:00+08:00,55.0,91,2.4,21.8,0.77,1008.4,-99,0.0,8.8,102,2018-11-13T13:40:00+08:00,新北市,06,三峽區,057
24.940806,121.361500,三峽,C0AC60,2018-11-13T15:00:00+08:00,55.0,94,2.7,21.3,0.8,1008.4,-99,0.0,-99,-99,-99,新北市,06,三峽區,057
24.940806,121.361500,三峽,C0AC60,2018-11-13T16:00:00+08:00,55.0,98,2.6,21.0,0.83,1008.3,-99,0.0,8.2,98,2018-11-13T15:30:00+08:00,新北市,06,三峽區,057
24.940806,121.361500,三峽,C0AC60,2018-11-13T17:00:00+08:00,55.0,91,2.1,21.2,0.82,1008.6,-99,0.0,10.4,54,2018-11-13T16:27:00+08:00,新北市,06,三峽區,057
24.940806,121.361500,三峽,C0AC60,2018-11-13T18:00:00+08:00,55.0,97,2.7,21.3,0.79,1009.0,-99,0.0,-99,-99,-99,新北市,06,三峽區,057
24.940806,121.361500,三峽,C0AC60,2018-11-13T19:00:00+08:00,55.0,94,2.5,21.4,0.78,1009.5,-99,0.0,-99,-99,-99,新北市,06,三峽區,057
24.940806,121.361500,三峽,C0AC60,2018-11-13T20:00:00+08:00,55.0,92,1.5,21.3,0.8,1009.7,-99,0.0,-99,-99,-99,新北市,06,三峽區,057
24.940806,121.361500,三峽,C0AC60,2018-11-13T21:00:00+08:00,55.0,88,2.4,21.5,0.82,1010.1,-99,0.0,-99,-99,-99,新北市,06,三峽區,057
24.940806,121.361500,三峽,C0AC60,2018-11-13T22:00:00+08:00,55.0,99,2.4,20.9,0.92,1010.8,-99,0.0,8.2,82,2018-11-13T21:27:00+08:00,新北市,06,三峽區,057
24.940806,121.361500,三峽,C0AC60,2018-11-13T23:00:00+08:00,55.0,95,1.9,19.8,0.98,1010.9,-99,0.0,-99,-99,-99,新北市,06,三峽區,057
24.940806,121.361500,三峽,C0AC60,2018-11-14T00:00:00+08:00,55.0,97,1.6,19.8,0.96,1010.7,-99,0.0,-99,-99,-99,新北市,06,三峽區,057
24.940806,121.361500,三峽,C0AC60,2018-11-14T01:00:00+08:00,55.0,93,1.6,20.1,0.94,1010.5,-99,0.0,-99,-99,-99,新北市,06,三峽區,057
24.940806,121.361500,三峽,C0AC60,2018-11-14T02:00:00+08:00,55.0,99,1.0,19.9,0.95,1010.3,-99,0.0,-99,-99,-99,新北市,06,三峽區,057
24.940806,121.361500,三峽,C0AC60,2018-11-14T03:00:00+08:00,55.0,99,1.7,20.0,0.93,1010.1,-99,0.0,-99,-99,-99,新北市,06,三峽區,057
24.940806,121.361500,三峽,C0AC60,2018-11-14T04:00:00+08:00,55.0,92,2.3,20.2,0.88,1010.1,-99,0.0,-99,-99,-99,新北市,06,三峽區,057
24.940806,121.361500,三峽,C0AC60,2018-11-14T05:00:00+08:00,55.0,90,2.0,20.2,0.87,1010.3,-99,0.0,-99,-99,-99,新北市,06,三峽區,057
24.940806,121.361500,三峽,C0AC60,2018-11-14T06:00:00+08:00,55.0,92,2.3,20.4,0.85,1010.7,-99,0.0,-99,-99,-99,新北市,06,三峽區,057
24.940806,121.361500,三峽,C0AC60,2018-11-14T07:00:00+08:00,55.0,95,1.9,20.7,0.85,1011.4,-99,0.0,7.7,54,2018-11-14T06:39:00+08:00,新北市,06,三峽區,057
24.940806,121.361500,三峽,C0AC60,2018-11-14T08:00:00+08:00,55.0,97,2.1,21.4,0.79,1012.3,-99,0.0,-99,-99,-99,新北市,06,三峽區,057
24.940806,121.361500,三峽,C0AC60,2018-11-14T09:00:00+08:00,55.0,90,3.0,22.7,0.7,1012.5,-99,0.0,-99,-99,-99,新北市,06,三峽區,057
24.940806,121.361500,三峽,C0AC60,2018-11-14T10:00:00+08:00,55.0,90,2.3,23.7,0.65,1012.1,-99,0.0,8.8,85,2018-11-14T09:36:00+08:00,新北市,06,三峽區,057
24.940806,121.361500,三峽,C0AC60,2018-11-14T11:00:00+08:00,55.0,74,4.2,23.8,0.66,1011.4,-99,0.0,11.5,82,2018-11-14T11:00:00+08:00,新北市,06,三峽區,057
24.940806,121.361500,三峽,C0AC60,2018-11-14T12:00:00+08:00,55.0,72,4.1,24.2,0.65,1010.7,-99,0.0,11.0,70,2018-11-14T11:51:00+08:00,新北市,06,三峽區,057
24.940806,121.361500,三峽,C0AC60,2018-11-14T13:00:00+08:00,55.0,74,4.2,24.1,0.64,1009.9,-99,0.0,12.1,81,2018-11-14T12:09:00+08:00,新北市,06,三峽區,057
24.940806,121.361500,三峽,C0AC60,2018-11-14T14:00:00+08:00,55.0,82,4.5,24.3,0.62,1009.6,-99,0.0,12.1,82,2018-11-14T13:13:00+08:00,新北市,06,三峽區,057
24.940806,121.361500,三峽,C0AC60,2018-11-14T15:00:00+08:00,55.0,84,3.3,23.6,0.65,1009.1,-99,0.0,11.5,73,2018-11-14T14:03:00+08:00,新北市,06,三峽區,057
24.940806,121.361500,三峽,C0AC60,2018-11-14T16:00:00+08:00,55.0,84,3.8,23.0,0.66,1008.9,-99,0.0,13.2,97,2018-11-14T15:02:00+08:00,新北市,06,三峽區,057
24.940806,121.361500,三峽,C0AC60,2018-11-14T17:00:00+08:00,55.0,79,3.5,22.0,0.7,1009.0,-99,0.0,11.0,79,2018-11-14T16:43:00+08:00,新北市,06,三峽區,057
24.940806,121.361500,三峽,C0AC60,2018-11-14T18:00:00+08:00,55.0,80,4.5,21.4,0.75,1009.5,-99,0.0,11.0,91,2018-11-14T17:58:00+08:00,新北市,06,三峽區,057
24.940806,121.361500,三峽,C0AC60,2018-11-14T19:00:00+08:00,55.0,76,4.2,21.2,0.76,1010.6,-99,0.0,12.6,78,2018-11-14T18:56:00+08:00,新北市,06,三峽區,057
24.940806,121.361500,三峽,C0AC60,2018-11-14T20:00:00+08:00,55.0,83,3.1,21.2,0.74,1011.6,-99,0.0,11.5,89,2018-11-14T19:52:00+08:00,新北市,06,三峽區,057
24.940806,121.361500,三峽,C0AC60,2018-11-14T21:00:00+08:00,55.0,79,3.1,21.0,0.75,1011.8,-99,0.0,9.9,62,2018-11-14T20:20:00+08:00,新北市,06,三峽區,057
24.940806,121.361500,三峽,C0AC60,2018-11-14T22:00:00+08:00,55.0,76,3.7,20.9,0.76,1011.5,-99,0.0,8.8,71,2018-11-14T22:00:00+08:00,新北市,06,三峽區,057
24.940806,121.361500,三峽,C0AC60,2018-11-14T23:00:00+08:00,55.0,75,3.6,21.0,0.75,1011.9,-99,0.0,11.0,72,2018-11-14T22:47:00+08:00,新北市,06,三峽區,057
24.940806,121.361500,三峽,C0AC60,2018-11-15T00:00:00+08:00,55.0,75,2.7,20.8,0.78,1011.6,-99,0.0,8.8,97,2018-11-14T23:55:00+08:00,新北市,06,三峽區,057
24.940806,121.361500,三峽,C0AC60,2018-11-15T01:00:00+08:00,55.0,80,4.0,20.7,0.78,1011.4,-99,0.0,9.3,70,2018-11-15T00:24:00+08:00,新北市,06,三峽區,057
24.940806,121.361500,三峽,C0AC60,2018-11-15T02:00:00+08:00,55.0,80,2.6,20.5,0.81,1010.7,-99,0.0,8.8,92,2018-11-15T01:07:00+08:00,新北市,06,三峽區,057
24.940806,121.361500,三峽,C0AC60,2018-11-15T03:00:00+08:00,55.0,87,2.2,20.6,0.8,1010.9,-99,0.0,9.3,78,2018-11-15T02:03:00+08:00,新北市,06,三峽區,057
24.940806,121.361500,三峽,C0AC60,2018-11-15T04:00:00+08:00,55.0,92,2.1,20.3,0.83,1010.3,-99,0.0,-99,-99,-99,新北市,06,三峽區,057
24.940806,121.361500,三峽,C0AC60,2018-11-15T05:00:00+08:00,55.0,106,1.1,20.3,0.82,1010.4,-99,0.0,7.1,82,2018-11-15T04:47:00+08:00,新北市,06,三峽區,057
24.940806,121.361500,三峽,C0AC60,2018-11-15T06:00:00+08:00,55.0,140,0.8,19.8,0.86,1010.7,-99,0.0,-99,-99,-99,新北市,06,三峽區,057
24.940806,121.361500,三峽,C0AC60,2018-11-15T07:00:00+08:00,55.0,161,1.6,18.5,0.94,1011.7,-99,0.0,-99,-99,-99,新北市,06,三峽區,057
24.940806,121.361500,三峽,C0AC60,2018-11-15T08:00:00+08:00,55.0,0,0.0,21.0,0.86,1012.2,-99,0.0,-99,-99,-99,新北市,06,三峽區,057
24.940806,121.361500,三峽,C0AC60,2018-11-15T09:00:00+08:00,55.0,81,1.5,23.7,0.69,1012.5,-99,0.0,-99,-99,-99,新北市,06,三峽區,057
24.940806,121.361500,三峽,C0AC60,2018-11-15T10:00:00+08:00,55.0,92,1.0,25.1,0.64,1012.3,-99,0.0,-99,-99,-99,新北市,06,三峽區,057
24.940806,121.361500,三峽,C0AC60,2018-11-15T11:00:00+08:00,55.0,74,1.7,26.3,0.59,1010.8,-99,0.0,-99,-99,-99,新北市,06,三峽區,057
24.940806,121.361500,三峽,C0AC60,2018-11-15T12:00:00+08:00,55.0,58,1.7,27.4,0.56,1009.8,-99,0.0,-99,-99,-99,新北市,06,三峽區,057
24.940806,121.361500,三峽,C0AC60,2018-11-15T13:00:00+08:00,55.0,48,1.3,28.0,0.54,1008.8,-99,0.0,-99,-99,-99,新北市,06,三峽區,057
24.940806,121.361500,三峽,C0AC60,2018-11-15T14:00:00+08:00,55.0,42,0.6,28.4,0.53,1008.2,-99,0.0,-99,-99,-99,新北市,06,三峽區,057
24.940806,121.361500,三峽,C0AC60,2018-11-15T15:00:00+08:00,55.0,77,0.9,28.5,0.53,1008.4,-99,0.0,-99,-99,-99,新北市,06,三峽區,057
24.940806,121.361500,三峽,C0AC60,2018-11-15T16:00:00+08:00,55.0,88,1.2,27.1,0.59,1008.7,-99,0.0,-99,-99,-99,新北市,06,三峽區,057
24.940806,121.361500,三峽,C0AC60,2018-11-15T17:00:00+08:00,55.0,95,1.7,25.2,0.69,1009.5,-99,0.0,-99,-99,-99,新北市,06,三峽區,057
24.940806,121.361500,三峽,C0AC60,2018-11-15T18:00:00+08:00,55.0,82,2.7,23.9,0.76,1009.8,-99,0.0,-99,-99,-99,新北市,06,三峽區,057
24.940806,121.361500,三峽,C0AC60,2018-11-15T20:00:00+08:00,55.0,104,1.2,22.9,0.81,1010.6,-99,0.0,-99,-99,-99,新北市,06,三峽區,057
24.940806,121.361500,三峽,C0AC60,2018-11-15T21:00:00+08:00,55.0,81,1.9,22.7,0.83,1010.2,-99,0.0,-99,-99,-99,新北市,06,三峽區,057
24.940806,121.361500,三峽,C0AC60,2018-11-15T22:00:00+08:00,55.0,105,0.8,22.9,0.81,1010.4,-99,0.0,7.7,90,2018-11-15T21:12:00+08:00,新北市,06,三峽區,057
24.940806,121.361500,三峽,C0AC60,2018-11-15T23:00:00+08:00,55.0,161,0.7,21.7,0.93,1010.1,-99,0.0,-99,-99,-99,新北市,06,三峽區,057
24.940806,121.361500,三峽,C0AC60,2018-11-16T00:00:00+08:00,55.0,154,1.4,21.2,0.94,1010.5,-99,0.0,-99,-99,-99,新北市,06,三峽區,057
24.940806,121.361500,三峽,C0AC60,2018-11-16T01:00:00+08:00,55.0,161,1.0,20.8,0.97,1010.5,-99,0.0,-99,-99,-99,新北市,06,三峽區,057
24.940806,121.361500,三峽,C0AC60,2018-11-16T02:00:00+08:00,55.0,200,0.4,21.1,0.93,1010.3,-99,0.0,-99,-99,-99,新北市,06,三峽區,057
24.940806,121.361500,三峽,C0AC60,2018-11-16T03:00:00+08:00,55.0,166,0.8,21.0,0.95,1010.2,-99,0.0,-99,-99,-99,新北市,06,三峽區,057
24.940806,121.361500,三峽,C0AC60,2018-11-16T04:00:00+08:00,55.0,157,0.6,20.7,0.95,1009.7,-99,0.0,-99,-99,-99,新北市,06,三峽區,057
24.940806,121.361500,三峽,C0AC60,2018-11-16T05:00:00+08:00,55.0,0,0.0,20.7,0.94,1009.7,-99,0.0,-99,-99,-99,新北市,06,三峽區,057
24.940806,121.361500,三峽,C0AC60,2018-11-16T06:00:00+08:00,55.0,183,1.4,20.8,0.95,1010.4,-99,0.0,-99,-99,-99,新北市,06,三峽區,057
24.940806,121.361500,三峽,C0AC60,2018-11-16T07:00:00+08:00,55.0,0,0.0,21.5,0.93,1010.7,-99,0.0,-99,-99,-99,新北市,06,三峽區,057
24.940806,121.361500,三峽,C0AC60,2018-11-16T08:00:00+08:00,55.0,172,1.2,21.8,0.91,1011.2,-99,0.0,-99,-99,-99,新北市,06,三峽區,057
24.940806,121.361500,三峽,C0AC60,2018-11-16T09:00:00+08:00,55.0,0,0.0,23.7,0.85,1011.6,-99,0.0,-99,-99,-99,新北市,06,三峽區,057
24.940806,121.361500,三峽,C0AC60,2018-11-16T10:00:00+08:00,55.0,0,0.0,24.8,0.78,1011.4,-99,0.0,-99,-99,-99,新北市,06,三峽區,057
24.940806,121.361500,三峽,C0AC60,2018-11-16T11:00:00+08:00,55.0,0,0.0,26.0,0.71,1010.8,-99,0.0,-99,-99,-99,新北市,06,三峽區,057
24.940806,121.361500,三峽,C0AC60,2018-11-16T12:00:00+08:00,55.0,359,0.4,26.3,0.72,1010.3,-99,0.0,-99,-99,-99,新北市,06,三峽區,057
24.940806,121.361500,三峽,C0AC60,2018-11-16T13:00:00+08:00,55.0,0,0.0,27.3,0.66,1009.4,-99,0.0,-99,-99,-99,新北市,06,三峽區,057
24.940806,121.361500,三峽,C0AC60,2018-11-16T14:00:00+08:00,55.0,324,0.7,27.1,0.71,1008.7,-99,0.0,-99,-99,-99,新北市,06,三峽區,057
24.940806,121.361500,三峽,C0AC60,2018-11-16T15:00:00+08:00,55.0,344,1.1,27.1,0.67,1008.5,-99,0.0,-99,-99,-99,新北市,06,三峽區,057
24.940806,121.361500,三峽,C0AC60,2018-11-16T16:00:00+08:00,55.0,68,0.7,26.2,0.73,1008.7,-99,0.0,-99,-99,-99,新北市,06,三峽區,057
24.940806,121.361500,三峽,C0AC60,2018-11-16T17:00:00+08:00,55.0,76,1.1,25.2,0.71,1009.3,-99,0.0,-99,-99,-99,新北市,06,三峽區,057
24.940806,121.361500,三峽,C0AC60,2018-11-16T18:00:00+08:00,55.0,96,1.4,24.1,0.79,1009.7,-99,0.0,-99,-99,-99,新北市,06,三峽區,057
24.940806,121.361500,三峽,C0AC60,2018-11-16T19:00:00+08:00,55.0,96,0.9,24.0,0.81,1010.2,-99,0.0,-99,-99,-99,新北市,06,三峽區,057
24.940806,121.361500,三峽,C0AC60,2018-11-16T20:00:00+08:00,55.0,91,1.5,23.9,0.81,1010.6,-99,0.0,7.1,105,2018-11-16T19:31:00+08:00,新北市,06,三峽區,057
24.940806,121.361500,三峽,C0AC60,2018-11-16T21:00:00+08:00,55.0,107,0.3,23.4,0.86,1011.1,-99,0.0,-99,-99,-99,新北市,06,三峽區,057
24.940806,121.361500,三峽,C0AC60,2018-11-16T22:00:00+08:00,55.0,96,0.9,22.9,0.92,1011.1,-99,0.0,-99,-99,-99,新北市,06,三峽區,057
24.940806,121.361500,三峽,C0AC60,2018-11-16T23:00:00+08:00,55.0,83,2.7,22.8,0.94,1010.9,-99,0.0,-99,-99,-99,新北市,06,三峽區,057
24.940806,121.361500,三峽,C0AC60,2018-11-17T00:00:00+08:00,55.0,77,2.9,22.3,0.94,1010.9,-99,0.0,8.2,84,2018-11-16T23:59:00+08:00,新北市,06,三峽區,057
24.940806,121.361500,三峽,C0AC60,2018-11-17T01:00:00+08:00,55.0,84,2.0,22.2,0.94,1010.6,-99,0.0,-99,-99,-99,新北市,06,三峽區,057
24.940806,121.361500,三峽,C0AC60,2018-11-17T02:00:00+08:00,55.0,76,2.0,21.9,0.94,1010.4,-99,0.0,7.7,99,2018-11-17T01:17:00+08:00,新北市,06,三峽區,057
24.940806,121.361500,三峽,C0AC60,2018-11-17T03:00:00+08:00,55.0,88,2.0,21.7,0.94,1010.4,-99,0.0,7.1,64,2018-11-17T02:04:00+08:00,新北市,06,三峽區,057
24.940806,121.361500,三峽,C0AC60,2018-11-17T04:00:00+08:00,55.0,96,1.6,21.3,0.96,1010.2,-99,0.0,7.7,74,2018-11-17T03:52:00+08:00,新北市,06,三峽區,057
24.940806,121.361500,三峽,C0AC60,2018-11-17T05:00:00+08:00,55.0,89,1.7,21.0,0.98,1010.3,-99,0.0,-99,-99,-99,新北市,06,三峽區,057
24.940806,121.361500,三峽,C0AC60,2018-11-17T06:00:00+08:00,55.0,78,2.2,21.1,0.95,1011.0,-99,0.0,7.7,62,2018-11-17T05:12:00+08:00,新北市,06,三峽區,057
24.940806,121.361500,三峽,C0AC60,2018-11-17T07:00:00+08:00,55.0,81,2.0,20.5,0.99,1011.9,-99,0.0,8.8,54,2018-11-17T06:04:00+08:00,新北市,06,三峽區,057
24.940806,121.361500,三峽,C0AC60,2018-11-17T08:00:00+08:00,55.0,93,1.5,20.8,0.98,1012.4,-99,0.0,-99,-99,-99,新北市,06,三峽區,057
24.940806,121.361500,三峽,C0AC60,2018-11-17T09:00:00+08:00,55.0,76,2.5,20.9,0.99,1013.0,-99,1.5,-99,-99,-99,新北市,06,三峽區,057
24.940806,121.361500,三峽,C0AC60,2018-11-17T10:00:00+08:00,55.0,81,1.9,21.3,0.99,1013.0,-99,1.5,-99,-99,-99,新北市,06,三峽區,057
24.940806,121.361500,三峽,C0AC60,2018-11-17T11:00:00+08:00,55.0,93,1.1,21.3,0.99,1012.3,-99,2.0,-99,-99,-99,新北市,06,三峽區,057
24.940806,121.361500,三峽,C0AC60,2018-11-17T12:00:00+08:00,55.0,73,0.8,21.3,0.99,1011.9,-99,2.5,-99,-99,-99,新北市,06,三峽區,057
24.940806,121.361500,三峽,C0AC60,2018-11-17T13:00:00+08:00,55.0,86,1.3,21.1,0.99,1011.0,-99,4.0,-99,-99,-99,新北市,06,三峽區,057
24.940806,121.361500,三峽,C0AC60,2018-11-17T14:00:00+08:00,55.0,92,1.1,21.5,0.99,1010.3,-99,4.0,-99,-99,-99,新北市,06,三峽區,057
24.940806,121.361500,三峽,C0AC60,2018-11-17T15:00:00+08:00,55.0,78,2.4,22.2,0.95,1009.6,-99,4.0,-99,-99,-99,新北市,06,三峽區,057
24.940806,121.361500,三峽,C0AC60,2018-11-17T16:00:00+08:00,55.0,76,2.6,22.2,0.93,1010.0,-99,4.0,8.2,93,2018-11-17T15:31:00+08:00,新北市,06,三峽區,057
24.940806,121.361500,三峽,C0AC60,2018-11-17T17:00:00+08:00,55.0,89,0.9,21.9,0.94,1010.7,-99,4.0,-99,-99,-99,新北市,06,三峽區,057
24.940806,121.361500,三峽,C0AC60,2018-11-17T18:00:00+08:00,55.0,95,1.3,21.5,0.99,1011.0,-99,4.5,-99,-99,-99,新北市,06,三峽區,057
24.940806,121.361500,三峽,C0AC60,2018-11-17T19:00:00+08:00,55.0,95,1.4,21.2,0.99,1011.4,-99,4.5,-99,-99,-99,新北市,06,三峽區,057
24.940806,121.361500,三峽,C0AC60,2018-11-17T20:00:00+08:00,55.0,0,0.2,21.1,0.99,1011.4,-99,4.5,-99,-99,-99,新北市,06,三峽區,057
24.940806,121.361500,三峽,C0AC60,2018-11-17T21:00:00+08:00,55.0,95,0.4,21.3,0.99,1011.2,-99,4.5,-99,-99,-99,新北市,06,三峽區,057
24.940806,121.361500,三峽,C0AC60,2018-11-17T22:00:00+08:00,55.0,94,0.7,21.5,0.99,1011.1,-99,4.5,-99,-99,-99,新北市,06,三峽區,057
24.940806,121.361500,三峽,C0AC60,2018-11-17T23:00:00+08:00,55.0,106,0.7,21.6,0.99,1010.8,-99,4.5,-99,-99,-99,新北市,06,三峽區,057
24.940806,121.361500,三峽,C0AC60,2018-11-18T00:00:00+08:00,55.0,109,0.7,21.9,0.98,1010.3,-99,4.5,-99,-99,-99,新北市,06,三峽區,057
24.940806,121.361500,三峽,C0AC60,2018-11-18T01:00:00+08:00,55.0,166,0.6,21.3,0.99,1010.2,-99,0.0,-99,-99,-99,新北市,06,三峽區,057
24.940806,121.361500,三峽,C0AC60,2018-11-18T02:00:00+08:00,55.0,162,1.0,21.0,0.99,1009.8,-99,0.0,-99,-99,-99,新北市,06,三峽區,057
24.940806,121.361500,三峽,C0AC60,2018-11-18T03:00:00+08:00,55.0,159,0.5,20.8,0.99,1009.3,-99,0.0,-99,-99,-99,新北市,06,三峽區,057
24.940806,121.361500,三峽,C0AC60,2018-11-18T04:00:00+08:00,55.0,169,0.7,20.5,0.99,1009.4,-99,0.0,-99,-99,-99,新北市,06,三峽區,057
24.940806,121.361500,三峽,C0AC60,2018-11-18T05:00:00+08:00,55.0,161,0.8,20.5,0.99,1009.6,-99,0.0,-99,-99,-99,新北市,06,三峽區,057
24.940806,121.361500,三峽,C0AC60,2018-11-18T06:00:00+08:00,55.0,171,0.5,20.1,0.99,1010.1,-99,0.0,-99,-99,-99,新北市,06,三峽區,057
24.940806,121.361500,三峽,C0AC60,2018-11-18T07:00:00+08:00,55.0,0,0.1,20.0,0.99,1010.4,-99,0.0,-99,-99,-99,新北市,06,三峽區,057
24.940806,121.361500,三峽,C0AC60,2018-11-18T08:00:00+08:00,55.0,323,0.7,21.2,0.99,1011.2,-99,0.0,-99,-99,-99,新北市,06,三峽區,057
24.940806,121.361500,三峽,C0AC60,2018-11-18T09:00:00+08:00,55.0,0,0.1,22.7,0.95,1011.8,-99,0.0,-99,-99,-99,新北市,06,三峽區,057
24.940806,121.361500,三峽,C0AC60,2018-11-18T10:00:00+08:00,55.0,0,0.0,24.0,0.92,1011.5,-99,0.0,-99,-99,-99,新北市,06,三峽區,057
24.940806,121.361500,三峽,C0AC60,2018-11-18T11:00:00+08:00,55.0,314,0.9,24.7,0.89,1010.6,-99,0.0,-99,-99,-99,新北市,06,三峽區,057
24.940806,121.361500,三峽,C0AC60,2018-11-18T12:00:00+08:00,55.0,313,0.8,27.0,0.74,1009.7,-99,0.0,-99,-99,-99,新北市,06,三峽區,057
24.940806,121.361500,三峽,C0AC60,2018-11-18T13:00:00+08:00,55.0,252,1.6,27.3,0.7,1008.5,-99,0.0,-99,-99,-99,新北市,06,三峽區,057
24.940806,121.361500,三峽,C0AC60,2018-11-18T14:00:00+08:00,55.0,310,1.3,27.5,0.69,1007.7,-99,0.0,-99,-99,-99,新北市,06,三峽區,057
24.940806,121.361500,三峽,C0AC60,2018-11-18T15:00:00+08:00,55.0,340,1.2,25.6,0.87,1007.6,-99,0.0,-99,-99,-99,新北市,06,三峽區,057
24.940806,121.361500,三峽,C0AC60,2018-11-18T16:00:00+08:00,55.0,322,1.1,25.0,0.92,1008.1,-99,0.0,-99,-99,-99,新北市,06,三峽區,057
24.940806,121.361500,三峽,C0AC60,2018-11-18T17:00:00+08:00,55.0,306,0.5,24.4,0.94,1008.7,-99,0.0,-99,-99,-99,新北市,06,三峽區,057
24.940806,121.361500,三峽,C0AC60,2018-11-18T18:00:00+08:00,55.0,311,1.0,24.1,0.95,1009.8,-99,0.0,-99,-99,-99,新北市,06,三峽區,057
24.940806,121.361500,三峽,C0AC60,2018-11-18T19:00:00+08:00,55.0,319,0.9,23.5,0.97,1010.4,-99,0.0,-99,-99,-99,新北市,06,三峽區,057
24.940806,121.361500,三峽,C0AC60,2018-11-18T20:00:00+08:00,55.0,321,0.3,23.1,0.97,1010.7,-99,0.0,-99,-99,-99,新北市,06,三峽區,057
24.940806,121.361500,三峽,C0AC60,2018-11-18T21:00:00+08:00,55.0,244,0.8,23.1,0.97,1010.7,-99,0.0,-99,-99,-99,新北市,06,三峽區,057
24.940806,121.361500,三峽,C0AC60,2018-11-18T22:00:00+08:00,55.0,304,0.4,23.0,0.97,1011.1,-99,0.0,-99,-99,-99,新北市,06,三峽區,057
24.940806,121.361500,三峽,C0AC60,2018-11-18T23:00:00+08:00,55.0,0,0.1,22.7,0.98,1011.4,-99,0.0,-99,-99,-99,新北市,06,三峽區,057
24.940806,121.361500,三峽,C0AC60,2018-11-19T00:00:00+08:00,55.0,342,0.7,22.0,0.99,1011.1,-99,0.5,-99,-99,-99,新北市,06,三峽區,057
24.940806,121.361500,三峽,C0AC60,2018-11-19T01:00:00+08:00,55.0,0,0.0,21.6,0.99,1011.1,-99,2.5,-99,-99,-99,新北市,06,三峽區,057
24.940806,121.361500,三峽,C0AC60,2018-11-19T02:00:00+08:00,55.0,0,0.0,21.1,0.99,1010.8,-99,7.5,-99,-99,-99,新北市,06,三峽區,057
24.940806,121.361500,三峽,C0AC60,2018-11-19T03:00:00+08:00,55.0,0,0.1,21.0,0.99,1011.1,-99,11.5,-99,-99,-99,新北市,06,三峽區,057
24.940806,121.361500,三峽,C0AC60,2018-11-19T04:00:00+08:00,55.0,223,0.5,20.5,0.99,1011.2,-99,16.5,-99,-99,-99,新北市,06,三峽區,057
24.940806,121.361500,三峽,C0AC60,2018-11-19T05:00:00+08:00,55.0,87,0.7,20.2,0.99,1011.7,-99,22.0,-99,-99,-99,新北市,06,三峽區,057
24.940806,121.361500,三峽,C0AC60,2018-11-19T06:00:00+08:00,55.0,189,0.4,20.1,0.99,1012.5,-99,23.0,-99,-99,-99,新北市,06,三峽區,057
24.940806,121.361500,三峽,C0AC60,2018-11-19T07:00:00+08:00,55.0,93,0.9,20.0,0.99,1013.3,-99,23.0,-99,-99,-99,新北市,06,三峽區,057
24.940806,121.361500,三峽,C0AC60,2018-11-19T08:00:00+08:00,55.0,90,0.7,20.0,0.99,1014.1,-99,24.5,-99,-99,-99,新北市,06,三峽區,057
24.940806,121.361500,三峽,C0AC60,2018-11-19T09:00:00+08:00,55.0,87,0.6,19.9,0.99,1015.0,-99,26.0,-99,-99,-99,新北市,06,三峽區,057
24.940806,121.361500,三峽,C0AC60,2018-11-19T10:00:00+08:00,55.0,92,0.8,19.9,0.99,1015.1,-99,27.0,-99,-99,-99,新北市,06,三峽區,057
24.940806,121.361500,三峽,C0AC60,2018-11-19T11:00:00+08:00,55.0,89,0.7,20.6,0.99,1014.4,-99,27.5,-99,-99,-99,新北市,06,三峽區,057
24.940806,121.361500,三峽,C0AC60,2018-11-19T12:00:00+08:00,55.0,88,1.8,21.2,0.97,1013.9,-99,28.0,-99,-99,-99,新北市,06,三峽區,057
24.940806,121.361500,三峽,C0AC60,2018-11-19T13:00:00+08:00,55.0,93,2.4,21.5,0.9,1012.7,-99,28.0,-99,-99,-99,新北市,06,三峽區,057
24.940806,121.361500,三峽,C0AC60,2018-11-19T14:00:00+08:00,55.0,90,2.3,21.3,0.89,1012.3,-99,28.0,-99,-99,-99,新北市,06,三峽區,057
24.940806,121.361500,三峽,C0AC60,2018-11-19T15:00:00+08:00,55.0,96,1.7,20.7,0.9,1012.3,-99,28.0,-99,-99,-99,新北市,06,三峽區,057
24.940806,121.361500,三峽,C0AC60,2018-11-19T16:00:00+08:00,55.0,90,1.8,20.5,0.92,1013.0,-99,28.0,-99,-99,-99,新北市,06,三峽區,057
24.940806,121.361500,三峽,C0AC60,2018-11-19T17:00:00+08:00,55.0,92,2.6,20.0,0.92,1013.1,-99,28.0,-99,-99,-99,新北市,06,三峽區,057
24.940806,121.361500,三峽,C0AC60,2018-11-19T18:00:00+08:00,55.0,92,2.1,19.8,0.94,1013.3,-99,28.0,-99,-99,-99,新北市,06,三峽區,057
24.940806,121.361500,三峽,C0AC60,2018-11-19T19:00:00+08:00,55.0,79,3.3,19.7,0.96,1013.7,-99,28.0,-99,-99,-99,新北市,06,三峽區,057
24.940806,121.361500,三峽,C0AC60,2018-11-19T20:00:00+08:00,55.0,91,1.5,19.9,0.94,1014.0,-99,28.0,-99,-99,-99,新北市,06,三峽區,057
24.940806,121.361500,三峽,C0AC60,2018-11-19T21:00:00+08:00,55.0,92,1.6,20.0,0.91,1014.1,-99,28.0,-99,-99,-99,新北市,06,三峽區,057
24.940806,121.361500,三峽,C0AC60,2018-11-19T22:00:00+08:00,55.0,91,1.4,20.1,0.9,1014.2,-99,28.0,-99,-99,-99,新北市,06,三峽區,057
24.940806,121.361500,三峽,C0AC60,2018-11-19T23:00:00+08:00,55.0,90,1.9,20.6,0.88,1013.9,-99,28.0,-99,-99,-99,新北市,06,三峽區,057
24.940806,121.361500,三峽,C0AC60,2018-11-20T00:00:00+08:00,55.0,95,1.2,20.2,0.9,1013.5,-99,28.0,-99,-99,-99,新北市,06,三峽區,057
24.940806,121.361500,三峽,C0AC60,2018-11-20T01:00:00+08:00,55.0,89,1.5,20.2,0.89,1013.1,-99,0.0,-99,-99,-99,新北市,06,三峽區,057
24.940806,121.361500,三峽,C0AC60,2018-11-20T02:00:00+08:00,55.0,88,2.5,20.4,0.87,1012.7,-99,0.0,-99,-99,-99,新北市,06,三峽區,057
24.940806,121.361500,三峽,C0AC60,2018-11-20T03:00:00+08:00,55.0,94,2.4,20.3,0.86,1012.2,-99,0.0,-99,-99,-99,新北市,06,三峽區,057
24.940806,121.361500,三峽,C0AC60,2018-11-20T04:00:00+08:00,55.0,84,2.2,20.4,0.85,1012.1,-99,0.0,-99,-99,-99,新北市,06,三峽區,057
24.940806,121.361500,三峽,C0AC60,2018-11-20T05:00:00+08:00,55.0,92,1.9,20.4,0.85,1012.0,-99,0.0,8.2,99,2018-11-20T04:18:00+08:00,新北市,06,三峽區,057
24.940806,121.361500,三峽,C0AC60,2018-11-20T06:00:00+08:00,55.0,82,2.9,20.5,0.83,1012.1,-99,0.0,9.3,88,2018-11-20T05:35:00+08:00,新北市,06,三峽區,057
24.940806,121.361500,三峽,C0AC60,2018-11-20T07:00:00+08:00,55.0,80,3.0,20.6,0.79,1012.4,-99,0.0,9.3,81,2018-11-20T06:01:00+08:00,新北市,06,三峽區,057
24.940806,121.361500,三峽,C0AC60,2018-11-20T08:00:00+08:00,55.0,76,3.3,21.4,0.73,1012.6,-99,0.0,9.9,76,2018-11-20T07:03:00+08:00,新北市,06,三峽區,057
24.940806,121.361500,三峽,C0AC60,2018-11-20T09:00:00+08:00,55.0,73,4.1,22.5,0.67,1013.0,-99,0.0,10.4,77,2018-11-20T08:04:00+08:00,新北市,06,三峽區,057
24.940806,121.361500,三峽,C0AC60,2018-11-20T10:00:00+08:00,55.0,77,4.1,23.6,0.66,1012.9,-99,0.0,11.0,85,2018-11-20T09:19:00+08:00,新北市,06,三峽區,057
24.940806,121.361500,三峽,C0AC60,2018-11-20T11:00:00+08:00,55.0,82,3.8,24.1,0.66,1012.4,-99,0.0,11.0,81,2018-11-20T10:34:00+08:00,新北市,06,三峽區,057
24.940806,121.361500,三峽,C0AC60,2018-11-20T12:00:00+08:00,55.0,81,3.5,24.5,0.64,1011.6,-99,0.0,9.9,99,2018-11-20T11:36:00+08:00,新北市,06,三峽區,057
24.940806,121.361500,三峽,C0AC60,2018-11-20T13:00:00+08:00,55.0,79,3.1,25.2,0.62,1010.5,-99,0.0,11.0,89,2018-11-20T12:45:00+08:00,新北市,06,三峽區,057
24.940806,121.361500,三峽,C0AC60,2018-11-20T14:00:00+08:00,55.0,73,3.6,24.9,0.61,1009.6,-99,0.0,12.1,91,2018-11-20T13:40:00+08:00,新北市,06,三峽區,057
24.940806,121.361500,三峽,C0AC60,2018-11-20T15:00:00+08:00,55.0,77,3.3,24.6,0.61,1009.3,-99,0.0,11.0,97,2018-11-20T14:49:00+08:00,新北市,06,三峽區,057
24.940806,121.361500,三峽,C0AC60,2018-11-20T16:00:00+08:00,55.0,73,3.7,23.3,0.67,1009.8,-99,0.0,12.1,94,2018-11-20T15:10:00+08:00,新北市,06,三峽區,057
24.940806,121.361500,三峽,C0AC60,2018-11-20T17:00:00+08:00,55.0,79,3.1,22.7,0.7,1010.3,-99,0.0,10.4,79,2018-11-20T16:15:00+08:00,新北市,06,三峽區,057
24.940806,121.361500,三峽,C0AC60,2018-11-20T18:00:00+08:00,55.0,76,3.1,22.5,0.72,1010.5,-99,0.0,9.9,56,2018-11-20T17:18:00+08:00,新北市,06,三峽區,057
24.940806,121.361500,三峽,C0AC60,2018-11-20T19:00:00+08:00,55.0,73,3.4,22.4,0.76,1010.8,-99,0.0,8.8,85,2018-11-20T18:17:00+08:00,新北市,06,三峽區,057
24.940806,121.361500,三峽,C0AC60,2018-11-20T20:00:00+08:00,55.0,75,3.0,22.4,0.77,1011.1,-99,0.0,9.3,71,2018-11-20T19:26:00+08:00,新北市,06,三峽區,057
24.940806,121.361500,三峽,C0AC60,2018-11-20T21:00:00+08:00,55.0,80,2.5,22.3,0.78,1011.1,-99,0.0,-99,-99,-99,新北市,06,三峽區,057
24.940806,121.361500,三峽,C0AC60,2018-11-20T22:00:00+08:00,55.0,0,0.2,21.3,0.89,1011.7,-99,0.0,-99,-99,-99,新北市,06,三峽區,057
24.940806,121.361500,三峽,C0AC60,2018-11-20T23:00:00+08:00,55.0,162,1.1,20.7,0.94,1011.7,-99,0.0,-99,-99,-99,新北市,06,三峽區,057
24.940806,121.361500,三峽,C0AC60,2018-11-21T00:00:00+08:00,55.0,166,1.0,20.8,0.93,1011.4,-99,0.0,-99,-99,-99,新北市,06,三峽區,057
24.940806,121.361500,三峽,C0AC60,2018-11-21T01:00:00+08:00,55.0,165,0.5,20.9,0.93,1010.9,-99,0.0,-99,-99,-99,新北市,06,三峽區,057
24.940806,121.361500,三峽,C0AC60,2018-11-21T02:00:00+08:00,55.0,159,1.1,20.7,0.93,1010.2,-99,0.0,-99,-99,-99,新北市,06,三峽區,057
24.940806,121.361500,三峽,C0AC60,2018-11-21T03:00:00+08:00,55.0,0,0.0,20.6,0.96,1010.1,-99,0.0,-99,-99,-99,新北市,06,三峽區,057
24.940806,121.361500,三峽,C0AC60,2018-11-21T04:00:00+08:00,55.0,0,0.0,20.0,0.97,1009.9,-99,0.0,-99,-99,-99,新北市,06,三峽區,057
24.940806,121.361500,三峽,C0AC60,2018-11-21T05:00:00+08:00,55.0,163,0.9,19.7,0.98,1010.1,-99,0.0,-99,-99,-99,新北市,06,三峽區,057
24.940806,121.361500,三峽,C0AC60,2018-11-21T06:00:00+08:00,55.0,0,0.0,19.7,0.97,1010.4,-99,0.0,-99,-99,-99,新北市,06,三峽區,057
24.940806,121.361500,三峽,C0AC60,2018-11-21T07:00:00+08:00,55.0,0,0.1,19.7,0.97,1010.9,-99,0.0,-99,-99,-99,新北市,06,三峽區,057
24.940806,121.361500,三峽,C0AC60,2018-11-21T08:00:00+08:00,55.0,0,0.0,21.1,0.94,1011.2,-99,0.0,-99,-99,-99,新北市,06,三峽區,057
24.940806,121.361500,三峽,C0AC60,2018-11-21T09:00:00+08:00,55.0,93,0.9,23.9,0.76,1011.2,-99,0.0,-99,-99,-99,新北市,06,三峽區,057
24.940806,121.361500,三峽,C0AC60,2018-11-21T10:00:00+08:00,55.0,52,0.3,25.6,0.71,1011.2,-99,0.0,-99,-99,-99,新北市,06,三峽區,057
24.940806,121.361500,三峽,C0AC60,2018-11-21T11:00:00+08:00,55.0,11,0.3,27.2,0.58,1010.7,-99,0.0,-99,-99,-99,新北市,06,三峽區,057
24.940806,121.361500,三峽,C0AC60,2018-11-21T12:00:00+08:00,55.0,327,1.7,25.9,0.72,1010.2,-99,0.0,-99,-99,-99,新北市,06,三峽區,057
24.940806,121.361500,三峽,C0AC60,2018-11-21T13:00:00+08:00,55.0,316,0.7,26.8,0.66,1009.1,-99,0.0,-99,-99,-99,新北市,06,三峽區,057
24.940806,121.361500,三峽,C0AC60,2018-11-21T14:00:00+08:00,55.0,223,2.0,27.4,0.63,1008.1,-99,0.0,-99,-99,-99,新北市,06,三峽區,057
24.940806,121.361500,三峽,C0AC60,2018-11-21T15:00:00+08:00,55.0,312,1.6,25.9,0.73,1008.1,-99,0.0,-99,-99,-99,新北市,06,三峽區,057
24.940806,121.361500,三峽,C0AC60,2018-11-21T16:00:00+08:00,55.0,308,0.7,25.5,0.75,1008.5,-99,0.0,-99,-99,-99,新北市,06,三峽區,057
24.940806,121.361500,三峽,C0AC60,2018-11-21T17:00:00+08:00,55.0,309,1.2,24.8,0.79,1009.2,-99,0.0,-99,-99,-99,新北市,06,三峽區,057
24.940806,121.361500,三峽,C0AC60,2018-11-21T18:00:00+08:00,55.0,322,0.7,23.2,0.92,1010.1,-99,0.0,-99,-99,-99,新北市,06,三峽區,057
24.940806,121.361500,三峽,C0AC60,2018-11-21T19:00:00+08:00,55.0,321,0.5,22.7,0.94,1011.1,-99,0.0,-99,-99,-99,新北市,06,三峽區,057
24.940806,121.361500,三峽,C0AC60,2018-11-21T20:00:00+08:00,55.0,0,0.1,22.5,0.94,1011.4,-99,0.0,-99,-99,-99,新北市,06,三峽區,057
24.940806,121.361500,三峽,C0AC60,2018-11-21T21:00:00+08:00,55.0,339,0.6,22.6,0.92,1012.0,-99,0.0,-99,-99,-99,新北市,06,三峽區,057
24.940806,121.361500,三峽,C0AC60,2018-11-21T22:00:00+08:00,55.0,0,0.1,22.5,0.91,1012.4,-99,0.0,-99,-99,-99,新北市,06,三峽區,057
24.940806,121.361500,三峽,C0AC60,2018-11-21T23:00:00+08:00,55.0,0,0.1,22.3,0.92,1012.8,-99,0.0,-99,-99,-99,新北市,06,三峽區,057
24.940806,121.361500,三峽,C0AC60,2018-11-22T00:00:00+08:00,55.0,92,0.9,21.1,0.99,1013.0,-99,0.0,-99,-99,-99,新北市,06,三峽區,057
24.940806,121.361500,三峽,C0AC60,2018-11-22T01:00:00+08:00,55.0,0,0.0,20.6,0.99,1013.1,-99,0.5,-99,-99,-99,新北市,06,三峽區,057
24.940806,121.361500,三峽,C0AC60,2018-11-22T02:00:00+08:00,55.0,91,0.5,19.7,0.99,1013.2,-99,3.0,-99,-99,-99,新北市,06,三峽區,057
24.940806,121.361500,三峽,C0AC60,2018-11-22T04:00:00+08:00,55.0,86,1.0,18.3,0.99,1014.3,-99,5.0,-99,-99,-99,新北市,06,三峽區,057
24.940806,121.361500,三峽,C0AC60,2018-11-22T05:00:00+08:00,55.0,94,0.8,17.9,0.99,1015.0,-99,5.5,-99,-99,-99,新北市,06,三峽區,057
24.940806,121.361500,三峽,C0AC60,2018-11-22T06:00:00+08:00,55.0,89,1.1,17.3,0.99,1015.9,-99,6.0,-99,-99,-99,新北市,06,三峽區,057
24.940806,121.361500,三峽,C0AC60,2018-11-22T07:00:00+08:00,55.0,0,0.0,17.4,0.99,1016.7,-99,6.0,-99,-99,-99,新北市,06,三峽區,057
24.940806,121.361500,三峽,C0AC60,2018-11-22T08:00:00+08:00,55.0,32,0.5,17.3,0.99,1017.5,-99,6.5,-99,-99,-99,新北市,06,三峽區,057
24.940806,121.361500,三峽,C0AC60,2018-11-22T09:00:00+08:00,55.0,66,0.7,17.4,0.99,1018.1,-99,8.0,-99,-99,-99,新北市,06,三峽區,057
24.940806,121.361500,三峽,C0AC60,2018-11-22T10:00:00+08:00,55.0,95,1.1,17.4,0.99,1018.1,-99,10.5,-99,-99,-99,新北市,06,三峽區,057
24.940806,121.361500,三峽,C0AC60,2018-11-22T11:00:00+08:00,55.0,96,1.2,17.1,0.99,1017.8,-99,13.5,-99,-99,-99,新北市,06,三峽區,057
24.940806,121.361500,三峽,C0AC60,2018-11-22T12:00:00+08:00,55.0,87,1.1,17.0,0.99,1017.0,-99,15.0,-99,-99,-99,新北市,06,三峽區,057
24.940806,121.361500,三峽,C0AC60,2018-11-22T13:00:00+08:00,55.0,50,0.6,17.2,0.99,1016.1,-99,15.5,-99,-99,-99,新北市,06,三峽區,057
24.940806,121.361500,三峽,C0AC60,2018-11-22T14:00:00+08:00,55.0,82,1.3,17.9,0.99,1015.2,-99,15.5,-99,-99,-99,新北市,06,三峽區,057
24.940806,121.361500,三峽,C0AC60,2018-11-22T15:00:00+08:00,55.0,93,1.6,18.3,0.93,1014.6,-99,15.5,-99,-99,-99,新北市,06,三峽區,057
24.940806,121.361500,三峽,C0AC60,2018-11-22T16:00:00+08:00,55.0,94,2.3,18.6,0.91,1014.7,-99,15.5,-99,-99,-99,新北市,06,三峽區,057
24.940806,121.361500,三峽,C0AC60,2018-11-22T17:00:00+08:00,55.0,92,1.3,18.3,0.93,1015.5,-99,15.5,-99,-99,-99,新北市,06,三峽區,057
24.940806,121.361500,三峽,C0AC60,2018-11-22T18:00:00+08:00,55.0,92,1.4,18.6,0.92,1015.9,-99,15.5,-99,-99,-99,新北市,06,三峽區,057
24.940806,121.361500,三峽,C0AC60,2018-11-22T19:00:00+08:00,55.0,91,2.1,18.8,0.91,1016.2,-99,15.5,-99,-99,-99,新北市,06,三峽區,057
24.940806,121.361500,三峽,C0AC60,2018-11-22T20:00:00+08:00,55.0,96,1.8,18.3,0.96,1016.4,-99,15.5,-99,-99,-99,新北市,06,三峽區,057
24.940806,121.361500,三峽,C0AC60,2018-11-22T21:00:00+08:00,55.0,88,1.3,18.0,0.99,1016.6,-99,15.5,-99,-99,-99,新北市,06,三峽區,057
24.940806,121.361500,三峽,C0AC60,2018-11-22T22:00:00+08:00,55.0,79,1.8,17.9,0.99,1016.6,-99,16.0,7.1,65,2018-11-22T21:51:00+08:00,新北市,06,三峽區,057
24.940806,121.361500,三峽,C0AC60,2018-11-22T23:00:00+08:00,55.0,100,1.8,17.7,0.99,1016.4,-99,16.0,-99,-99,-99,新北市,06,三峽區,057
24.940806,121.361500,三峽,C0AC60,2018-11-23T00:00:00+08:00,55.0,91,1.7,17.5,0.99,1015.9,-99,16.5,-99,-99,-99,新北市,06,三峽區,057
24.940806,121.361500,三峽,C0AC60,2018-11-23T01:00:00+08:00,55.0,83,2.3,17.9,0.96,1015.7,-99,0.0,7.7,87,2018-11-23T00:04:00+08:00,新北市,06,三峽區,057
24.940806,121.361500,三峽,C0AC60,2018-11-23T02:00:00+08:00,55.0,91,2.4,17.3,0.98,1015.5,-99,0.0,-99,-99,-99,新北市,06,三峽區,057
24.940806,121.361500,三峽,C0AC60,2018-11-23T03:00:00+08:00,55.0,84,2.1,17.1,0.99,1015.0,-99,0.0,-99,-99,-99,新北市,06,三峽區,057
24.940806,121.361500,三峽,C0AC60,2018-11-23T04:00:00+08:00,55.0,89,1.9,17.0,0.98,1014.5,-99,0.0,8.8,62,2018-11-23T03:34:00+08:00,新北市,06,三峽區,057
24.940806,121.361500,三峽,C0AC60,2018-11-23T05:00:00+08:00,55.0,92,2.2,17.1,0.96,1014.4,-99,0.5,8.2,74,2018-11-23T05:00:00+08:00,新北市,06,三峽區,057
24.940806,121.361500,三峽,C0AC60,2018-11-23T06:00:00+08:00,55.0,84,2.5,17.6,0.91,1014.5,-99,0.5,-99,-99,-99,新北市,06,三峽區,057
24.940806,121.361500,三峽,C0AC60,2018-11-23T07:00:00+08:00,55.0,89,2.9,17.6,0.91,1014.5,-99,1.5,-99,-99,-99,新北市,06,三峽區,057
24.940806,121.361500,三峽,C0AC60,2018-11-23T08:00:00+08:00,55.0,88,1.8,17.4,0.95,1015.4,-99,3.0,-99,-99,-99,新北市,06,三峽區,057
24.940806,121.361500,三峽,C0AC60,2018-11-23T09:00:00+08:00,55.0,54,2.4,17.6,0.97,1016.4,-99,4.0,7.7,28,2018-11-23T08:34:00+08:00,新北市,06,三峽區,057
24.940806,121.361500,三峽,C0AC60,2018-11-23T10:00:00+08:00,55.0,86,1.1,17.9,0.98,1016.5,-99,4.5,-99,-99,-99,新北市,06,三峽區,057
24.940806,121.361500,三峽,C0AC60,2018-11-23T11:00:00+08:00,55.0,95,1.5,17.7,0.99,1016.3,-99,5.5,-99,-99,-99,新北市,06,三峽區,057
24.940806,121.361500,三峽,C0AC60,2018-11-23T12:00:00+08:00,55.0,90,1.6,17.7,0.98,1015.2,-99,5.5,8.2,80,2018-11-23T11:01:00+08:00,新北市,06,三峽區,057
24.940806,121.361500,三峽,C0AC60,2018-11-23T13:00:00+08:00,55.0,87,1.9,18.8,0.91,1014.4,-99,5.5,-99,-99,-99,新北市,06,三峽區,057
24.940806,121.361500,三峽,C0AC60,2018-11-23T14:00:00+08:00,55.0,98,2.4,19.1,0.87,1013.9,-99,5.5,7.7,79,2018-11-23T13:55:00+08:00,新北市,06,三峽區,057
24.940806,121.361500,三峽,C0AC60,2018-11-23T15:00:00+08:00,55.0,85,2.9,18.4,0.93,1013.9,-99,5.5,8.8,88,2018-11-23T14:44:00+08:00,新北市,06,三峽區,057
24.940806,121.361500,三峽,C0AC60,2018-11-23T16:00:00+08:00,55.0,98,1.8,18.4,0.91,1013.8,-99,5.5,7.1,84,2018-11-23T15:18:00+08:00,新北市,06,三峽區,057
24.940806,121.361500,三峽,C0AC60,2018-11-23T17:00:00+08:00,55.0,96,2.4,18.6,0.89,1014.0,-99,5.5,-99,-99,-99,新北市,06,三峽區,057
24.940806,121.361500,三峽,C0AC60,2018-11-23T18:00:00+08:00,55.0,94,2.1,18.2,0.92,1013.9,-99,5.5,-99,-99,-99,新北市,06,三峽區,057
24.940806,121.361500,三峽,C0AC60,2018-11-23T19:00:00+08:00,55.0,86,2.8,18.4,0.91,1014.0,-99,5.5,-99,-99,-99,新北市,06,三峽區,057
24.940806,121.361500,三峽,C0AC60,2018-11-23T20:00:00+08:00,55.0,83,3.6,18.3,0.93,1014.3,-99,5.5,8.8,58,2018-11-23T19:14:00+08:00,新北市,06,三峽區,057
24.940806,121.361500,三峽,C0AC60,2018-11-23T21:00:00+08:00,55.0,86,3.0,18.5,0.93,1014.3,-99,5.5,9.9,62,2018-11-23T20:42:00+08:00,新北市,06,三峽區,057
24.940806,121.361500,三峽,C0AC60,2018-11-23T22:00:00+08:00,55.0,75,3.3,18.6,0.94,1014.1,-99,5.5,9.9,102,2018-11-23T21:14:00+08:00,新北市,06,三峽區,057
24.940806,121.361500,三峽,C0AC60,2018-11-23T23:00:00+08:00,55.0,69,2.4,18.9,0.92,1014.0,-99,5.5,8.8,95,2018-11-23T22:13:00+08:00,新北市,06,三峽區,057
24.940806,121.361500,三峽,C0AC60,2018-11-24T00:00:00+08:00,55.0,70,3.1,19.0,0.92,1013.7,-99,5.5,-99,-99,-99,新北市,06,三峽區,057
24.940806,121.361500,三峽,C0AC60,2018-11-24T01:00:00+08:00,55.0,80,4.0,19.1,0.94,1013.1,-99,0.0,-99,-99,-99,新北市,06,三峽區,057
24.940806,121.361500,三峽,C0AC60,2018-11-24T02:00:00+08:00,55.0,83,3.6,19.1,0.96,1013.1,-99,0.0,9.9,88,2018-11-24T01:58:00+08:00,新北市,06,三峽區,057
24.940806,121.361500,三峽,C0AC60,2018-11-24T03:00:00+08:00,55.0,87,1.5,18.9,0.97,1013.3,-99,0.0,9.3,103,2018-11-24T02:02:00+08:00,新北市,06,三峽區,057
24.940806,121.361500,三峽,C0AC60,2018-11-24T04:00:00+08:00,55.0,81,2.8,18.9,0.99,1013.1,-99,0.0,8.8,79,2018-11-24T03:21:00+08:00,新北市,06,三峽區,057
24.940806,121.361500,三峽,C0AC60,2018-11-24T05:00:00+08:00,55.0,82,2.6,18.8,0.99,1013.7,-99,0.0,7.7,74,2018-11-24T04:05:00+08:00,新北市,06,三峽區,057
24.940806,121.361500,三峽,C0AC60,2018-11-24T06:00:00+08:00,55.0,81,3.4,18.8,0.98,1014.1,-99,0.0,-99,-99,-99,新北市,06,三峽區,057
24.940806,121.361500,三峽,C0AC60,2018-11-24T07:00:00+08:00,55.0,85,2.4,18.9,0.96,1014.6,-99,0.0,-99,-99,-99,新北市,06,三峽區,057
24.940806,121.361500,三峽,C0AC60,2018-11-24T08:00:00+08:00,55.0,77,3.0,20.2,0.9,1014.5,-99,0.0,8.2,47,2018-11-24T07:57:00+08:00,新北市,06,三峽區,057
24.940806,121.361500,三峽,C0AC60,2018-11-24T09:00:00+08:00,55.0,82,2.6,21.6,0.85,1014.7,-99,0.0,8.8,85,2018-11-24T08:45:00+08:00,新北市,06,三峽區,057
24.940806,121.361500,三峽,C0AC60,2018-11-24T10:00:00+08:00,55.0,84,3.0,23.1,0.75,1014.4,-99,0.0,8.8,68,2018-11-24T09:11:00+08:00,新北市,06,三峽區,057
24.940806,121.361500,三峽,C0AC60,2018-11-24T11:00:00+08:00,55.0,83,2.8,24.2,0.68,1013.7,-99,0.0,8.2,108,2018-11-24T10:55:00+08:00,新北市,06,三峽區,057
24.940806,121.361500,三峽,C0AC60,2018-11-24T12:00:00+08:00,55.0,73,3.4,24.3,0.68,1012.7,-99,0.0,10.4,49,2018-11-24T11:56:00+08:00,新北市,06,三峽區,057
24.940806,121.361500,三峽,C0AC60,2018-11-24T13:00:00+08:00,55.0,71,3.8,24.8,0.66,1011.2,-99,0.0,10.4,78,2018-11-24T12:26:00+08:00,新北市,06,三峽區,057
24.940806,121.361500,三峽,C0AC60,2018-11-24T14:00:00+08:00,55.0,77,4.9,25.2,0.64,1011.1,-99,0.0,11.5,78,2018-11-24T13:46:00+08:00,新北市,06,三峽區,057
24.940806,121.361500,三峽,C0AC60,2018-11-24T15:00:00+08:00,55.0,83,3.6,25.0,0.66,1011.3,-99,0.0,9.9,85,2018-11-24T14:03:00+08:00,新北市,06,三峽區,057
24.940806,121.361500,三峽,C0AC60,2018-11-24T16:00:00+08:00,55.0,76,3.2,24.2,0.67,1011.3,-99,0.0,9.3,60,2018-11-24T15:15:00+08:00,新北市,06,三峽區,057
24.940806,121.361500,三峽,C0AC60,2018-11-24T17:00:00+08:00,55.0,76,2.5,22.7,0.77,1012.0,-99,0.0,11.5,79,2018-11-24T16:09:00+08:00,新北市,06,三峽區,057
24.940806,121.361500,三峽,C0AC60,2018-11-24T18:00:00+08:00,55.0,73,3.0,22.2,0.76,1012.8,-99,0.0,8.2,91,2018-11-24T17:32:00+08:00,新北市,06,三峽區,057
24.940806,121.361500,三峽,C0AC60,2018-11-24T19:00:00+08:00,55.0,77,2.8,22.1,0.76,1013.7,-99,0.0,-99,-99,-99,新北市,06,三峽區,057
24.940806,121.361500,三峽,C0AC60,2018-11-24T20:00:00+08:00,55.0,82,3.2,21.8,0.8,1013.9,-99,0.0,9.3,87,2018-11-24T19:20:00+08:00,新北市,06,三峽區,057
24.940806,121.361500,三峽,C0AC60,2018-11-24T21:00:00+08:00,55.0,80,3.2,21.9,0.79,1013.9,-99,0.0,8.8,72,2018-11-24T20:40:00+08:00,新北市,06,三峽區,057
24.940806,121.361500,三峽,C0AC60,2018-11-24T22:00:00+08:00,55.0,74,2.7,21.9,0.78,1014.0,-99,0.0,8.8,73,2018-11-24T21:49:00+08:00,新北市,06,三峽區,057
24.940806,121.361500,三峽,C0AC60,2018-11-24T23:00:00+08:00,55.0,77,2.5,21.7,0.78,1013.6,-99,0.0,8.2,88,2018-11-24T22:34:00+08:00,新北市,06,三峽區,057
24.940806,121.361500,三峽,C0AC60,2018-11-25T00:00:00+08:00,55.0,83,2.8,21.9,0.72,1013.2,-99,0.0,-99,-99,-99,新北市,06,三峽區,057
24.940806,121.361500,三峽,C0AC60,2018-11-25T01:00:00+08:00,55.0,81,3.4,21.7,0.68,1012.7,-99,0.0,-99,-99,-99,新北市,06,三峽區,057
24.940806,121.361500,三峽,C0AC60,2018-11-25T02:00:00+08:00,55.0,81,3.0,21.5,0.7,1012.2,-99,0.0,9.3,48,2018-11-25T01:42:00+08:00,新北市,06,三峽區,057
24.940806,121.361500,三峽,C0AC60,2018-11-25T03:00:00+08:00,55.0,89,2.3,21.4,0.67,1011.9,-99,0.0,-99,-99,-99,新北市,06,三峽區,057
24.940806,121.361500,三峽,C0AC60,2018-11-25T04:00:00+08:00,55.0,156,0.8,19.4,0.81,1011.6,-99,0.0,-99,-99,-99,新北市,06,三峽區,057
24.940806,121.361500,三峽,C0AC60,2018-11-25T05:00:00+08:00,55.0,174,0.6,18.0,0.93,1011.5,-99,0.0,-99,-99,-99,新北市,06,三峽區,057
24.940806,121.361500,三峽,C0AC60,2018-11-25T06:00:00+08:00,55.0,176,1.6,18.0,0.93,1011.7,-99,0.0,-99,-99,-99,新北市,06,三峽區,057
24.940806,121.361500,三峽,C0AC60,2018-11-25T07:00:00+08:00,55.0,169,1.1,18.0,0.92,1011.9,-99,0.0,-99,-99,-99,新北市,06,三峽區,057
24.940806,121.361500,三峽,C0AC60,2018-11-25T08:00:00+08:00,55.0,169,0.3,19.7,0.86,1012.3,-99,0.0,-99,-99,-99,新北市,06,三峽區,057
24.940806,121.361500,三峽,C0AC60,2018-11-25T09:00:00+08:00,55.0,0,0.0,23.9,0.6,1012.2,-99,0.0,-99,-99,-99,新北市,06,三峽區,057
24.940806,121.361500,三峽,C0AC60,2018-11-25T10:00:00+08:00,55.0,78,1.1,26.4,0.4,1011.6,-99,0.0,-99,-99,-99,新北市,06,三峽區,057
24.940806,121.361500,三峽,C0AC60,2018-11-25T11:00:00+08:00,55.0,33,0.7,27.2,0.37,1011.1,-99,0.0,-99,-99,-99,新北市,06,三峽區,057
24.940806,121.361500,三峽,C0AC60,2018-11-25T12:00:00+08:00,55.0,43,1.1,27.9,0.37,1010.4,-99,0.0,-99,-99,-99,新北市,06,三峽區,057
24.940806,121.361500,三峽,C0AC60,2018-11-25T13:00:00+08:00,55.0,95,0.6,28.1,0.41,1009.3,-99,0.0,-99,-99,-99,新北市,06,三峽區,057
24.940806,121.361500,三峽,C0AC60,2018-11-25T14:00:00+08:00,55.0,46,0.4,26.8,0.45,1009.0,-99,0.0,-99,-99,-99,新北市,06,三峽區,057
24.940806,121.361500,三峽,C0AC60,2018-11-25T15:00:00+08:00,55.0,0,0.2,25.7,0.51,1009.3,-99,0.0,-99,-99,-99,新北市,06,三峽區,057
24.940806,121.361500,三峽,C0AC60,2018-11-25T16:00:00+08:00,55.0,194,0.4,25.2,0.58,1009.4,-99,0.0,-99,-99,-99,新北市,06,三峽區,057
24.940806,121.361500,三峽,C0AC60,2018-11-25T17:00:00+08:00,55.0,95,1.2,23.7,0.72,1009.5,-99,0.0,-99,-99,-99,新北市,06,三峽區,057
24.940806,121.361500,三峽,C0AC60,2018-11-25T18:00:00+08:00,55.0,197,1.3,23.0,0.78,1010.5,-99,0.0,-99,-99,-99,新北市,06,三峽區,057
24.940806,121.361500,三峽,C0AC60,2018-11-25T19:00:00+08:00,55.0,265,1.1,22.5,0.9,1011.5,-99,0.0,-99,-99,-99,新北市,06,三峽區,057
24.940806,121.361500,三峽,C0AC60,2018-11-25T20:00:00+08:00,55.0,201,1.0,21.4,0.94,1012.5,-99,0.0,-99,-99,-99,新北市,06,三峽區,057
24.940806,121.361500,三峽,C0AC60,2018-11-25T21:00:00+08:00,55.0,0,0.1,20.8,0.96,1012.4,-99,0.0,-99,-99,-99,新北市,06,三峽區,057
24.940806,121.361500,三峽,C0AC60,2018-11-25T22:00:00+08:00,55.0,320,0.4,20.7,0.96,1011.9,-99,0.0,-99,-99,-99,新北市,06,三峽區,057
24.940806,121.361500,三峽,C0AC60,2018-11-25T23:00:00+08:00,55.0,189,0.8,20.6,0.97,1012.8,-99,0.0,-99,-99,-99,新北市,06,三峽區,057
24.940806,121.361500,三峽,C0AC60,2018-11-26T00:00:00+08:00,55.0,209,1.3,19.7,0.97,1013.1,-99,0.5,-99,-99,-99,新北市,06,三峽區,057
24.940806,121.361500,三峽,C0AC60,2018-11-26T01:00:00+08:00,55.0,306,0.4,19.7,0.99,1012.7,-99,0.0,-99,-99,-99,新北市,06,三峽區,057
24.940806,121.361500,三峽,C0AC60,2018-11-26T03:00:00+08:00,55.0,166,0.9,18.8,0.99,1012.6,-99,1.0,-99,-99,-99,新北市,06,三峽區,057
24.940806,121.361500,三峽,C0AC60,2018-11-26T04:00:00+08:00,55.0,187,1.1,18.5,0.99,1012.7,-99,1.0,-99,-99,-99,新北市,06,三峽區,057
24.940806,121.361500,三峽,C0AC60,2018-11-26T05:00:00+08:00,55.0,163,1.1,18.6,0.99,1012.9,-99,1.0,-99,-99,-99,新北市,06,三峽區,057
24.940806,121.361500,三峽,C0AC60,2018-11-26T06:00:00+08:00,55.0,160,1.3,18.5,0.99,1012.5,-99,1.0,-99,-99,-99,新北市,06,三峽區,057
24.940806,121.361500,三峽,C0AC60,2018-11-26T07:00:00+08:00,55.0,0,0.1,18.7,0.98,1012.5,-99,1.0,-99,-99,-99,新北市,06,三峽區,057
24.940806,121.361500,三峽,C0AC60,2018-11-26T08:00:00+08:00,55.0,147,0.4,19.1,0.99,1013.1,-99,1.0,-99,-99,-99,新北市,06,三峽區,057
24.940806,121.361500,三峽,C0AC60,2018-11-26T09:00:00+08:00,55.0,227,2.2,19.8,0.9,1013.9,-99,1.0,-99,-99,-99,新北市,06,三峽區,057
24.940806,121.361500,三峽,C0AC60,2018-11-26T10:00:00+08:00,55.0,189,1.5,21.1,0.78,1013.3,-99,1.0,-99,-99,-99,新北市,06,三峽區,057
24.940806,121.361500,三峽,C0AC60,2018-11-26T11:00:00+08:00,55.0,0,0.1,22.4,0.69,1012.7,-99,1.0,-99,-99,-99,新北市,06,三峽區,057
24.940806,121.361500,三峽,C0AC60,2018-11-26T12:00:00+08:00,55.0,0,0.0,22.6,0.75,1012.6,-99,1.0,-99,-99,-99,新北市,06,三峽區,057
24.940806,121.361500,三峽,C0AC60,2018-11-26T13:00:00+08:00,55.0,340,0.6,22.8,0.76,1012.2,-99,1.0,-99,-99,-99,新北市,06,三峽區,057
24.940806,121.361500,三峽,C0AC60,2018-11-26T14:00:00+08:00,55.0,0,0.2,22.1,0.86,1012.3,-99,1.0,-99,-99,-99,新北市,06,三峽區,057
24.940806,121.361500,三峽,C0AC60,2018-11-26T15:00:00+08:00,55.0,0,0.2,21.3,0.93,1012.4,-99,1.5,-99,-99,-99,新北市,06,三峽區,057
24.940806,121.361500,三峽,C0AC60,2018-11-26T16:00:00+08:00,55.0,87,0.5,21.2,0.96,1012.6,-99,2.0,-99,-99,-99,新北市,06,三峽區,057
24.940806,121.361500,三峽,C0AC60,2018-11-26T17:00:00+08:00,55.0,0,0.2,20.7,0.97,1013.1,-99,2.0,-99,-99,-99,新北市,06,三峽區,057
24.940806,121.361500,三峽,C0AC60,2018-11-26T18:00:00+08:00,55.0,78,0.5,20.3,0.99,1013.2,-99,2.0,-99,-99,-99,新北市,06,三峽區,057
24.940806,121.361500,三峽,C0AC60,2018-11-26T19:00:00+08:00,55.0,87,0.3,20.3,0.99,1013.7,-99,2.0,-99,-99,-99,新北市,06,三峽區,057
24.940806,121.361500,三峽,C0AC60,2018-11-26T20:00:00+08:00,55.0,82,1.9,20.0,0.99,1013.9,-99,2.0,-99,-99,-99,新北市,06,三峽區,057
24.940806,121.361500,三峽,C0AC60,2018-11-26T21:00:00+08:00,55.0,0,0.0,19.6,0.99,1014.6,-99,2.0,-99,-99,-99,新北市,06,三峽區,057
24.940806,121.361500,三峽,C0AC60,2018-11-26T22:00:00+08:00,55.0,91,0.4,19.4,0.99,1014.6,-99,2.0,-99,-99,-99,新北市,06,三峽區,057
24.940806,121.361500,三峽,C0AC60,2018-11-26T23:00:00+08:00,55.0,86,0.3,19.3,0.99,1014.4,-99,2.0,-99,-99,-99,新北市,06,三峽區,057
24.940806,121.361500,三峽,C0AC60,2018-11-27T00:00:00+08:00,55.0,91,0.4,19.5,0.99,1014.1,-99,2.0,-99,-99,-99,新北市,06,三峽區,057
24.940806,121.361500,三峽,C0AC60,2018-11-27T01:00:00+08:00,55.0,93,0.5,19.5,0.98,1013.8,-99,0.0,-99,-99,-99,新北市,06,三峽區,057
24.940806,121.361500,三峽,C0AC60,2018-11-27T02:00:00+08:00,55.0,92,0.5,19.8,0.96,1013.5,-99,0.0,-99,-99,-99,新北市,06,三峽區,057
24.940806,121.361500,三峽,C0AC60,2018-11-27T03:00:00+08:00,55.0,0,0.0,19.9,0.95,1013.4,-99,0.0,-99,-99,-99,新北市,06,三峽區,057
24.940806,121.361500,三峽,C0AC60,2018-11-27T04:00:00+08:00,55.0,115,0.3,19.9,0.95,1013.6,-99,0.0,-99,-99,-99,新北市,06,三峽區,057
24.940806,121.361500,三峽,C0AC60,2018-11-27T05:00:00+08:00,55.0,95,0.9,19.3,0.99,1013.7,-99,0.0,-99,-99,-99,新北市,06,三峽區,057
24.940806,121.361500,三峽,C0AC60,2018-11-27T06:00:00+08:00,55.0,101,0.8,19.4,0.96,1014.1,-99,0.0,-99,-99,-99,新北市,06,三峽區,057
24.940806,121.361500,三峽,C0AC60,2018-11-27T07:00:00+08:00,55.0,92,0.8,19.5,0.94,1014.3,-99,0.0,-99,-99,-99,新北市,06,三峽區,057
24.940806,121.361500,三峽,C0AC60,2018-11-27T08:00:00+08:00,55.0,99,1.2,20.0,0.91,1014.6,-99,0.0,-99,-99,-99,新北市,06,三峽區,057
24.940806,121.361500,三峽,C0AC60,2018-11-27T09:00:00+08:00,55.0,92,1.5,20.6,0.88,1014.9,-99,0.0,-99,-99,-99,新北市,06,三峽區,057
24.940806,121.361500,三峽,C0AC60,2018-11-27T10:00:00+08:00,55.0,96,2.8,21.6,0.84,1014.7,-99,0.0,-99,-99,-99,新北市,06,三峽區,057
24.940806,121.361500,三峽,C0AC60,2018-11-27T11:00:00+08:00,55.0,98,1.9,21.5,0.84,1014.0,-99,0.0,-99,-99,-99,新北市,06,三峽區,057
24.940806,121.361500,三峽,C0AC60,2018-11-27T12:00:00+08:00,55.0,90,2.1,22.1,0.79,1013.1,-99,0.0,-99,-99,-99,新北市,06,三峽區,057
24.940806,121.361500,三峽,C0AC60,2018-11-27T13:00:00+08:00,55.0,87,1.6,22.2,0.77,1012.4,-99,0.0,7.7,68,2018-11-27T12:21:00+08:00,新北市,06,三峽區,057
24.940806,121.361500,三峽,C0AC60,2018-11-27T14:00:00+08:00,55.0,94,1.7,22.1,0.76,1012.2,-99,0.0,-99,-99,-99,新北市,06,三峽區,057
24.940806,121.361500,三峽,C0AC60,2018-11-27T15:00:00+08:00,55.0,95,1.2,21.7,0.78,1012.3,-99,0.0,-99,-99,-99,新北市,06,三峽區,057
24.940806,121.361500,三峽,C0AC60,2018-11-27T16:00:00+08:00,55.0,91,1.9,21.1,0.83,1012.8,-99,0.0,-99,-99,-99,新北市,06,三峽區,057
24.940806,121.361500,三峽,C0AC60,2018-11-27T17:00:00+08:00,55.0,90,1.4,20.3,0.88,1013.1,-99,0.0,-99,-99,-99,新北市,06,三峽區,057
24.940806,121.361500,三峽,C0AC60,2018-11-27T18:00:00+08:00,55.0,100,1.6,20.2,0.87,1013.3,-99,0.0,-99,-99,-99,新北市,06,三峽區,057
24.940806,121.361500,三峽,C0AC60,2018-11-27T19:00:00+08:00,55.0,96,1.5,20.1,0.85,1014.0,-99,0.0,-99,-99,-99,新北市,06,三峽區,057
24.940806,121.361500,三峽,C0AC60,2018-11-27T20:00:00+08:00,55.0,87,1.2,20.2,0.82,1014.3,-99,0.0,-99,-99,-99,新北市,06,三峽區,057
24.940806,121.361500,三峽,C0AC60,2018-11-27T21:00:00+08:00,55.0,92,1.6,20.2,0.81,1014.3,-99,0.0,-99,-99,-99,新北市,06,三峽區,057
24.940806,121.361500,三峽,C0AC60,2018-11-27T22:00:00+08:00,55.0,94,2.0,20.1,0.8,1014.2,-99,0.0,-99,-99,-99,新北市,06,三峽區,057
24.940806,121.361500,三峽,C0AC60,2018-11-27T23:00:00+08:00,55.0,92,1.0,20.1,0.8,1014.3,-99,0.0,-99,-99,-99,新北市,06,三峽區,057
24.940806,121.361500,三峽,C0AC60,2018-11-28T00:00:00+08:00,55.0,97,1.7,19.6,0.83,1013.9,-99,0.0,-99,-99,-99,新北市,06,三峽區,057
24.940806,121.361500,三峽,C0AC60,2018-11-28T01:00:00+08:00,55.0,92,0.8,19.6,0.83,1013.2,-99,0.0,-99,-99,-99,新北市,06,三峽區,057
24.940806,121.361500,三峽,C0AC60,2018-11-28T02:00:00+08:00,55.0,93,1.5,19.4,0.87,1013.1,-99,0.0,-99,-99,-99,新北市,06,三峽區,057
24.940806,121.361500,三峽,C0AC60,2018-11-28T03:00:00+08:00,55.0,84,0.8,19.5,0.86,1012.8,-99,0.0,-99,-99,-99,新北市,06,三峽區,057
24.940806,121.361500,三峽,C0AC60,2018-11-28T04:00:00+08:00,55.0,100,1.0,18.8,0.95,1012.5,-99,0.5,-99,-99,-99,新北市,06,三峽區,057
24.940806,121.361500,三峽,C0AC60,2018-11-28T05:00:00+08:00,55.0,57,0.5,18.8,0.96,1013.4,-99,0.5,-99,-99,-99,新北市,06,三峽區,057
24.940806,121.361500,三峽,C0AC60,2018-11-28T06:00:00+08:00,55.0,0,0.0,18.6,0.97,1013.4,-99,0.5,-99,-99,-99,新北市,06,三峽區,057
24.940806,121.361500,三峽,C0AC60,2018-11-28T07:00:00+08:00,55.0,0,0.0,19.0,0.96,1013.7,-99,0.5,-99,-99,-99,新北市,06,三峽區,057
24.940806,121.361500,三峽,C0AC60,2018-11-28T08:00:00+08:00,55.0,91,0.9,19.7,0.91,1014.3,-99,0.5,-99,-99,-99,新北市,06,三峽區,057
24.940806,121.361500,三峽,C0AC60,2018-11-28T09:00:00+08:00,55.0,49,1.1,19.6,0.94,1015.1,-99,1.0,-99,-99,-99,新北市,06,三峽區,057
24.940806,121.361500,三峽,C0AC60,2018-11-28T10:00:00+08:00,55.0,91,0.8,19.4,0.99,1015.3,-99,1.5,-99,-99,-99,新北市,06,三峽區,057
24.940806,121.361500,三峽,C0AC60,2018-11-28T11:00:00+08:00,55.0,66,1.3,19.8,0.99,1014.2,-99,2.0,-99,-99,-99,新北市,06,三峽區,057
24.940806,121.361500,三峽,C0AC60,2018-11-28T12:00:00+08:00,55.0,81,0.4,20.1,0.96,1014.4,-99,2.0,-99,-99,-99,新北市,06,三峽區,057
24.940806,121.361500,三峽,C0AC60,2018-11-28T13:00:00+08:00,55.0,0,0.2,19.1,0.98,1013.8,-99,2.5,-99,-99,-99,新北市,06,三峽區,057
24.940806,121.361500,三峽,C0AC60,2018-11-28T14:00:00+08:00,55.0,93,1.0,18.2,0.99,1013.9,-99,3.5,-99,-99,-99,新北市,06,三峽區,057
24.940806,121.361500,三峽,C0AC60,2018-11-28T15:00:00+08:00,55.0,31,0.7,18.2,0.99,1013.2,-99,3.5,-99,-99,-99,新北市,06,三峽區,057
24.940806,121.361500,三峽,C0AC60,2018-11-28T16:00:00+08:00,55.0,14,0.3,18.7,0.99,1014.2,-99,3.5,-99,-99,-99,新北市,06,三峽區,057
24.940806,121.361500,三峽,C0AC60,2018-11-28T17:00:00+08:00,55.0,82,1.9,18.5,0.96,1013.9,-99,3.5,-99,-99,-99,新北市,06,三峽區,057
24.940806,121.361500,三峽,C0AC60,2018-11-28T18:00:00+08:00,55.0,90,1.8,18.9,0.91,1015.2,-99,3.5,-99,-99,-99,新北市,06,三峽區,057
24.940806,121.361500,三峽,C0AC60,2018-11-28T19:00:00+08:00,55.0,33,0.3,18.6,0.9,1015.2,-99,4.0,-99,-99,-99,新北市,06,三峽區,057
24.940806,121.361500,三峽,C0AC60,2018-11-28T20:00:00+08:00,55.0,92,1.7,18.5,0.9,1014.5,-99,4.0,-99,-99,-99,新北市,06,三峽區,057
24.940806,121.361500,三峽,C0AC60,2018-11-28T21:00:00+08:00,55.0,96,1.7,19.0,0.86,1015.6,-99,4.0,-99,-99,-99,新北市,06,三峽區,057
24.940806,121.361500,三峽,C0AC60,2018-11-28T22:00:00+08:00,55.0,90,1.7,19.1,0.82,1016.1,-99,4.0,-99,-99,-99,新北市,06,三峽區,057
24.940806,121.361500,三峽,C0AC60,2018-11-28T23:00:00+08:00,55.0,85,1.6,19.4,0.73,1015.8,-99,4.0,-99,-99,-99,新北市,06,三峽區,057
24.940806,121.361500,三峽,C0AC60,2018-11-29T00:00:00+08:00,55.0,95,2.1,19.1,0.75,1015.1,-99,4.0,-99,-99,-99,新北市,06,三峽區,057
24.940806,121.361500,三峽,C0AC60,2018-11-29T01:00:00+08:00,55.0,83,1.9,19.1,0.75,1015.2,-99,0.0,7.7,66,2018-11-29T00:55:00+08:00,新北市,06,三峽區,057
24.940806,121.361500,三峽,C0AC60,2018-11-29T02:00:00+08:00,55.0,89,0.8,19.1,0.74,1015.2,-99,0.0,-99,-99,-99,新北市,06,三峽區,057
24.940806,121.361500,三峽,C0AC60,2018-11-29T03:00:00+08:00,55.0,81,0.9,19.1,0.74,1015.3,-99,0.0,-99,-99,-99,新北市,06,三峽區,057
24.940806,121.361500,三峽,C0AC60,2018-11-29T04:00:00+08:00,55.0,91,1.6,19.1,0.74,1014.9,-99,0.0,-99,-99,-99,新北市,06,三峽區,057
24.940806,121.361500,三峽,C0AC60,2018-11-29T05:00:00+08:00,55.0,94,2.0,18.9,0.76,1015.1,-99,0.0,-99,-99,-99,新北市,06,三峽區,057
24.940806,121.361500,三峽,C0AC60,2018-11-29T06:00:00+08:00,55.0,84,1.2,18.8,0.76,1015.9,-99,0.0,-99,-99,-99,新北市,06,三峽區,057
24.940806,121.361500,三峽,C0AC60,2018-11-29T07:00:00+08:00,55.0,92,1.4,19.0,0.74,1016.2,-99,0.0,-99,-99,-99,新北市,06,三峽區,057
24.940806,121.361500,三峽,C0AC60,2018-11-29T08:00:00+08:00,55.0,83,2.1,19.3,0.73,1016.5,-99,0.0,8.2,68,2018-11-29T07:25:00+08:00,新北市,06,三峽區,057
24.940806,121.361500,三峽,C0AC60,2018-11-29T09:00:00+08:00,55.0,81,2.9,20.7,0.65,1017.3,-99,0.0,9.3,72,2018-11-29T08:54:00+08:00,新北市,06,三峽區,057
24.940806,121.361500,三峽,C0AC60,2018-11-29T10:00:00+08:00,55.0,78,2.7,21.2,0.65,1017.6,-99,0.0,10.4,77,2018-11-29T09:36:00+08:00,新北市,06,三峽區,057
24.940806,121.361500,三峽,C0AC60,2018-11-29T11:00:00+08:00,55.0,78,3.0,22.3,0.59,1016.7,-99,0.0,10.4,88,2018-11-29T10:12:00+08:00,新北市,06,三峽區,057
24.940806,121.361500,三峽,C0AC60,2018-11-29T12:00:00+08:00,55.0,83,2.7,23.1,0.53,1015.7,-99,0.0,8.2,95,2018-11-29T11:35:00+08:00,新北市,06,三峽區,057
24.940806,121.361500,三峽,C0AC60,2018-11-29T13:00:00+08:00,55.0,89,3.2,23.5,0.53,1014.8,-99,0.0,9.9,73,2018-11-29T12:21:00+08:00,新北市,06,三峽區,057
24.940806,121.361500,三峽,C0AC60,2018-11-29T14:00:00+08:00,55.0,82,3.6,22.9,0.54,1014.4,-99,0.0,11.0,65,2018-11-29T13:39:00+08:00,新北市,06,三峽區,057
24.940806,121.361500,三峽,C0AC60,2018-11-29T15:00:00+08:00,55.0,77,3.3,23.2,0.55,1014.2,-99,0.0,9.9,65,2018-11-29T14:16:00+08:00,新北市,06,三峽區,057
24.940806,121.361500,三峽,C0AC60,2018-11-29T16:00:00+08:00,55.0,75,3.7,22.5,0.57,1014.3,-99,0.0,11.5,84,2018-11-29T15:47:00+08:00,新北市,06,三峽區,057
24.940806,121.361500,三峽,C0AC60,2018-11-29T17:00:00+08:00,55.0,80,3.2,21.1,0.63,1014.7,-99,0.0,11.5,79,2018-11-29T16:37:00+08:00,新北市,06,三峽區,057
24.940806,121.361500,三峽,C0AC60,2018-11-29T18:00:00+08:00,55.0,79,3.4,20.5,0.63,1015.0,-99,0.0,9.9,64,2018-11-29T17:15:00+08:00,新北市,06,三峽區,057
24.940806,121.361500,三峽,C0AC60,2018-11-29T19:00:00+08:00,55.0,84,3.8,20.5,0.64,1015.3,-99,0.0,9.9,74,2018-11-29T18:38:00+08:00,新北市,06,三峽區,057
24.940806,121.361500,三峽,C0AC60,2018-11-29T20:00:00+08:00,55.0,81,4.4,20.2,0.65,1015.6,-99,0.0,11.0,77,2018-11-29T19:37:00+08:00,新北市,06,三峽區,057
24.940806,121.361500,三峽,C0AC60,2018-11-29T21:00:00+08:00,55.0,77,3.7,19.9,0.68,1015.6,-99,0.0,10.4,90,2018-11-29T21:00:00+08:00,新北市,06,三峽區,057
24.940806,121.361500,三峽,C0AC60,2018-11-29T22:00:00+08:00,55.0,74,4.3,19.8,0.7,1015.6,-99,0.0,11.0,77,2018-11-29T21:20:00+08:00,新北市,06,三峽區,057
24.940806,121.361500,三峽,C0AC60,2018-11-29T23:00:00+08:00,55.0,78,3.4,19.7,0.72,1015.3,-99,0.0,10.4,70,2018-11-29T22:48:00+08:00,新北市,06,三峽區,057
24.940806,121.361500,三峽,C0AC60,2018-11-30T00:00:00+08:00,55.0,80,3.6,19.6,0.72,1014.9,-99,0.0,9.9,62,2018-11-29T23:52:00+08:00,新北市,06,三峽區,057
24.940806,121.361500,三峽,C0AC60,2018-11-30T01:00:00+08:00,55.0,79,4.6,19.7,0.7,1014.4,-99,0.0,10.4,77,2018-11-30T00:02:00+08:00,新北市,06,三峽區,057
24.940806,121.361500,三峽,C0AC60,2018-11-30T02:00:00+08:00,55.0,77,3.9,19.9,0.68,1014.3,-99,0.0,11.0,78,2018-11-30T01:30:00+08:00,新北市,06,三峽區,057
24.940806,121.361500,三峽,C0AC60,2018-11-30T03:00:00+08:00,55.0,79,3.9,19.9,0.66,1013.9,-99,0.0,9.9,81,2018-11-30T02:04:00+08:00,新北市,06,三峽區,057
24.940806,121.361500,三峽,C0AC60,2018-11-30T04:00:00+08:00,55.0,80,2.9,19.8,0.67,1013.9,-99,0.0,9.9,86,2018-11-30T03:03:00+08:00,新北市,06,三峽區,057
24.940806,121.361500,三峽,C0AC60,2018-11-30T05:00:00+08:00,55.0,144,0.9,18.2,0.76,1014.4,-99,0.0,6.6,97,2018-11-30T04:34:00+08:00,新北市,06,三峽區,057
24.940806,121.361500,三峽,C0AC60,2018-11-30T06:00:00+08:00,55.0,156,0.5,16.9,0.87,1015.0,-99,0.0,-99,-99,-99,新北市,06,三峽區,057
24.940806,121.361500,三峽,C0AC60,2018-11-30T07:00:00+08:00,55.0,162,1.0,17.0,0.87,1015.7,-99,0.0,-99,-99,-99,新北市,06,三峽區,057
24.940806,121.361500,三峽,C0AC60,2018-11-30T08:00:00+08:00,55.0,148,0.4,19.4,0.76,1015.9,-99,0.0,-99,-99,-99,新北市,06,三峽區,057
24.940806,121.361500,三峽,C0AC60,2018-11-30T09:00:00+08:00,55.0,84,2.1,22.9,0.53,1015.8,-99,0.0,-99,-99,-99,新北市,06,三峽區,057
24.940806,121.361500,三峽,C0AC60,2018-11-30T10:00:00+08:00,55.0,71,2.1,24.6,0.46,1015.6,-99,0.0,-99,-99,-99,新北市,06,三峽區,057
24.940806,121.361500,三峽,C0AC60,2018-11-30T12:00:00+08:00,55.0,80,1.3,26.7,0.41,1013.6,-99,0.0,-99,-99,-99,新北市,06,三峽區,057
24.940806,121.361500,三峽,C0AC60,2018-11-30T11:00:00+08:00,55.0,66,2.2,25.5,0.44,1014.6,-99,0.0,-99,-99,-99,新北市,06,三峽區,057
24.940806,121.361500,三峽,C0AC60,2018-11-30T13:00:00+08:00,55.0,67,1.4,27.6,0.39,1012.2,-99,0.0,-99,-99,-99,新北市,06,三峽區,057
24.940806,121.361500,三峽,C0AC60,2018-11-30T12:00:00+08:00,55.0,80,1.3,26.7,0.41,1013.6,-99,0.0,-99,-99,-99,新北市,06,三峽區,057
24.940806,121.361500,三峽,C0AC60,2018-11-30T14:00:00+08:00,55.0,69,0.9,28.0,0.39,1011.5,-99,0.0,-99,-99,-99,新北市,06,三峽區,057
24.940806,121.361500,三峽,C0AC60,2018-11-30T15:00:00+08:00,55.0,43,1.6,27.0,0.43,1011.4,-99,0.0,-99,-99,-99,新北市,06,三峽區,057
24.940806,121.361500,三峽,C0AC60,2018-11-30T16:00:00+08:00,55.0,74,1.0,25.7,0.49,1011.8,-99,0.0,-99,-99,-99,新北市,06,三峽區,057
24.940806,121.361500,三峽,C0AC60,2018-11-30T17:00:00+08:00,55.0,79,1.8,24.2,0.53,1012.3,-99,0.0,-99,-99,-99,新北市,06,三峽區,057
24.940806,121.361500,三峽,C0AC60,2018-11-30T18:00:00+08:00,55.0,77,1.2,23.3,0.58,1012.8,-99,0.0,-99,-99,-99,新北市,06,三峽區,057
24.940806,121.361500,三峽,C0AC60,2018-11-30T19:00:00+08:00,55.0,102,0.6,22.7,0.62,1013.3,-99,0.0,-99,-99,-99,新北市,06,三峽區,057
24.940806,121.361500,三峽,C0AC60,2018-11-30T20:00:00+08:00,55.0,177,0.3,22.2,0.7,1013.6,-99,0.0,-99,-99,-99,新北市,06,三峽區,057
24.940806,121.361500,三峽,C0AC60,2018-11-30T21:00:00+08:00,55.0,0,0.1,21.2,0.76,1013.9,-99,0.0,-99,-99,-99,新北市,06,三峽區,057
24.940806,121.361500,三峽,C0AC60,2018-11-30T22:00:00+08:00,55.0,157,1.1,20.0,0.83,1013.9,-99,0.0,-99,-99,-99,新北市,06,三峽區,057
24.940806,121.361500,三峽,C0AC60,2018-11-30T23:00:00+08:00,55.0,164,2.3,19.7,0.82,1013.9,-99,0.0,-99,-99,-99,新北市,06,三峽區,057
