24.940806,121.361500,三峽,C0AC60,2018-08-01T00:00:00+08:00,55.0,216,1.1,28.1,0.94,998.5,-99,0.0,-99,-99,-99,新北市,06,三峽區,057
24.940806,121.361500,三峽,C0AC60,2018-08-01T01:00:00+08:00,55.0,205,0.7,27.7,0.94,998.5,-99,0.0,-99,-99,-99,新北市,06,三峽區,057
24.940806,121.361500,三峽,C0AC60,2018-08-01T02:00:00+08:00,55.0,212,1.3,27.4,0.94,998.2,-99,0.0,-99,-99,-99,新北市,06,三峽區,057
24.940806,121.361500,三峽,C0AC60,2018-08-01T03:00:00+08:00,55.0,206,0.8,27.4,0.95,998.0,-99,0.0,-99,-99,-99,新北市,06,三峽區,057
24.940806,121.361500,三峽,C0AC60,2018-08-01T04:00:00+08:00,55.0,213,1.1,27.0,0.94,997.8,-99,0.0,-99,-99,-99,新北市,06,三峽區,057
24.940806,121.361500,三峽,C0AC60,2018-08-01T05:00:00+08:00,55.0,197,1.5,26.8,0.95,998.2,-99,0.0,-99,-99,-99,新北市,06,三峽區,057
24.940806,121.361500,三峽,C0AC60,2018-08-01T06:00:00+08:00,55.0,206,1.5,26.8,0.95,998.6,-99,0.0,-99,-99,-99,新北市,06,三峽區,057
24.940806,121.361500,三峽,C0AC60,2018-08-01T07:00:00+08:00,55.0,204,0.9,28.1,0.9,998.8,-99,0.0,-99,-99,-99,新北市,06,三峽區,057
24.940806,121.361500,三峽,C0AC60,2018-08-01T08:00:00+08:00,55.0,268,1.6,29.9,0.75,999.0,-99,0.0,-99,-99,-99,新北市,06,三峽區,057
24.940806,121.361500,三峽,C0AC60,2018-08-01T09:00:00+08:00,55.0,247,1.6,31.2,0.67,998.8,-99,0.0,-99,-99,-99,新北市,06,三峽區,057
24.940806,121.361500,三峽,C0AC60,2018-08-01T10:00:00+08:00,55.0,254,2.4,32.4,0.63,998.6,-99,0.0,-99,-99,-99,新北市,06,三峽區,057
24.940806,121.361500,三峽,C0AC60,2018-08-01T11:00:00+08:00,55.0,265,2.3,33.8,0.55,998.1,-99,0.0,-99,-99,-99,新北市,06,三峽區,057
24.940806,121.361500,三峽,C0AC60,2018-08-01T12:00:00+08:00,55.0,285,2.0,35.6,0.45,997.3,-99,0.0,8.2,299,2018-08-01T11:38:00+08:00,新北市,06,三峽區,057
24.940806,121.361500,三峽,C0AC60,2018-08-01T13:00:00+08:00,55.0,305,1.9,35.4,0.48,996.7,-99,0.0,7.7,351,2018-08-01T12:51:00+08:00,新北市,06,三峽區,057
24.940806,121.361500,三峽,C0AC60,2018-08-01T14:00:00+08:00,55.0,310,1.9,36.2,0.45,996.1,-99,0.0,8.8,326,2018-08-01T13:08:00+08:00,新北市,06,三峽區,057
24.940806,121.361500,三峽,C0AC60,2018-08-01T15:00:00+08:00,55.0,325,2.8,35.6,0.47,995.7,-99,0.0,8.8,349,2018-08-01T14:59:00+08:00,新北市,06,三峽區,057
24.940806,121.361500,三峽,C0AC60,2018-08-01T16:00:00+08:00,55.0,300,2.0,35.6,0.45,995.5,-99,0.0,-99,-99,-99,新北市,06,三峽區,057
24.940806,121.361500,三峽,C0AC60,2018-08-01T17:00:00+08:00,55.0,318,1.3,34.6,0.56,995.4,-99,0.0,-99,-99,-99,新北市,06,三峽區,057
24.940806,121.361500,三峽,C0AC60,2018-08-01T18:00:00+08:00,55.0,296,1.0,33.9,0.56,995.8,-99,0.0,-99,-99,-99,新北市,06,三峽區,057
24.940806,121.361500,三峽,C0AC60,2018-08-01T19:00:00+08:00,55.0,310,1.8,32.9,0.57,996.8,-99,0.0,-99,-99,-99,新北市,06,三峽區,057
24.940806,121.361500,三峽,C0AC60,2018-08-01T20:00:00+08:00,55.0,287,0.5,31.5,0.67,997.4,-99,0.0,-99,-99,-99,新北市,06,三峽區,057
24.940806,121.361500,三峽,C0AC60,2018-08-01T21:00:00+08:00,55.0,213,0.9,30.4,0.75,997.8,-99,0.0,-99,-99,-99,新北市,06,三峽區,057
24.940806,121.361500,三峽,C0AC60,2018-08-01T22:00:00+08:00,55.0,215,1.2,29.3,0.77,998.1,-99,0.0,-99,-99,-99,新北市,06,三峽區,057
24.940806,121.361500,三峽,C0AC60,2018-08-01T23:00:00+08:00,55.0,209,1.4,29.2,0.85,997.9,-99,0.0,-99,-99,-99,新北市,06,三峽區,057
24.940806,121.361500,三峽,C0AC60,2018-08-02T00:00:00+08:00,55.0,224,1.5,28.9,0.9,997.4,-99,0.0,-99,-99,-99,新北市,06,三峽區,057
24.940806,121.361500,三峽,C0AC60,2018-08-02T01:00:00+08:00,55.0,214,1.2,28.8,0.9,997.0,-99,0.0,-99,-99,-99,新北市,06,三峽區,057
24.940806,121.361500,三峽,C0AC60,2018-08-02T02:00:00+08:00,55.0,0,0.1,28.5,0.89,997.2,-99,0.0,-99,-99,-99,新北市,06,三峽區,057
24.940806,121.361500,三峽,C0AC60,2018-08-02T03:00:00+08:00,55.0,205,1.5,27.5,0.94,997.2,-99,0.0,-99,-99,-99,新北市,06,三峽區,057
24.940806,121.361500,三峽,C0AC60,2018-08-02T04:00:00+08:00,55.0,221,0.7,27.2,0.92,996.8,-99,0.0,-99,-99,-99,新北市,06,三峽區,057
24.940806,121.361500,三峽,C0AC60,2018-08-02T05:00:00+08:00,55.0,200,0.6,27.1,0.9,996.8,-99,0.0,-99,-99,-99,新北市,06,三峽區,057
24.940806,121.361500,三峽,C0AC60,2018-08-02T06:00:00+08:00,55.0,198,1.1,27.0,0.91,997.1,-99,0.0,-99,-99,-99,新北市,06,三峽區,057
24.940806,121.361500,三峽,C0AC60,2018-08-02T07:00:00+08:00,55.0,239,0.6,28.4,0.85,997.8,-99,0.0,-99,-99,-99,新北市,06,三峽區,057
24.940806,121.361500,三峽,C0AC60,2018-08-02T08:00:00+08:00,55.0,276,1.0,29.0,0.8,997.6,-99,0.0,-99,-99,-99,新北市,06,三峽區,057
24.940806,121.361500,三峽,C0AC60,2018-08-02T09:00:00+08:00,55.0,236,1.2,29.8,0.75,997.8,-99,0.0,-99,-99,-99,新北市,06,三峽區,057
24.940806,121.361500,三峽,C0AC60,2018-08-02T10:00:00+08:00,55.0,233,1.4,31.4,0.71,997.4,-99,0.0,-99,-99,-99,新北市,06,三峽區,057
24.940806,121.361500,三峽,C0AC60,2018-08-02T11:00:00+08:00,55.0,260,2.6,33.5,0.56,997.1,-99,0.0,8.2,225,2018-08-02T10:31:00+08:00,新北市,06,三峽區,057
24.940806,121.361500,三峽,C0AC60,2018-08-02T12:00:00+08:00,55.0,276,2.3,34.7,0.5,996.8,-99,0.0,11.0,315,2018-08-02T11:44:00+08:00,新北市,06,三峽區,057
24.940806,121.361500,三峽,C0AC60,2018-08-02T13:00:00+08:00,55.0,245,3.7,35.3,0.46,996.0,-99,0.0,9.3,246,2018-08-02T12:56:00+08:00,新北市,06,三峽區,057
24.940806,121.361500,三峽,C0AC60,2018-08-02T14:00:00+08:00,55.0,280,2.7,35.9,0.45,995.2,-99,0.0,-99,-99,-99,新北市,06,三峽區,057
24.940806,121.361500,三峽,C0AC60,2018-08-02T15:00:00+08:00,55.0,276,2.0,35.9,0.48,994.6,-99,0.0,-99,-99,-99,新北市,06,三峽區,057
24.940806,121.361500,三峽,C0AC60,2018-08-02T16:00:00+08:00,55.0,289,1.9,35.8,0.48,994.2,-99,0.0,-99,-99,-99,新北市,06,三峽區,057
24.940806,121.361500,三峽,C0AC60,2018-08-02T17:00:00+08:00,55.0,298,2.0,34.9,0.54,994.4,-99,0.0,-99,-99,-99,新北市,06,三峽區,057
24.940806,121.361500,三峽,C0AC60,2018-08-02T18:00:00+08:00,55.0,306,2.2,33.6,0.61,994.8,-99,0.0,-99,-99,-99,新北市,06,三峽區,057
24.940806,121.361500,三峽,C0AC60,2018-08-02T19:00:00+08:00,55.0,240,1.6,31.7,0.73,994.9,-99,0.0,-99,-99,-99,新北市,06,三峽區,057
24.940806,121.361500,三峽,C0AC60,2018-08-02T20:00:00+08:00,55.0,231,2.9,30.7,0.73,996.0,-99,0.0,-99,-99,-99,新北市,06,三峽區,057
24.940806,121.361500,三峽,C0AC60,2018-08-02T21:00:00+08:00,55.0,236,2.2,30.2,0.77,996.5,-99,0.0,-99,-99,-99,新北市,06,三峽區,057
24.940806,121.361500,三峽,C0AC60,2018-08-02T22:00:00+08:00,55.0,244,0.9,29.9,0.79,997.1,-99,0.0,-99,-99,-99,新北市,06,三峽區,057
24.940806,121.361500,三峽,C0AC60,2018-08-02T23:00:00+08:00,55.0,250,1.2,29.6,0.78,997.2,-99,0.0,-99,-99,-99,新北市,06,三峽區,057
24.940806,121.361500,三峽,C0AC60,2018-08-03T00:00:00+08:00,55.0,0,0.2,29.0,0.84,996.5,-99,0.0,-99,-99,-99,新北市,06,三峽區,057
24.940806,121.361500,三峽,C0AC60,2018-08-03T01:00:00+08:00,55.0,206,0.6,28.6,0.89,996.4,-99,0.0,-99,-99,-99,新北市,06,三峽區,057
24.940806,121.361500,三峽,C0AC60,2018-08-03T02:00:00+08:00,55.0,194,0.7,27.6,0.94,995.8,-99,0.0,-99,-99,-99,新北市,06,三峽區,057
24.940806,121.361500,三峽,C0AC60,2018-08-03T03:00:00+08:00,55.0,0,0.1,27.8,0.93,995.9,-99,0.0,-99,-99,-99,新北市,06,三峽區,057
24.940806,121.361500,三峽,C0AC60,2018-08-03T04:00:00+08:00,55.0,224,0.8,27.2,0.95,996.0,-99,0.0,-99,-99,-99,新北市,06,三峽區,057
24.940806,121.361500,三峽,C0AC60,2018-08-03T05:00:00+08:00,55.0,194,0.3,26.9,0.96,996.8,-99,0.0,-99,-99,-99,新北市,06,三峽區,057
24.940806,121.361500,三峽,C0AC60,2018-08-03T06:00:00+08:00,55.0,217,0.8,26.8,0.96,997.5,-99,0.0,-99,-99,-99,新北市,06,三峽區,057
24.940806,121.361500,三峽,C0AC60,2018-08-03T07:00:00+08:00,55.0,215,1.0,27.8,0.87,997.4,-99,0.0,-99,-99,-99,新北市,06,三峽區,057
24.940806,121.361500,三峽,C0AC60,2018-08-03T08:00:00+08:00,55.0,172,0.4,30.2,0.75,997.7,-99,0.0,-99,-99,-99,新北市,06,三峽區,057
24.940806,121.361500,三峽,C0AC60,2018-08-03T09:00:00+08:00,55.0,303,1.0,31.4,0.66,998.2,-99,0.0,-99,-99,-99,新北市,06,三峽區,057
24.940806,121.361500,三峽,C0AC60,2018-08-03T11:00:00+08:00,55.0,339,1.5,34.1,0.52,997.5,-99,0.0,-99,-99,-99,新北市,06,三峽區,057
24.940806,121.361500,三峽,C0AC60,2018-08-03T12:00:00+08:00,55.0,248,1.7,34.4,0.52,996.9,-99,0.0,-99,-99,-99,新北市,06,三峽區,057
24.940806,121.361500,三峽,C0AC60,2018-08-03T13:00:00+08:00,55.0,272,2.0,34.7,0.5,996.6,-99,0.0,-99,-99,-99,新北市,06,三峽區,057
24.940806,121.361500,三峽,C0AC60,2018-08-03T14:00:00+08:00,55.0,306,1.2,35.5,0.48,995.9,-99,0.0,-99,-99,-99,新北市,06,三峽區,057
24.940806,121.361500,三峽,C0AC60,2018-08-03T15:00:00+08:00,55.0,323,1.3,35.8,0.47,995.9,-99,0.0,-99,-99,-99,新北市,06,三峽區,057
24.940806,121.361500,三峽,C0AC60,2018-08-03T16:00:00+08:00,55.0,57,2.7,29.8,0.74,997.5,-99,0.0,-99,-99,-99,新北市,06,三峽區,057
24.940806,121.361500,三峽,C0AC60,2018-08-03T17:00:00+08:00,55.0,89,1.7,28.0,0.83,997.4,-99,0.0,-99,-99,-99,新北市,06,三峽區,057
24.940806,121.361500,三峽,C0AC60,2018-08-03T18:00:00+08:00,55.0,89,0.7,28.3,0.83,997.7,-99,0.0,-99,-99,-99,新北市,06,三峽區,057
24.940806,121.361500,三峽,C0AC60,2018-08-03T19:00:00+08:00,55.0,0,0.0,27.6,0.87,997.8,-99,0.0,-99,-99,-99,新北市,06,三峽區,057
24.940806,121.361500,三峽,C0AC60,2018-08-03T20:00:00+08:00,55.0,207,0.4,27.6,0.9,998.7,-99,0.0,-99,-99,-99,新北市,06,三峽區,057
24.940806,121.361500,三峽,C0AC60,2018-08-03T21:00:00+08:00,55.0,176,0.6,27.1,0.92,999.3,-99,0.0,-99,-99,-99,新北市,06,三峽區,057
24.940806,121.361500,三峽,C0AC60,2018-08-03T22:00:00+08:00,55.0,86,1.7,26.8,0.93,999.4,-99,0.0,-99,-99,-99,新北市,06,三峽區,057
24.940806,121.361500,三峽,C0AC60,2018-08-03T23:00:00+08:00,55.0,0,0.2,26.8,0.93,999.3,-99,0.0,-99,-99,-99,新北市,06,三峽區,057
24.940806,121.361500,三峽,C0AC60,2018-08-04T00:00:00+08:00,55.0,0,0.1,27.0,0.92,999.2,-99,0.0,-99,-99,-99,新北市,06,三峽區,057
24.940806,121.361500,三峽,C0AC60,2018-08-04T01:00:00+08:00,55.0,183,0.6,26.6,0.92,999.2,-99,0.0,-99,-99,-99,新北市,06,三峽區,057
24.940806,121.361500,三峽,C0AC60,2018-08-04T02:00:00+08:00,55.0,199,0.3,26.1,0.92,998.8,-99,0.0,-99,-99,-99,新北市,06,三峽區,057
24.940806,121.361500,三峽,C0AC60,2018-08-04T03:00:00+08:00,55.0,165,0.9,25.9,0.91,998.7,-99,0.0,-99,-99,-99,新北市,06,三峽區,057
24.940806,121.361500,三峽,C0AC60,2018-08-04T04:00:00+08:00,55.0,203,0.7,26.1,0.89,999.0,-99,0.0,-99,-99,-99,新北市,06,三峽區,057
24.940806,121.361500,三峽,C0AC60,2018-08-04T05:00:00+08:00,55.0,210,0.6,25.9,0.91,999.3,-99,0.0,-99,-99,-99,新北市,06,三峽區,057
24.940806,121.361500,三峽,C0AC60,2018-08-04T06:00:00+08:00,55.0,209,1.3,25.7,0.92,999.7,-99,0.0,-99,-99,-99,新北市,06,三峽區,057
24.940806,121.361500,三峽,C0AC60,2018-08-04T07:00:00+08:00,55.0,193,0.8,26.1,0.9,1000.0,-99,0.0,-99,-99,-99,新北市,06,三峽區,057
24.940806,121.361500,三峽,C0AC60,2018-08-04T08:00:00+08:00,55.0,71,0.5,29.2,0.74,1000.3,-99,0.0,-99,-99,-99,新北市,06,三峽區,057
24.940806,121.361500,三峽,C0AC60,2018-08-04T09:00:00+08:00,55.0,0,0.0,30.7,0.66,1000.2,-99,0.0,-99,-99,-99,新北市,06,三峽區,057
24.940806,121.361500,三峽,C0AC60,2018-08-04T10:00:00+08:00,55.0,0,0.1,32.7,0.58,1000.3,-99,0.0,-99,-99,-99,新北市,06,三峽區,057
24.940806,121.361500,三峽,C0AC60,2018-08-04T11:00:00+08:00,55.0,0,0.1,34.1,0.53,1000.4,-99,0.0,-99,-99,-99,新北市,06,三峽區,057
24.940806,121.361500,三峽,C0AC60,2018-08-04T12:00:00+08:00,55.0,63,1.0,34.8,0.49,999.4,-99,0.0,-99,-99,-99,新北市,06,三峽區,057
24.940806,121.361500,三峽,C0AC60,2018-08-04T13:00:00+08:00,55.0,31,2.2,35.1,0.54,999.0,-99,0.0,-99,-99,-99,新北市,06,三峽區,057
24.940806,121.361500,三峽,C0AC60,2018-08-04T14:00:00+08:00,55.0,332,1.6,31.0,0.79,998.9,-99,0.0,-99,-99,-99,新北市,06,三峽區,057
24.940806,121.361500,三峽,C0AC60,2018-08-04T15:00:00+08:00,55.0,203,1.3,30.2,0.88,999.2,-99,0.0,-99,-99,-99,新北市,06,三峽區,057
24.940806,121.361500,三峽,C0AC60,2018-08-04T16:00:00+08:00,55.0,0,0.1,25.9,1,999.2,-99,10.5,-99,-99,-99,新北市,06,三峽區,057
24.940806,121.361500,三峽,C0AC60,2018-08-04T17:00:00+08:00,55.0,0,0.0,26.4,0.99,998.1,-99,10.5,-99,-99,-99,新北市,06,三峽區,057
24.940806,121.361500,三峽,C0AC60,2018-08-04T18:00:00+08:00,55.0,205,0.5,26.5,0.99,998.4,-99,10.5,-99,-99,-99,新北市,06,三峽區,057
24.940806,121.361500,三峽,C0AC60,2018-08-04T19:00:00+08:00,55.0,183,0.7,26.5,0.99,999.3,-99,10.5,-99,-99,-99,新北市,06,三峽區,057
24.940806,121.361500,三峽,C0AC60,2018-08-04T20:00:00+08:00,55.0,166,0.4,27.0,1,999.5,-99,10.5,-99,-99,-99,新北市,06,三峽區,057
24.940806,121.361500,三峽,C0AC60,2018-08-04T21:00:00+08:00,55.0,156,0.5,26.7,0.99,1000.0,-99,10.5,-99,-99,-99,新北市,06,三峽區,057
24.940806,121.361500,三峽,C0AC60,2018-08-04T22:00:00+08:00,55.0,0,0.0,26.5,0.99,1000.5,-99,10.5,-99,-99,-99,新北市,06,三峽區,057
24.940806,121.361500,三峽,C0AC60,2018-08-04T23:00:00+08:00,55.0,202,0.8,26.4,0.98,1000.9,-99,10.5,-99,-99,-99,新北市,06,三峽區,057
24.940806,121.361500,三峽,C0AC60,2018-08-05T00:00:00+08:00,55.0,0,0.1,26.3,0.99,1000.8,-99,10.5,-99,-99,-99,新北市,06,三峽區,057
24.940806,121.361500,三峽,C0AC60,2018-08-05T01:00:00+08:00,55.0,217,1.2,26.0,0.99,1000.6,-99,0.0,-99,-99,-99,新北市,06,三峽區,057
24.940806,121.361500,三峽,C0AC60,2018-08-05T02:00:00+08:00,55.0,0,0.0,26.3,0.99,1000.4,-99,0.0,-99,-99,-99,新北市,06,三峽區,057
24.940806,121.361500,三峽,C0AC60,2018-08-05T03:00:00+08:00,55.0,207,0.5,25.7,0.99,1000.2,-99,0.0,-99,-99,-99,新北市,06,三峽區,057
24.940806,121.361500,三峽,C0AC60,2018-08-05T04:00:00+08:00,55.0,0,0.1,25.7,0.98,1000.9,-99,0.0,-99,-99,-99,新北市,06,三峽區,057
24.940806,121.361500,三峽,C0AC60,2018-08-05T05:00:00+08:00,55.0,233,0.9,25.9,0.98,1001.2,-99,0.0,-99,-99,-99,新北市,06,三峽區,057
24.940806,121.361500,三峽,C0AC60,2018-08-05T06:00:00+08:00,55.0,182,0.9,26.0,0.98,1001.7,-99,0.0,-99,-99,-99,新北市,06,三峽區,057
24.940806,121.361500,三峽,C0AC60,2018-08-05T07:00:00+08:00,55.0,197,0.7,27.1,0.94,1001.6,-99,0.0,-99,-99,-99,新北市,06,三峽區,057
24.940806,121.361500,三峽,C0AC60,2018-08-05T08:00:00+08:00,55.0,0,0.1,29.1,0.86,1001.9,-99,0.0,-99,-99,-99,新北市,06,三峽區,057
24.940806,121.361500,三峽,C0AC60,2018-08-05T09:00:00+08:00,55.0,256,0.8,30.4,0.77,1001.6,-99,0.0,-99,-99,-99,新北市,06,三峽區,057
24.940806,121.361500,三峽,C0AC60,2018-08-05T10:00:00+08:00,55.0,0,0.0,31.1,0.74,1001.3,-99,0.0,-99,-99,-99,新北市,06,三峽區,057
24.940806,121.361500,三峽,C0AC60,2018-08-05T11:00:00+08:00,55.0,93,1.1,32.8,0.65,1001.2,-99,0.0,-99,-99,-99,新北市,06,三峽區,057
24.940806,121.361500,三峽,C0AC60,2018-08-05T12:00:00+08:00,55.0,96,1.6,34.3,0.56,1000.1,-99,0.0,-99,-99,-99,新北市,06,三峽區,057
24.940806,121.361500,三峽,C0AC60,2018-08-05T13:00:00+08:00,55.0,87,1.2,35.2,0.51,999.3,-99,0.0,-99,-99,-99,新北市,06,三峽區,057
24.940806,121.361500,三峽,C0AC60,2018-08-05T14:00:00+08:00,55.0,79,1.7,36.4,0.49,998.6,-99,0.0,-99,-99,-99,新北市,06,三峽區,057
24.940806,121.361500,三峽,C0AC60,2018-08-05T15:00:00+08:00,55.0,62,1.8,35.8,0.54,998.2,-99,0.0,-99,-99,-99,新北市,06,三峽區,057
24.940806,121.361500,三峽,C0AC60,2018-08-05T16:00:00+08:00,55.0,62,1.0,34.1,0.6,998.3,-99,0.0,-99,-99,-99,新北市,06,三峽區,057
24.940806,121.361500,三峽,C0AC60,2018-08-05T17:00:00+08:00,55.0,193,1.6,31.4,0.62,998.7,-99,0.0,7.1,88,2018-08-05T16:29:00+08:00,新北市,06,三峽區,057
24.940806,121.361500,三峽,C0AC60,2018-08-05T18:00:00+08:00,55.0,230,2.5,30.5,0.64,999.1,-99,0.0,-99,-99,-99,新北市,06,三峽區,057
24.940806,121.361500,三峽,C0AC60,2018-08-05T19:00:00+08:00,55.0,241,1.3,30.2,0.62,999.4,-99,0.0,-99,-99,-99,新北市,06,三峽區,057
24.940806,121.361500,三峽,C0AC60,2018-08-05T20:00:00+08:00,55.0,324,0.4,29.3,0.69,999.7,-99,0.0,-99,-99,-99,新北市,06,三峽區,057
24.940806,121.361500,三峽,C0AC60,2018-08-05T22:00:00+08:00,55.0,205,1.0,27.5,0.92,1000.7,-99,0.0,-99,-99,-99,新北市,06,三峽區,057
24.940806,121.361500,三峽,C0AC60,2018-08-05T23:00:00+08:00,55.0,208,0.6,27.3,0.92,1000.8,-99,0.0,-99,-99,-99,新北市,06,三峽區,057
24.940806,121.361500,三峽,C0AC60,2018-08-06T00:00:00+08:00,55.0,201,0.8,27.0,0.91,1000.8,-99,0.0,-99,-99,-99,新北市,06,三峽區,057
24.940806,121.361500,三峽,C0AC60,2018-08-06T01:00:00+08:00,55.0,206,1.0,27.0,0.9,1000.6,-99,0.0,-99,-99,-99,新北市,06,三峽區,057
24.940806,121.361500,三峽,C0AC60,2018-08-06T02:00:00+08:00,55.0,222,0.4,26.9,0.9,1000.2,-99,0.0,-99,-99,-99,新北市,06,三峽區,057
24.940806,121.361500,三峽,C0AC60,2018-08-06T03:00:00+08:00,55.0,183,0.9,26.4,0.92,1000.2,-99,0.0,-99,-99,-99,新北市,06,三峽區,057
24.940806,121.361500,三峽,C0AC60,2018-08-06T04:00:00+08:00,55.0,211,1.4,26.5,0.91,1000.6,-99,0.0,-99,-99,-99,新北市,06,三峽區,057
24.940806,121.361500,三峽,C0AC60,2018-08-06T05:00:00+08:00,55.0,228,0.3,27.1,0.9,1000.4,-99,0.0,-99,-99,-99,新北市,06,三峽區,057
24.940806,121.361500,三峽,C0AC60,2018-08-06T06:00:00+08:00,55.0,220,1.4,26.5,0.92,1000.8,-99,0.0,-99,-99,-99,新北市,06,三峽區,057
24.940806,121.361500,三峽,C0AC60,2018-08-06T07:00:00+08:00,55.0,211,0.3,27.3,0.86,1001.2,-99,0.0,-99,-99,-99,新北市,06,三峽區,057
24.940806,121.361500,三峽,C0AC60,2018-08-06T08:00:00+08:00,55.0,301,0.3,29.6,0.76,1001.3,-99,0.0,-99,-99,-99,新北市,06,三峽區,057
24.940806,121.361500,三峽,C0AC60,2018-08-06T09:00:00+08:00,55.0,253,0.3,30.7,0.72,1001.1,-99,0.0,-99,-99,-99,新北市,06,三峽區,057
24.940806,121.361500,三峽,C0AC60,2018-08-06T10:00:00+08:00,55.0,129,1.0,32.8,0.61,1000.6,-99,0.0,-99,-99,-99,新北市,06,三峽區,057
24.940806,121.361500,三峽,C0AC60,2018-08-06T11:00:00+08:00,55.0,35,0.7,33.5,0.57,999.8,-99,0.0,-99,-99,-99,新北市,06,三峽區,057
24.940806,121.361500,三峽,C0AC60,2018-08-06T12:00:00+08:00,55.0,325,1.6,33.2,0.62,999.4,-99,0.0,-99,-99,-99,新北市,06,三峽區,057
24.940806,121.361500,三峽,C0AC60,2018-08-06T13:00:00+08:00,55.0,355,0.9,32.9,0.66,998.9,-99,0.0,-99,-99,-99,新北市,06,三峽區,057
24.940806,121.361500,三峽,C0AC60,2018-08-06T14:00:00+08:00,55.0,87,1.2,33.4,0.63,998.5,-99,0.0,-99,-99,-99,新北市,06,三峽區,057
24.940806,121.361500,三峽,C0AC60,2018-08-06T15:00:00+08:00,55.0,77,1.6,33.1,0.62,997.9,-99,0.0,-99,-99,-99,新北市,06,三峽區,057
24.940806,121.361500,三峽,C0AC60,2018-08-06T16:00:00+08:00,55.0,91,2.0,35.2,0.56,997.4,-99,0.0,-99,-99,-99,新北市,06,三峽區,057
24.940806,121.361500,三峽,C0AC60,2018-08-06T17:00:00+08:00,55.0,94,1.9,34.4,0.55,996.9,-99,0.0,-99,-99,-99,新北市,06,三峽區,057
24.940806,121.361500,三峽,C0AC60,2018-08-06T18:00:00+08:00,55.0,87,1.7,33.3,0.56,997.2,-99,0.0,-99,-99,-99,新北市,06,三峽區,057
24.940806,121.361500,三峽,C0AC60,2018-08-06T19:00:00+08:00,55.0,77,1.8,31.4,0.61,997.2,-99,0.0,-99,-99,-99,新北市,06,三峽區,057
24.940806,121.361500,三峽,C0AC60,2018-08-06T20:00:00+08:00,55.0,74,3.1,30.4,0.63,997.6,-99,0.0,-99,-99,-99,新北市,06,三峽區,057
24.940806,121.361500,三峽,C0AC60,2018-08-06T21:00:00+08:00,55.0,91,1.1,29.8,0.64,998.1,-99,0.0,7.1,62,2018-08-06T20:12:00+08:00,新北市,06,三峽區,057
24.940806,121.361500,三峽,C0AC60,2018-08-06T22:00:00+08:00,55.0,165,1.7,27.9,0.78,998.7,-99,0.0,-99,-99,-99,新北市,06,三峽區,057
24.940806,121.361500,三峽,C0AC60,2018-08-06T23:00:00+08:00,55.0,182,0.7,26.8,0.89,999.3,-99,0.0,-99,-99,-99,新北市,06,三峽區,057
24.940806,121.361500,三峽,C0AC60,2018-08-07T00:00:00+08:00,55.0,207,0.6,27.0,0.87,999.6,-99,0.0,-99,-99,-99,新北市,06,三峽區,057
24.940806,121.361500,三峽,C0AC60,2018-08-07T01:00:00+08:00,55.0,192,0.6,26.9,0.81,999.1,-99,0.0,-99,-99,-99,新北市,06,三峽區,057
24.940806,121.361500,三峽,C0AC60,2018-08-07T02:00:00+08:00,55.0,0,0.1,26.8,0.82,999.0,-99,0.0,-99,-99,-99,新北市,06,三峽區,057
24.940806,121.361500,三峽,C0AC60,2018-08-07T03:00:00+08:00,55.0,0,0.0,27.0,0.81,999.2,-99,0.0,-99,-99,-99,新北市,06,三峽區,057
24.940806,121.361500,三峽,C0AC60,2018-08-07T04:00:00+08:00,55.0,153,1.7,26.9,0.83,999.4,-99,0.0,-99,-99,-99,新北市,06,三峽區,057
24.940806,121.361500,三峽,C0AC60,2018-08-07T05:00:00+08:00,55.0,0,0.2,26.8,0.85,999.5,-99,0.0,-99,-99,-99,新北市,06,三峽區,057
24.940806,121.361500,三峽,C0AC60,2018-08-07T06:00:00+08:00,55.0,194,0.4,26.8,0.88,1000.0,-99,0.0,-99,-99,-99,新北市,06,三峽區,057
24.940806,121.361500,三峽,C0AC60,2018-08-07T07:00:00+08:00,55.0,196,0.3,27.4,0.85,1000.1,-99,0.0,-99,-99,-99,新北市,06,三峽區,057
24.940806,121.361500,三峽,C0AC60,2018-08-07T08:00:00+08:00,55.0,141,0.3,29.5,0.73,999.9,-99,0.0,-99,-99,-99,新北市,06,三峽區,057
24.940806,121.361500,三峽,C0AC60,2018-08-07T09:00:00+08:00,55.0,99,0.9,32.3,0.55,999.7,-99,0.0,-99,-99,-99,新北市,06,三峽區,057
24.940806,121.361500,三峽,C0AC60,2018-08-07T10:00:00+08:00,55.0,82,2.3,33.5,0.52,999.5,-99,0.0,-99,-99,-99,新北市,06,三峽區,057
24.940806,121.361500,三峽,C0AC60,2018-08-07T11:00:00+08:00,55.0,77,1.6,34.6,0.49,998.8,-99,0.0,-99,-99,-99,新北市,06,三峽區,057
24.940806,121.361500,三峽,C0AC60,2018-08-07T12:00:00+08:00,55.0,90,1.6,35.7,0.42,997.9,-99,0.0,-99,-99,-99,新北市,06,三峽區,057
24.940806,121.361500,三峽,C0AC60,2018-08-07T13:00:00+08:00,55.0,81,2.3,36.1,0.44,997.4,-99,0.0,8.2,84,2018-08-07T12:48:00+08:00,新北市,06,三峽區,057
24.940806,121.361500,三峽,C0AC60,2018-08-07T14:00:00+08:00,55.0,84,2.1,36.7,0.46,996.9,-99,0.0,9.3,78,2018-08-07T13:13:00+08:00,新北市,06,三峽區,057
24.940806,121.361500,三峽,C0AC60,2018-08-07T15:00:00+08:00,55.0,84,2.8,36.1,0.47,996.2,-99,0.0,9.9,64,2018-08-07T14:18:00+08:00,新北市,06,三峽區,057
24.940806,121.361500,三峽,C0AC60,2018-08-07T16:00:00+08:00,55.0,83,2.9,35.6,0.48,996.1,-99,0.0,8.8,94,2018-08-07T15:36:00+08:00,新北市,06,三峽區,057
24.940806,121.361500,三峽,C0AC60,2018-08-07T17:00:00+08:00,55.0,90,2.2,34.7,0.47,996.0,-99,0.0,9.9,43,2018-08-07T16:24:00+08:00,新北市,06,三峽區,057
24.940806,121.361500,三峽,C0AC60,2018-08-07T18:00:00+08:00,55.0,80,2.4,32.9,0.51,996.0,-99,0.0,8.8,74,2018-08-07T17:05:00+08:00,新北市,06,三峽區,057
24.940806,121.361500,三峽,C0AC60,2018-08-07T19:00:00+08:00,55.0,78,1.8,31.0,0.57,996.5,-99,0.0,7.7,31,2018-08-07T18:21:00+08:00,新北市,06,三峽區,057
24.940806,121.361500,三峽,C0AC60,2018-08-07T20:00:00+08:00,55.0,87,1.6,30.3,0.56,997.1,-99,0.0,-99,-99,-99,新北市,06,三峽區,057
24.940806,121.361500,三峽,C0AC60,2018-08-07T21:00:00+08:00,55.0,82,2.7,29.9,0.61,997.9,-99,0.0,8.2,73,2018-08-07T20:40:00+08:00,新北市,06,三峽區,057
24.940806,121.361500,三峽,C0AC60,2018-08-07T22:00:00+08:00,55.0,81,2.1,29.5,0.65,998.6,-99,0.0,8.2,98,2018-08-07T21:40:00+08:00,新北市,06,三峽區,057
24.940806,121.361500,三峽,C0AC60,2018-08-07T23:00:00+08:00,55.0,181,1.1,28.4,0.7,998.7,-99,0.0,-99,-99,-99,新北市,06,三峽區,057
24.940806,121.361500,三峽,C0AC60,2018-08-08T00:00:00+08:00,55.0,165,1.5,26.8,0.74,998.8,-99,0.0,-99,-99,-99,新北市,06,三峽區,057
24.940806,121.361500,三峽,C0AC60,2018-08-08T01:00:00+08:00,55.0,162,1.3,26.8,0.74,998.7,-99,0.0,-99,-99,-99,新北市,06,三峽區,057
24.940806,121.361500,三峽,C0AC60,2018-08-08T02:00:00+08:00,55.0,165,1.3,26.0,0.77,998.6,-99,0.0,-99,-99,-99,新北市,06,三峽區,057
24.940806,121.361500,三峽,C0AC60,2018-08-08T03:00:00+08:00,55.0,165,2.6,26.0,0.76,998.4,-99,0.0,-99,-99,-99,新北市,06,三峽區,057
24.940806,121.361500,三峽,C0AC60,2018-08-08T04:00:00+08:00,55.0,157,1.4,25.9,0.77,998.6,-99,0.0,-99,-99,-99,新北市,06,三峽區,057
24.940806,121.361500,三峽,C0AC60,2018-08-08T05:00:00+08:00,55.0,154,1.1,26.0,0.76,998.7,-99,0.0,-99,-99,-99,新北市,06,三峽區,057
24.940806,121.361500,三峽,C0AC60,2018-08-08T06:00:00+08:00,55.0,158,1.6,25.7,0.78,999.1,-99,0.0,-99,-99,-99,新北市,06,三峽區,057
24.940806,121.361500,三峽,C0AC60,2018-08-08T07:00:00+08:00,55.0,159,1.8,26.5,0.76,999.4,-99,0.0,-99,-99,-99,新北市,06,三峽區,057
24.940806,121.361500,三峽,C0AC60,2018-08-08T08:00:00+08:00,55.0,77,0.4,29.0,0.68,999.5,-99,0.0,-99,-99,-99,新北市,06,三峽區,057
24.940806,121.361500,三峽,C0AC60,2018-08-08T09:00:00+08:00,55.0,84,0.6,31.5,0.59,999.7,-99,0.0,-99,-99,-99,新北市,06,三峽區,057
24.940806,121.361500,三峽,C0AC60,2018-08-08T10:00:00+08:00,55.0,120,1.4,32.9,0.56,999.4,-99,0.0,-99,-99,-99,新北市,06,三峽區,057
24.940806,121.361500,三峽,C0AC60,2018-08-08T11:00:00+08:00,55.0,63,1.1,34.1,0.51,999.1,-99,0.0,-99,-99,-99,新北市,06,三峽區,057
24.940806,121.361500,三峽,C0AC60,2018-08-08T12:00:00+08:00,55.0,50,1.5,35.4,0.46,998.6,-99,0.0,-99,-99,-99,新北市,06,三峽區,057
24.940806,121.361500,三峽,C0AC60,2018-08-08T13:00:00+08:00,55.0,76,2.2,35.5,0.46,998.3,-99,0.0,-99,-99,-99,新北市,06,三峽區,057
24.940806,121.361500,三峽,C0AC60,2018-08-08T14:00:00+08:00,55.0,72,1.5,34.4,0.52,998.1,-99,0.0,6.6,73,2018-08-08T13:03:00+08:00,新北市,06,三峽區,057
24.940806,121.361500,三峽,C0AC60,2018-08-08T15:00:00+08:00,55.0,80,1.7,34.2,0.53,997.8,-99,0.0,-99,-99,-99,新北市,06,三峽區,057
24.940806,121.361500,三峽,C0AC60,2018-08-08T16:00:00+08:00,55.0,96,2.2,34.9,0.51,997.5,-99,0.0,-99,-99,-99,新北市,06,三峽區,057
24.940806,121.361500,三峽,C0AC60,2018-08-08T17:00:00+08:00,55.0,94,2.4,33.6,0.55,997.3,-99,0.0,-99,-99,-99,新北市,06,三峽區,057
24.940806,121.361500,三峽,C0AC60,2018-08-08T18:00:00+08:00,55.0,93,1.4,32.4,0.6,997.7,-99,0.0,-99,-99,-99,新北市,06,三峽區,057
24.940806,121.361500,三峽,C0AC60,2018-08-08T19:00:00+08:00,55.0,87,1.4,30.7,0.64,998.1,-99,0.0,-99,-99,-99,新北市,06,三峽區,057
24.940806,121.361500,三峽,C0AC60,2018-08-08T20:00:00+08:00,55.0,92,2.4,30.0,0.68,998.8,-99,0.0,-99,-99,-99,新北市,06,三峽區,057
24.940806,121.361500,三峽,C0AC60,2018-08-08T21:00:00+08:00,55.0,87,2.0,29.5,0.68,999.1,-99,0.0,7.7,69,2018-08-08T20:32:00+08:00,新北市,06,三峽區,057
24.940806,121.361500,三峽,C0AC60,2018-08-08T22:00:00+08:00,55.0,89,1.9,29.1,0.68,999.6,-99,0.0,-99,-99,-99,新北市,06,三峽區,057
24.940806,121.361500,三峽,C0AC60,2018-08-08T23:00:00+08:00,55.0,92,1.4,28.2,0.74,999.5,-99,0.0,-99,-99,-99,新北市,06,三峽區,057
24.940806,121.361500,三峽,C0AC60,2018-08-09T00:00:00+08:00,55.0,149,0.7,27.4,0.8,999.4,-99,0.0,-99,-99,-99,新北市,06,三峽區,057
24.940806,121.361500,三峽,C0AC60,2018-08-09T01:00:00+08:00,55.0,162,1.4,26.0,0.9,999.1,-99,0.0,-99,-99,-99,新北市,06,三峽區,057
24.940806,121.361500,三峽,C0AC60,2018-08-09T02:00:00+08:00,55.0,212,0.9,25.1,0.94,999.2,-99,0.0,-99,-99,-99,新北市,06,三峽區,057
24.940806,121.361500,三峽,C0AC60,2018-08-09T03:00:00+08:00,55.0,0,0.2,25.1,0.91,999.0,-99,0.0,-99,-99,-99,新北市,06,三峽區,057
24.940806,121.361500,三峽,C0AC60,2018-08-09T04:00:00+08:00,55.0,193,1.3,25.1,0.91,998.9,-99,0.0,-99,-99,-99,新北市,06,三峽區,057
24.940806,121.361500,三峽,C0AC60,2018-08-09T05:00:00+08:00,55.0,183,0.6,25.5,0.89,999.0,-99,0.0,-99,-99,-99,新北市,06,三峽區,057
24.940806,121.361500,三峽,C0AC60,2018-08-09T06:00:00+08:00,55.0,178,0.8,25.6,0.86,999.5,-99,0.0,-99,-99,-99,新北市,06,三峽區,057
24.940806,121.361500,三峽,C0AC60,2018-08-09T07:00:00+08:00,55.0,198,0.9,26.6,0.85,999.8,-99,0.0,-99,-99,-99,新北市,06,三峽區,057
24.940806,121.361500,三峽,C0AC60,2018-08-09T08:00:00+08:00,55.0,186,0.4,28.9,0.75,1000.0,-99,0.0,-99,-99,-99,新北市,06,三峽區,057
24.940806,121.361500,三峽,C0AC60,2018-08-09T09:00:00+08:00,55.0,208,0.5,30.8,0.7,1000.1,-99,0.0,-99,-99,-99,新北市,06,三峽區,057
24.940806,121.361500,三峽,C0AC60,2018-08-09T10:00:00+08:00,55.0,307,0.6,31.4,0.66,1000.1,-99,0.0,-99,-99,-99,新北市,06,三峽區,057
24.940806,121.361500,三峽,C0AC60,2018-08-09T11:00:00+08:00,55.0,264,0.8,33.2,0.56,999.7,-99,0.0,-99,-99,-99,新北市,06,三峽區,057
24.940806,121.361500,三峽,C0AC60,2018-08-09T12:00:00+08:00,55.0,311,1.4,33.5,0.56,999.2,-99,0.0,-99,-99,-99,新北市,06,三峽區,057
24.940806,121.361500,三峽,C0AC60,2018-08-09T13:00:00+08:00,55.0,316,1.7,33.9,0.57,998.9,-99,0.0,-99,-99,-99,新北市,06,三峽區,057
24.940806,121.361500,三峽,C0AC60,2018-08-09T14:00:00+08:00,55.0,91,1.2,32.2,0.67,998.6,-99,0.0,-99,-99,-99,新北市,06,三峽區,057
24.940806,121.361500,三峽,C0AC60,2018-08-09T15:00:00+08:00,55.0,110,0.3,32.8,0.67,998.2,-99,0.0,-99,-99,-99,新北市,06,三峽區,057
24.940806,121.361500,三峽,C0AC60,2018-08-09T16:00:00+08:00,55.0,329,1.6,33.6,0.47,997.9,-99,0.0,-99,-99,-99,新北市,06,三峽區,057
24.940806,121.361500,三峽,C0AC60,2018-08-09T17:00:00+08:00,55.0,83,1.0,33.8,0.52,997.7,-99,0.0,-99,-99,-99,新北市,06,三峽區,057
24.940806,121.361500,三峽,C0AC60,2018-08-09T18:00:00+08:00,55.0,93,1.9,32.2,0.62,997.7,-99,0.0,-99,-99,-99,新北市,06,三峽區,057
24.940806,121.361500,三峽,C0AC60,2018-08-09T19:00:00+08:00,55.0,96,1.2,30.7,0.67,998.0,-99,0.0,-99,-99,-99,新北市,06,三峽區,057
24.940806,121.361500,三峽,C0AC60,2018-08-09T20:00:00+08:00,55.0,94,1.2,29.9,0.7,998.5,-99,0.0,-99,-99,-99,新北市,06,三峽區,057
24.940806,121.361500,三峽,C0AC60,2018-08-09T21:00:00+08:00,55.0,93,1.4,29.2,0.75,999.1,-99,0.0,-99,-99,-99,新北市,06,三峽區,057
24.940806,121.361500,三峽,C0AC60,2018-08-09T22:00:00+08:00,55.0,0,0.2,28.5,0.81,999.4,-99,0.0,-99,-99,-99,新北市,06,三峽區,057
24.940806,121.361500,三峽,C0AC60,2018-08-09T23:00:00+08:00,55.0,158,0.9,27.7,0.89,999.4,-99,0.0,-99,-99,-99,新北市,06,三峽區,057
24.940806,121.361500,三峽,C0AC60,2018-08-10T00:00:00+08:00,55.0,190,0.7,26.7,0.92,999.3,-99,0.0,-99,-99,-99,新北市,06,三峽區,057
24.940806,121.361500,三峽,C0AC60,2018-08-10T01:00:00+08:00,55.0,0,0.2,26.0,0.95,999.3,-99,0.0,-99,-99,-99,新北市,06,三峽區,057
24.940806,121.361500,三峽,C0AC60,2018-08-10T02:00:00+08:00,55.0,165,0.7,26.0,0.92,999.1,-99,0.0,-99,-99,-99,新北市,06,三峽區,057
24.940806,121.361500,三峽,C0AC60,2018-08-10T03:00:00+08:00,55.0,159,1.2,25.7,0.92,999.0,-99,0.0,-99,-99,-99,新北市,06,三峽區,057
24.940806,121.361500,三峽,C0AC60,2018-08-10T04:00:00+08:00,55.0,201,0.5,25.7,0.92,998.7,-99,0.0,-99,-99,-99,新北市,06,三峽區,057
24.940806,121.361500,三峽,C0AC60,2018-08-10T05:00:00+08:00,55.0,200,0.6,25.7,0.93,998.5,-99,0.0,-99,-99,-99,新北市,06,三峽區,057
24.940806,121.361500,三峽,C0AC60,2018-08-10T06:00:00+08:00,55.0,193,0.9,26.0,0.92,999.0,-99,0.0,-99,-99,-99,新北市,06,三峽區,057
24.940806,121.361500,三峽,C0AC60,2018-08-10T07:00:00+08:00,55.0,0,0.1,26.8,0.89,999.1,-99,0.0,-99,-99,-99,新北市,06,三峽區,057
24.940806,121.361500,三峽,C0AC60,2018-08-10T08:00:00+08:00,55.0,300,0.5,29.3,0.8,999.3,-99,0.0,-99,-99,-99,新北市,06,三峽區,057
24.940806,121.361500,三峽,C0AC60,2018-08-10T09:00:00+08:00,55.0,260,0.9,30.1,0.74,999.3,-99,0.0,-99,-99,-99,新北市,06,三峽區,057
24.940806,121.361500,三峽,C0AC60,2018-08-10T10:00:00+08:00,55.0,230,1.7,31.7,0.62,999.3,-99,0.0,-99,-99,-99,新北市,06,三峽區,057
24.940806,121.361500,三峽,C0AC60,2018-08-10T11:00:00+08:00,55.0,254,1.3,33.4,0.53,998.9,-99,0.0,-99,-99,-99,新北市,06,三峽區,057
24.940806,121.361500,三峽,C0AC60,2018-08-10T12:00:00+08:00,55.0,276,1.2,34.0,0.52,998.4,-99,0.0,-99,-99,-99,新北市,06,三峽區,057
24.940806,121.361500,三峽,C0AC60,2018-08-10T13:00:00+08:00,55.0,339,2.8,33.5,0.57,997.6,-99,0.0,-99,-99,-99,新北市,06,三峽區,057
24.940806,121.361500,三峽,C0AC60,2018-08-10T14:00:00+08:00,55.0,311,1.2,34.2,0.55,997.0,-99,0.0,-99,-99,-99,新北市,06,三峽區,057
24.940806,121.361500,三峽,C0AC60,2018-08-10T15:00:00+08:00,55.0,323,1.8,33.7,0.56,996.9,-99,0.0,-99,-99,-99,新北市,06,三峽區,057
24.940806,121.361500,三峽,C0AC60,2018-08-10T16:00:00+08:00,55.0,303,1.0,34.2,0.52,996.2,-99,0.0,-99,-99,-99,新北市,06,三峽區,057
24.940806,121.361500,三峽,C0AC60,2018-08-10T17:00:00+08:00,55.0,0,0.2,35.2,0.48,995.8,-99,0.0,-99,-99,-99,新北市,06,三峽區,057
24.940806,121.361500,三峽,C0AC60,2018-08-10T18:00:00+08:00,55.0,76,0.9,33.2,0.57,995.8,-99,0.0,-99,-99,-99,新北市,06,三峽區,057
24.940806,121.361500,三峽,C0AC60,2018-08-10T19:00:00+08:00,55.0,88,0.9,31.4,0.63,996.1,-99,0.0,-99,-99,-99,新北市,06,三峽區,057
24.940806,121.361500,三峽,C0AC60,2018-08-10T20:00:00+08:00,55.0,90,1.3,30.2,0.7,996.3,-99,0.0,-99,-99,-99,新北市,06,三峽區,057
24.940806,121.361500,三峽,C0AC60,2018-08-10T21:00:00+08:00,55.0,93,1.6,29.8,0.73,996.8,-99,0.0,-99,-99,-99,新北市,06,三峽區,057
24.940806,121.361500,三峽,C0AC60,2018-08-10T22:00:00+08:00,55.0,188,0.4,29.1,0.79,997.6,-99,0.0,-99,-99,-99,新北市,06,三峽區,057
24.940806,121.361500,三峽,C0AC60,2018-08-10T23:00:00+08:00,55.0,174,1.2,27.5,0.91,997.6,-99,0.0,-99,-99,-99,新北市,06,三峽區,057
24.940806,121.361500,三峽,C0AC60,2018-08-11T00:00:00+08:00,55.0,188,0.3,27.4,0.91,997.5,-99,0.0,-99,-99,-99,新北市,06,三峽區,057
24.940806,121.361500,三峽,C0AC60,2018-08-11T01:00:00+08:00,55.0,219,0.5,26.7,0.94,997.1,-99,0.0,-99,-99,-99,新北市,06,三峽區,057
24.940806,121.361500,三峽,C0AC60,2018-08-11T02:00:00+08:00,55.0,198,1.1,26.6,0.94,996.7,-99,0.0,-99,-99,-99,新北市,06,三峽區,057
24.940806,121.361500,三峽,C0AC60,2018-08-11T03:00:00+08:00,55.0,211,0.8,26.5,0.93,996.1,-99,0.0,-99,-99,-99,新北市,06,三峽區,057
24.940806,121.361500,三峽,C0AC60,2018-08-11T04:00:00+08:00,55.0,207,1.1,26.2,0.93,996.1,-99,0.0,-99,-99,-99,新北市,06,三峽區,057
24.940806,121.361500,三峽,C0AC60,2018-08-11T05:00:00+08:00,55.0,205,1.3,25.5,0.96,996.3,-99,0.0,-99,-99,-99,新北市,06,三峽區,057
24.940806,121.361500,三峽,C0AC60,2018-08-11T06:00:00+08:00,55.0,203,0.8,25.7,0.95,996.8,-99,0.0,-99,-99,-99,新北市,06,三峽區,057
24.940806,121.361500,三峽,C0AC60,2018-08-11T07:00:00+08:00,55.0,0,0.1,27.2,0.88,996.4,-99,0.0,-99,-99,-99,新北市,06,三峽區,057
24.940806,121.361500,三峽,C0AC60,2018-08-11T08:00:00+08:00,55.0,0,0.0,30.0,0.76,996.4,-99,0.0,-99,-99,-99,新北市,06,三峽區,057
24.940806,121.361500,三峽,C0AC60,2018-08-11T09:00:00+08:00,55.0,349,0.3,30.9,0.66,996.2,-99,0.0,-99,-99,-99,新北市,06,三峽區,057
24.940806,121.361500,三峽,C0AC60,2018-08-11T10:00:00+08:00,55.0,330,0.7,32.8,0.56,995.7,-99,0.0,-99,-99,-99,新北市,06,三峽區,057
24.940806,121.361500,三峽,C0AC60,2018-08-11T11:00:00+08:00,55.0,323,0.8,32.9,0.59,995.5,-99,0.0,-99,-99,-99,新北市,06,三峽區,057
24.940806,121.361500,三峽,C0AC60,2018-08-11T12:00:00+08:00,55.0,353,1.6,32.9,0.59,994.8,-99,0.0,-99,-99,-99,新北市,06,三峽區,057
24.940806,121.361500,三峽,C0AC60,2018-08-11T13:00:00+08:00,55.0,320,1.3,33.9,0.52,994.4,-99,0.0,-99,-99,-99,新北市,06,三峽區,057
24.940806,121.361500,三峽,C0AC60,2018-08-11T14:00:00+08:00,55.0,322,1.6,33.6,0.57,994.0,-99,0.0,-99,-99,-99,新北市,06,三峽區,057
24.940806,121.361500,三峽,C0AC60,2018-08-11T15:00:00+08:00,55.0,9,1.6,33.1,0.61,993.3,-99,0.0,-99,-99,-99,新北市,06,三峽區,057
24.940806,121.361500,三峽,C0AC60,2018-08-11T16:00:00+08:00,55.0,10,1.3,33.0,0.63,992.8,-99,0.0,-99,-99,-99,新北市,06,三峽區,057
24.940806,121.361500,三峽,C0AC60,2018-08-11T17:00:00+08:00,55.0,336,1.6,32.0,0.67,992.6,-99,0.0,-99,-99,-99,新北市,06,三峽區,057
24.940806,121.361500,三峽,C0AC60,2018-08-11T18:00:00+08:00,55.0,336,1.7,30.5,0.77,992.7,-99,0.0,-99,-99,-99,新北市,06,三峽區,057
24.940806,121.361500,三峽,C0AC60,2018-08-11T19:00:00+08:00,55.0,332,0.6,29.9,0.82,993.7,-99,0.0,-99,-99,-99,新北市,06,三峽區,057
24.940806,121.361500,三峽,C0AC60,2018-08-11T21:00:00+08:00,55.0,198,1.1,29.0,0.89,994.1,-99,0.0,-99,-99,-99,新北市,06,三峽區,057
24.940806,121.361500,三峽,C0AC60,2018-08-11T22:00:00+08:00,55.0,203,0.8,28.0,0.93,993.7,-99,0.0,-99,-99,-99,新北市,06,三峽區,057
24.940806,121.361500,三峽,C0AC60,2018-08-11T23:00:00+08:00,55.0,202,0.3,28.2,0.92,993.8,-99,0.0,-99,-99,-99,新北市,06,三峽區,057
24.940806,121.361500,三峽,C0AC60,2018-08-12T00:00:00+08:00,55.0,198,0.3,27.3,0.95,993.6,-99,0.0,-99,-99,-99,新北市,06,三峽區,057
24.940806,121.361500,三峽,C0AC60,2018-08-12T01:00:00+08:00,55.0,214,1.6,27.0,0.96,992.9,-99,0.0,-99,-99,-99,新北市,06,三峽區,057
24.940806,121.361500,三峽,C0AC60,2018-08-12T02:00:00+08:00,55.0,234,0.7,27.4,0.91,992.0,-99,0.0,-99,-99,-99,新北市,06,三峽區,057
24.940806,121.361500,三峽,C0AC60,2018-08-12T03:00:00+08:00,55.0,215,1.3,27.3,0.91,991.9,-99,0.0,-99,-99,-99,新北市,06,三峽區,057
24.940806,121.361500,三峽,C0AC60,2018-08-12T04:00:00+08:00,55.0,212,1.5,26.3,0.95,992.2,-99,0.0,-99,-99,-99,新北市,06,三峽區,057
24.940806,121.361500,三峽,C0AC60,2018-08-12T05:00:00+08:00,55.0,220,1.5,26.4,0.94,992.2,-99,0.0,-99,-99,-99,新北市,06,三峽區,057
24.940806,121.361500,三峽,C0AC60,2018-08-12T06:00:00+08:00,55.0,216,1.1,27.8,0.88,992.1,-99,0.0,-99,-99,-99,新北市,06,三峽區,057
24.940806,121.361500,三峽,C0AC60,2018-08-12T07:00:00+08:00,55.0,224,1.5,28.1,0.88,992.0,-99,0.0,-99,-99,-99,新北市,06,三峽區,057
24.940806,121.361500,三峽,C0AC60,2018-08-12T08:00:00+08:00,55.0,240,0.9,29.3,0.82,992.5,-99,0.0,-99,-99,-99,新北市,06,三峽區,057
24.940806,121.361500,三峽,C0AC60,2018-08-12T09:00:00+08:00,55.0,247,2.5,29.9,0.77,992.3,-99,0.0,-99,-99,-99,新北市,06,三峽區,057
24.940806,121.361500,三峽,C0AC60,2018-08-12T10:00:00+08:00,55.0,275,2.1,30.4,0.75,992.1,-99,0.0,7.7,235,2018-08-12T09:37:00+08:00,新北市,06,三峽區,057
24.940806,121.361500,三峽,C0AC60,2018-08-12T11:00:00+08:00,55.0,261,2.2,31.1,0.71,992.1,-99,0.0,-99,-99,-99,新北市,06,三峽區,057
24.940806,121.361500,三峽,C0AC60,2018-08-12T12:00:00+08:00,55.0,266,2.2,32.0,0.65,991.1,-99,0.0,-99,-99,-99,新北市,06,三峽區,057
24.940806,121.361500,三峽,C0AC60,2018-08-12T13:00:00+08:00,55.0,340,2.4,31.7,0.66,990.4,-99,0.0,-99,-99,-99,新北市,06,三峽區,057
24.940806,121.361500,三峽,C0AC60,2018-08-12T14:00:00+08:00,55.0,277,1.4,27.9,0.9,990.6,-99,7.5,7.1,324,2018-08-12T13:11:00+08:00,新北市,06,三峽區,057
24.940806,121.361500,三峽,C0AC60,2018-08-12T15:00:00+08:00,55.0,224,1.8,27.2,0.96,990.0,-99,7.5,-99,-99,-99,新北市,06,三峽區,057
24.940806,121.361500,三峽,C0AC60,2018-08-12T16:00:00+08:00,55.0,205,1.1,28.5,0.9,989.5,-99,7.5,-99,-99,-99,新北市,06,三峽區,057
24.940806,121.361500,三峽,C0AC60,2018-08-12T17:00:00+08:00,55.0,222,0.9,29.0,0.89,989.3,-99,7.5,-99,-99,-99,新北市,06,三峽區,057
24.940806,121.361500,三峽,C0AC60,2018-08-12T18:00:00+08:00,55.0,197,0.4,29.1,0.9,989.9,-99,7.5,-99,-99,-99,新北市,06,三峽區,057
24.940806,121.361500,三峽,C0AC60,2018-08-12T19:00:00+08:00,55.0,0,0.1,28.2,0.95,990.0,-99,7.5,-99,-99,-99,新北市,06,三峽區,057
24.940806,121.361500,三峽,C0AC60,2018-08-12T20:00:00+08:00,55.0,0,0.0,27.6,0.96,990.3,-99,7.5,-99,-99,-99,新北市,06,三峽區,057
24.940806,121.361500,三峽,C0AC60,2018-08-12T21:00:00+08:00,55.0,218,0.5,27.0,0.94,990.8,-99,7.5,-99,-99,-99,新北市,06,三峽區,057
24.940806,121.361500,三峽,C0AC60,2018-08-12T22:00:00+08:00,55.0,222,0.8,26.7,0.94,991.0,-99,7.5,-99,-99,-99,新北市,06,三峽區,057
24.940806,121.361500,三峽,C0AC60,2018-08-12T23:00:00+08:00,55.0,186,1.2,26.4,0.94,991.4,-99,7.5,-99,-99,-99,新北市,06,三峽區,057
24.940806,121.361500,三峽,C0AC60,2018-08-13T00:00:00+08:00,55.0,222,0.8,26.0,0.94,991.5,-99,7.5,-99,-99,-99,新北市,06,三峽區,057
24.940806,121.361500,三峽,C0AC60,2018-08-13T01:00:00+08:00,55.0,209,1.1,25.9,0.93,991.7,-99,0.0,-99,-99,-99,新北市,06,三峽區,057
24.940806,121.361500,三峽,C0AC60,2018-08-13T02:00:00+08:00,55.0,171,1.6,25.8,0.95,992.1,-99,0.0,-99,-99,-99,新北市,06,三峽區,057
24.940806,121.361500,三峽,C0AC60,2018-08-13T03:00:00+08:00,55.0,167,1.0,25.9,0.93,992.4,-99,0.0,-99,-99,-99,新北市,06,三峽區,057
24.940806,121.361500,三峽,C0AC60,2018-08-13T04:00:00+08:00,55.0,0,0.1,25.9,0.95,992.7,-99,0.0,-99,-99,-99,新北市,06,三峽區,057
24.940806,121.361500,三峽,C0AC60,2018-08-13T05:00:00+08:00,55.0,179,1.2,25.8,0.95,992.8,-99,0.0,-99,-99,-99,新北市,06,三峽區,057
24.940806,121.361500,三峽,C0AC60,2018-08-13T06:00:00+08:00,55.0,170,0.3,26.0,0.95,993.6,-99,0.0,-99,-99,-99,新北市,06,三峽區,057
24.940806,121.361500,三峽,C0AC60,2018-08-13T07:00:00+08:00,55.0,0,0.2,26.9,0.92,993.6,-99,0.0,-99,-99,-99,新北市,06,三峽區,057
24.940806,121.361500,三峽,C0AC60,2018-08-13T08:00:00+08:00,55.0,0,0.0,29.8,0.8,993.8,-99,0.0,-99,-99,-99,新北市,06,三峽區,057
24.940806,121.361500,三峽,C0AC60,2018-08-13T09:00:00+08:00,55.0,61,0.5,31.3,0.72,993.7,-99,0.0,-99,-99,-99,新北市,06,三峽區,057
24.940806,121.361500,三峽,C0AC60,2018-08-13T10:00:00+08:00,55.0,87,1.3,32.8,0.6,993.6,-99,0.0,-99,-99,-99,新北市,06,三峽區,057
24.940806,121.361500,三峽,C0AC60,2018-08-13T11:00:00+08:00,55.0,79,1.0,32.9,0.61,993.5,-99,0.0,-99,-99,-99,新北市,06,三峽區,057
24.940806,121.361500,三峽,C0AC60,2018-08-13T12:00:00+08:00,55.0,69,1.9,33.3,0.6,992.9,-99,0.0,-99,-99,-99,新北市,06,三峽區,057
24.940806,121.361500,三峽,C0AC60,2018-08-13T13:00:00+08:00,55.0,89,1.3,32.2,0.67,992.8,-99,0.0,-99,-99,-99,新北市,06,三峽區,057
24.940806,121.361500,三峽,C0AC60,2018-08-13T14:00:00+08:00,55.0,73,2.8,33.9,0.6,992.1,-99,0.0,9.3,72,2018-08-13T13:55:00+08:00,新北市,06,三峽區,057
24.940806,121.361500,三峽,C0AC60,2018-08-13T15:00:00+08:00,55.0,69,2.6,33.6,0.64,991.6,-99,0.0,8.2,66,2018-08-13T14:24:00+08:00,新北市,06,三峽區,057
24.940806,121.361500,三峽,C0AC60,2018-08-13T16:00:00+08:00,55.0,84,2.6,33.1,0.64,991.4,-99,0.0,9.9,86,2018-08-13T15:38:00+08:00,新北市,06,三峽區,057
24.940806,121.361500,三峽,C0AC60,2018-08-13T17:00:00+08:00,55.0,86,2.1,33.7,0.61,991.3,-99,0.0,7.7,85,2018-08-13T16:15:00+08:00,新北市,06,三峽區,057
24.940806,121.361500,三峽,C0AC60,2018-08-13T18:00:00+08:00,55.0,88,1.7,32.5,0.64,991.9,-99,0.0,-99,-99,-99,新北市,06,三峽區,057
24.940806,121.361500,三峽,C0AC60,2018-08-13T19:00:00+08:00,55.0,97,1.6,31.1,0.7,992.8,-99,0.0,-99,-99,-99,新北市,06,三峽區,057
24.940806,121.361500,三峽,C0AC60,2018-08-13T20:00:00+08:00,55.0,94,1.1,30.7,0.73,993.3,-99,0.0,-99,-99,-99,新北市,06,三峽區,057
24.940806,121.361500,三峽,C0AC60,2018-08-13T21:00:00+08:00,55.0,91,1.2,30.2,0.76,993.8,-99,0.0,-99,-99,-99,新北市,06,三峽區,057
24.940806,121.361500,三峽,C0AC60,2018-08-13T22:00:00+08:00,55.0,0,0.0,29.1,0.84,994.4,-99,0.0,-99,-99,-99,新北市,06,三峽區,057
24.940806,121.361500,三峽,C0AC60,2018-08-13T23:00:00+08:00,55.0,182,0.3,28.7,0.91,994.6,-99,0.0,-99,-99,-99,新北市,06,三峽區,057
24.940806,121.361500,三峽,C0AC60,2018-08-14T00:00:00+08:00,55.0,0,0.2,28.6,0.9,994.7,-99,0.0,-99,-99,-99,新北市,06,三峽區,057
24.940806,121.361500,三峽,C0AC60,2018-08-14T01:00:00+08:00,55.0,90,0.8,28.3,0.93,994.3,-99,0.0,-99,-99,-99,新北市,06,三峽區,057
24.940806,121.361500,三峽,C0AC60,2018-08-14T02:00:00+08:00,55.0,92,1.9,27.8,0.92,994.2,-99,0.0,-99,-99,-99,新北市,06,三峽區,057
24.940806,121.361500,三峽,C0AC60,2018-08-14T03:00:00+08:00,55.0,84,0.9,27.0,0.97,993.8,-99,0.0,-99,-99,-99,新北市,06,三峽區,057
24.940806,121.361500,三峽,C0AC60,2018-08-14T04:00:00+08:00,55.0,0,0.2,26.9,0.97,993.8,-99,0.0,-99,-99,-99,新北市,06,三峽區,057
24.940806,121.361500,三峽,C0AC60,2018-08-14T05:00:00+08:00,55.0,187,0.9,26.9,0.98,993.9,-99,0.0,-99,-99,-99,新北市,06,三峽區,057
24.940806,121.361500,三峽,C0AC60,2018-08-14T06:00:00+08:00,55.0,0,0.1,26.9,0.98,994.5,-99,0.0,-99,-99,-99,新北市,06,三峽區,057
24.940806,121.361500,三峽,C0AC60,2018-08-14T07:00:00+08:00,55.0,86,1.1,27.6,0.95,994.6,-99,0.0,-99,-99,-99,新北市,06,三峽區,057
24.940806,121.361500,三峽,C0AC60,2018-08-14T08:00:00+08:00,55.0,102,0.3,28.4,0.92,994.9,-99,0.0,-99,-99,-99,新北市,06,三峽區,057
24.940806,121.361500,三峽,C0AC60,2018-08-14T09:00:00+08:00,55.0,93,1.3,29.0,0.93,994.9,-99,0.5,-99,-99,-99,新北市,06,三峽區,057
24.940806,121.361500,三峽,C0AC60,2018-08-14T10:00:00+08:00,55.0,0,0.0,30.4,0.83,994.7,-99,0.5,-99,-99,-99,新北市,06,三峽區,057
24.940806,121.361500,三峽,C0AC60,2018-08-14T11:00:00+08:00,55.0,54,1.6,30.3,0.81,994.8,-99,0.5,-99,-99,-99,新北市,06,三峽區,057
24.940806,121.361500,三峽,C0AC60,2018-08-14T12:00:00+08:00,55.0,64,0.9,31.0,0.77,994.1,-99,0.5,-99,-99,-99,新北市,06,三峽區,057
24.940806,121.361500,三峽,C0AC60,2018-08-14T13:00:00+08:00,55.0,11,1.2,30.1,0.79,993.9,-99,0.5,-99,-99,-99,新北市,06,三峽區,057
24.940806,121.361500,三峽,C0AC60,2018-08-14T14:00:00+08:00,55.0,353,1.2,30.1,0.8,993.5,-99,0.5,-99,-99,-99,新北市,06,三峽區,057
24.940806,121.361500,三峽,C0AC60,2018-08-14T15:00:00+08:00,55.0,272,0.9,30.9,0.66,993.1,-99,0.5,-99,-99,-99,新北市,06,三峽區,057
24.940806,121.361500,三峽,C0AC60,2018-08-14T16:00:00+08:00,55.0,311,1.8,28.2,0.91,993.2,-99,1.0,-99,-99,-99,新北市,06,三峽區,057
24.940806,121.361500,三峽,C0AC60,2018-08-14T17:00:00+08:00,55.0,239,1.4,26.1,0.99,992.9,-99,5.0,-99,-99,-99,新北市,06,三峽區,057
24.940806,121.361500,三峽,C0AC60,2018-08-14T18:00:00+08:00,55.0,231,0.8,25.9,0.99,993.7,-99,9.5,-99,-99,-99,新北市,06,三峽區,057
24.940806,121.361500,三峽,C0AC60,2018-08-14T19:00:00+08:00,55.0,242,2.1,25.7,0.99,993.8,-99,11.0,-99,-99,-99,新北市,06,三峽區,057
24.940806,121.361500,三峽,C0AC60,2018-08-14T20:00:00+08:00,55.0,303,0.4,26.2,0.99,994.2,-99,11.0,-99,-99,-99,新北市,06,三峽區,057
24.940806,121.361500,三峽,C0AC60,2018-08-14T21:00:00+08:00,55.0,0,0.0,26.2,0.99,994.7,-99,11.0,-99,-99,-99,新北市,06,三峽區,057
24.940806,121.361500,三峽,C0AC60,2018-08-14T22:00:00+08:00,55.0,221,0.8,26.0,0.99,995.0,-99,11.0,-99,-99,-99,新北市,06,三峽區,057
24.940806,121.361500,三峽,C0AC60,2018-08-14T23:00:00+08:00,55.0,89,1.2,25.9,0.99,995.1,-99,11.0,-99,-99,-99,新北市,06,三峽區,057
24.940806,121.361500,三峽,C0AC60,2018-08-15T00:00:00+08:00,55.0,193,0.3,25.6,0.99,994.7,-99,11.0,-99,-99,-99,新北市,06,三峽區,057
24.940806,121.361500,三峽,C0AC60,2018-08-15T01:00:00+08:00,55.0,0,0.1,25.5,0.99,994.5,-99,0.0,-99,-99,-99,新北市,06,三峽區,057
24.940806,121.361500,三峽,C0AC60,2018-08-15T02:00:00+08:00,55.0,0,0.0,25.4,0.99,994.7,-99,0.0,-99,-99,-99,新北市,06,三峽區,057
24.940806,121.361500,三峽,C0AC60,2018-08-15T03:00:00+08:00,55.0,0,0.0,25.4,0.99,994.6,-99,0.0,-99,-99,-99,新北市,06,三峽區,057
24.940806,121.361500,三峽,C0AC60,2018-08-15T04:00:00+08:00,55.0,182,1.1,25.5,0.99,994.8,-99,0.0,-99,-99,-99,新北市,06,三峽區,057
24.940806,121.361500,三峽,C0AC60,2018-08-15T05:00:00+08:00,55.0,211,0.6,25.2,0.99,994.9,-99,0.0,-99,-99,-99,新北市,06,三峽區,057
24.940806,121.361500,三峽,C0AC60,2018-08-15T06:00:00+08:00,55.0,0,0.1,25.4,0.99,995.3,-99,0.0,-99,-99,-99,新北市,06,三峽區,057
24.940806,121.361500,三峽,C0AC60,2018-08-15T07:00:00+08:00,55.0,0,0.0,26.0,0.99,995.8,-99,0.0,-99,-99,-99,新北市,06,三峽區,057
24.940806,121.361500,三峽,C0AC60,2018-08-15T08:00:00+08:00,55.0,93,1.0,28.7,0.88,995.7,-99,0.0,-99,-99,-99,新北市,06,三峽區,057
24.940806,121.361500,三峽,C0AC60,2018-08-15T09:00:00+08:00,55.0,336,1.0,29.4,0.75,996.1,-99,0.0,-99,-99,-99,新北市,06,三峽區,057
24.940806,121.361500,三峽,C0AC60,2018-08-15T10:00:00+08:00,55.0,235,0.8,30.2,0.75,996.2,-99,0.0,-99,-99,-99,新北市,06,三峽區,057
24.940806,121.361500,三峽,C0AC60,2018-08-15T11:00:00+08:00,55.0,300,0.9,31.3,0.67,996.0,-99,0.0,-99,-99,-99,新北市,06,三峽區,057
24.940806,121.361500,三峽,C0AC60,2018-08-15T12:00:00+08:00,55.0,248,2.2,31.6,0.67,995.8,-99,0.0,-99,-99,-99,新北市,06,三峽區,057
24.940806,121.361500,三峽,C0AC60,2018-08-15T13:00:00+08:00,55.0,245,1.8,31.9,0.66,995.0,-99,0.0,-99,-99,-99,新北市,06,三峽區,057
24.940806,121.361500,三峽,C0AC60,2018-08-15T14:00:00+08:00,55.0,298,1.1,31.5,0.72,994.6,-99,0.0,-99,-99,-99,新北市,06,三峽區,057
24.940806,121.361500,三峽,C0AC60,2018-08-15T15:00:00+08:00,55.0,310,3.7,31.4,0.69,994.2,-99,0.0,-99,-99,-99,新北市,06,三峽區,057
24.940806,121.361500,三峽,C0AC60,2018-08-15T16:00:00+08:00,55.0,273,1.5,31.0,0.72,994.7,-99,0.0,9.3,272,2018-08-15T15:01:00+08:00,新北市,06,三峽區,057
24.940806,121.361500,三峽,C0AC60,2018-08-15T17:00:00+08:00,55.0,303,2.3,30.2,0.75,995.2,-99,0.0,8.8,309,2018-08-15T16:10:00+08:00,新北市,06,三峽區,057
24.940806,121.361500,三峽,C0AC60,2018-08-15T18:00:00+08:00,55.0,228,1.9,28.8,0.89,995.4,-99,0.0,-99,-99,-99,新北市,06,三峽區,057
24.940806,121.361500,三峽,C0AC60,2018-08-15T19:00:00+08:00,55.0,218,0.8,28.9,0.83,995.5,-99,0.0,-99,-99,-99,新北市,06,三峽區,057
24.940806,121.361500,三峽,C0AC60,2018-08-15T20:00:00+08:00,55.0,199,0.5,27.9,0.9,995.5,-99,0.0,-99,-99,-99,新北市,06,三峽區,057
24.940806,121.361500,三峽,C0AC60,2018-08-15T21:00:00+08:00,55.0,211,1.3,27.0,0.95,996.0,-99,0.0,-99,-99,-99,新北市,06,三峽區,057
24.940806,121.361500,三峽,C0AC60,2018-08-15T22:00:00+08:00,55.0,192,0.3,27.0,0.94,996.3,-99,0.0,-99,-99,-99,新北市,06,三峽區,057
24.940806,121.361500,三峽,C0AC60,2018-08-15T23:00:00+08:00,55.0,215,1.2,26.3,0.98,996.4,-99,0.0,-99,-99,-99,新北市,06,三峽區,057
24.940806,121.361500,三峽,C0AC60,2018-08-16T00:00:00+08:00,55.0,204,1.2,26.0,0.98,996.3,-99,0.0,-99,-99,-99,新北市,06,三峽區,057
24.940806,121.361500,三峽,C0AC60,2018-08-16T01:00:00+08:00,55.0,0,0.0,26.1,0.96,996.1,-99,0.0,-99,-99,-99,新北市,06,三峽區,057
24.940806,121.361500,三峽,C0AC60,2018-08-16T02:00:00+08:00,55.0,0,0.0,25.6,0.98,995.2,-99,0.0,-99,-99,-99,新北市,06,三峽區,057
24.940806,121.361500,三峽,C0AC60,2018-08-16T03:00:00+08:00,55.0,161,0.9,25.7,0.97,995.3,-99,0.0,-99,-99,-99,新北市,06,三峽區,057
24.940806,121.361500,三峽,C0AC60,2018-08-16T04:00:00+08:00,55.0,0,0.1,25.3,0.98,995.1,-99,0.0,-99,-99,-99,新北市,06,三峽區,057
24.940806,121.361500,三峽,C0AC60,2018-08-16T05:00:00+08:00,55.0,206,1.3,25.0,0.98,995.3,-99,0.0,-99,-99,-99,新北市,06,三峽區,057
24.940806,121.361500,三峽,C0AC60,2018-08-16T06:00:00+08:00,55.0,210,0.9,25.0,0.98,995.3,-99,0.0,-99,-99,-99,新北市,06,三峽區,057
24.940806,121.361500,三峽,C0AC60,2018-08-16T07:00:00+08:00,55.0,0,0.0,26.6,0.91,995.7,-99,0.0,-99,-99,-99,新北市,06,三峽區,057
24.940806,121.361500,三峽,C0AC60,2018-08-16T08:00:00+08:00,55.0,245,2.0,28.9,0.74,996.1,-99,0.0,-99,-99,-99,新北市,06,三峽區,057
24.940806,121.361500,三峽,C0AC60,2018-08-16T09:00:00+08:00,55.0,246,1.5,29.4,0.73,996.1,-99,0.0,-99,-99,-99,新北市,06,三峽區,057
24.940806,121.361500,三峽,C0AC60,2018-08-16T10:00:00+08:00,55.0,243,1.4,27.9,0.91,996.2,-99,1.0,-99,-99,-99,新北市,06,三峽區,057
24.940806,121.361500,三峽,C0AC60,2018-08-16T11:00:00+08:00,55.0,259,1.4,29.0,0.88,995.7,-99,1.0,-99,-99,-99,新北市,06,三峽區,057
24.940806,121.361500,三峽,C0AC60,2018-08-16T12:00:00+08:00,55.0,283,2.2,30.4,0.81,995.2,-99,1.0,7.7,250,2018-08-16T11:58:00+08:00,新北市,06,三峽區,057
24.940806,121.361500,三峽,C0AC60,2018-08-16T13:00:00+08:00,55.0,268,2.5,31.5,0.7,994.0,-99,1.0,-99,-99,-99,新北市,06,三峽區,057
24.940806,121.361500,三峽,C0AC60,2018-08-16T14:00:00+08:00,55.0,279,2.2,32.8,0.63,993.4,-99,1.0,-99,-99,-99,新北市,06,三峽區,057
24.940806,121.361500,三峽,C0AC60,2018-08-16T15:00:00+08:00,55.0,286,1.4,33.5,0.61,993.1,-99,1.0,-99,-99,-99,新北市,06,三峽區,057
24.940806,121.361500,三峽,C0AC60,2018-08-16T16:00:00+08:00,55.0,233,1.5,32.5,0.65,993.0,-99,1.0,-99,-99,-99,新北市,06,三峽區,057
24.940806,121.361500,三峽,C0AC60,2018-08-16T17:00:00+08:00,55.0,293,1.4,32.2,0.63,993.2,-99,1.0,6.6,298,2018-08-16T16:23:00+08:00,新北市,06,三峽區,057
24.940806,121.361500,三峽,C0AC60,2018-08-16T18:00:00+08:00,55.0,303,1.1,31.4,0.66,993.6,-99,1.0,-99,-99,-99,新北市,06,三峽區,057
24.940806,121.361500,三峽,C0AC60,2018-08-16T19:00:00+08:00,55.0,236,0.6,30.6,0.72,993.9,-99,1.0,-99,-99,-99,新北市,06,三峽區,057
24.940806,121.361500,三峽,C0AC60,2018-08-16T20:00:00+08:00,55.0,240,1.4,30.2,0.74,994.7,-99,1.0,-99,-99,-99,新北市,06,三峽區,057
24.940806,121.361500,三峽,C0AC60,2018-08-16T21:00:00+08:00,55.0,249,0.8,29.6,0.82,995.0,-99,1.0,-99,-99,-99,新北市,06,三峽區,057
24.940806,121.361500,三峽,C0AC60,2018-08-16T22:00:00+08:00,55.0,309,0.4,29.1,0.84,994.8,-99,1.0,-99,-99,-99,新北市,06,三峽區,057
24.940806,121.361500,三峽,C0AC60,2018-08-16T23:00:00+08:00,55.0,252,2.1,29.0,0.79,994.4,-99,1.0,-99,-99,-99,新北市,06,三峽區,057
24.940806,121.361500,三峽,C0AC60,2018-08-17T00:00:00+08:00,55.0,0,0.0,28.1,0.88,993.8,-99,1.0,-99,-99,-99,新北市,06,三峽區,057
24.940806,121.361500,三峽,C0AC60,2018-08-17T01:00:00+08:00,55.0,0,0.2,27.0,0.96,993.5,-99,0.0,-99,-99,-99,新北市,06,三峽區,057
24.940806,121.361500,三峽,C0AC60,2018-08-17T02:00:00+08:00,55.0,0,0.2,26.7,0.97,993.5,-99,0.0,-99,-99,-99,新北市,06,三峽區,057
24.940806,121.361500,三峽,C0AC60,2018-08-17T03:00:00+08:00,55.0,224,0.3,26.2,0.98,993.4,-99,0.0,-99,-99,-99,新北市,06,三峽區,057
24.940806,121.361500,三峽,C0AC60,2018-08-17T04:00:00+08:00,55.0,205,0.6,26.2,0.97,993.5,-99,0.0,-99,-99,-99,新北市,06,三峽區,057
24.940806,121.361500,三峽,C0AC60,2018-08-17T05:00:00+08:00,55.0,0,0.1,26.3,0.96,993.5,-99,0.0,-99,-99,-99,新北市,06,三峽區,057
24.940806,121.361500,三峽,C0AC60,2018-08-17T06:00:00+08:00,55.0,192,0.5,26.2,0.96,993.4,-99,0.0,-99,-99,-99,新北市,06,三峽區,057
24.940806,121.361500,三峽,C0AC60,2018-08-17T07:00:00+08:00,55.0,164,1.0,27.6,0.89,993.7,-99,0.0,-99,-99,-99,新北市,06,三峽區,057
24.940806,121.361500,三峽,C0AC60,2018-08-17T08:00:00+08:00,55.0,216,1.2,29.0,0.79,993.7,-99,0.0,-99,-99,-99,新北市,06,三峽區,057
24.940806,121.361500,三峽,C0AC60,2018-08-17T09:00:00+08:00,55.0,92,0.9,32.4,0.57,993.7,-99,0.0,-99,-99,-99,新北市,06,三峽區,057
24.940806,121.361500,三峽,C0AC60,2018-08-17T10:00:00+08:00,55.0,89,1.3,33.5,0.52,993.7,-99,0.0,-99,-99,-99,新北市,06,三峽區,057
24.940806,121.361500,三峽,C0AC60,2018-08-17T11:00:00+08:00,55.0,134,0.4,35.0,0.46,993.4,-99,0.0,-99,-99,-99,新北市,06,三峽區,057
24.940806,121.361500,三峽,C0AC60,2018-08-17T12:00:00+08:00,55.0,360,0.4,35.5,0.45,992.9,-99,0.0,-99,-99,-99,新北市,06,三峽區,057
24.940806,121.361500,三峽,C0AC60,2018-08-17T13:00:00+08:00,55.0,267,0.8,35.9,0.46,992.3,-99,0.0,-99,-99,-99,新北市,06,三峽區,057
24.940806,121.361500,三峽,C0AC60,2018-08-17T14:00:00+08:00,55.0,323,1.8,34.3,0.56,992.0,-99,0.0,-99,-99,-99,新北市,06,三峽區,057
24.940806,121.361500,三峽,C0AC60,2018-08-17T15:00:00+08:00,55.0,297,2.3,34.0,0.6,991.8,-99,0.0,-99,-99,-99,新北市,06,三峽區,057
24.940806,121.361500,三峽,C0AC60,2018-08-17T16:00:00+08:00,55.0,95,2.2,30.2,0.73,992.7,-99,0.0,7.7,73,2018-08-17T16:00:00+08:00,新北市,06,三峽區,057
24.940806,121.361500,三峽,C0AC60,2018-08-17T17:00:00+08:00,55.0,67,2.0,29.0,0.84,993.3,-99,0.0,-99,-99,-99,新北市,06,三峽區,057
24.940806,121.361500,三峽,C0AC60,2018-08-17T18:00:00+08:00,55.0,71,1.7,28.5,0.94,994.4,-99,0.5,-99,-99,-99,新北市,06,三峽區,057
24.940806,121.361500,三峽,C0AC60,2018-08-17T19:00:00+08:00,55.0,0,0.0,27.3,0.99,994.8,-99,1.0,-99,-99,-99,新北市,06,三峽區,057
24.940806,121.361500,三峽,C0AC60,2018-08-17T20:00:00+08:00,55.0,217,2.3,27.6,0.94,995.9,-99,1.0,-99,-99,-99,新北市,06,三峽區,057
24.940806,121.361500,三峽,C0AC60,2018-08-17T21:00:00+08:00,55.0,0,0.2,27.8,0.89,995.8,-99,1.0,-99,-99,-99,新北市,06,三峽區,057
24.940806,121.361500,三峽,C0AC60,2018-08-17T22:00:00+08:00,55.0,191,0.7,27.2,0.95,996.2,-99,1.0,-99,-99,-99,新北市,06,三峽區,057
24.940806,121.361500,三峽,C0AC60,2018-08-17T23:00:00+08:00,55.0,221,0.4,27.2,0.93,996.3,-99,1.0,-99,-99,-99,新北市,06,三峽區,057
24.940806,121.361500,三峽,C0AC60,2018-08-18T00:00:00+08:00,55.0,0,0.2,27.0,0.93,996.3,-99,1.0,-99,-99,-99,新北市,06,三峽區,057
24.940806,121.361500,三峽,C0AC60,2018-08-18T01:00:00+08:00,55.0,0,0.0,26.9,0.92,996.0,-99,0.0,-99,-99,-99,新北市,06,三峽區,057
24.940806,121.361500,三峽,C0AC60,2018-08-18T02:00:00+08:00,55.0,0,0.2,26.8,0.92,996.1,-99,0.0,-99,-99,-99,新北市,06,三峽區,057
24.940806,121.361500,三峽,C0AC60,2018-08-18T03:00:00+08:00,55.0,202,0.7,26.5,0.93,995.7,-99,0.0,-99,-99,-99,新北市,06,三峽區,057
24.940806,121.361500,三峽,C0AC60,2018-08-18T04:00:00+08:00,55.0,195,0.7,26.7,0.92,995.9,-99,0.0,-99,-99,-99,新北市,06,三峽區,057
24.940806,121.361500,三峽,C0AC60,2018-08-18T05:00:00+08:00,55.0,173,0.5,26.4,0.94,995.9,-99,0.0,-99,-99,-99,新北市,06,三峽區,057
24.940806,121.361500,三峽,C0AC60,2018-08-18T06:00:00+08:00,55.0,166,0.7,26.6,0.94,996.3,-99,0.0,-99,-99,-99,新北市,06,三峽區,057
24.940806,121.361500,三峽,C0AC60,2018-08-18T07:00:00+08:00,55.0,0,0.1,27.2,0.91,997.2,-99,0.0,-99,-99,-99,新北市,06,三峽區,057
24.940806,121.361500,三峽,C0AC60,2018-08-18T08:00:00+08:00,55.0,0,0.1,29.0,0.85,997.2,-99,0.0,-99,-99,-99,新北市,06,三峽區,057
24.940806,121.361500,三峽,C0AC60,2018-08-18T09:00:00+08:00,55.0,150,0.7,30.2,0.79,997.4,-99,0.0,-99,-99,-99,新北市,06,三峽區,057
24.940806,121.361500,三峽,C0AC60,2018-08-18T10:00:00+08:00,55.0,32,0.7,31.5,0.7,997.3,-99,0.0,-99,-99,-99,新北市,06,三峽區,057
24.940806,121.361500,三峽,C0AC60,2018-08-18T11:00:00+08:00,55.0,40,2.0,31.5,0.67,996.9,-99,0.0,-99,-99,-99,新北市,06,三峽區,057
24.940806,121.361500,三峽,C0AC60,2018-08-18T12:00:00+08:00,55.0,92,1.7,31.4,0.72,996.7,-99,0.0,7.1,80,2018-08-18T11:54:00+08:00,新北市,06,三峽區,057
24.940806,121.361500,三峽,C0AC60,2018-08-18T13:00:00+08:00,55.0,82,0.5,29.7,0.96,996.2,-99,9.0,-99,-99,-99,新北市,06,三峽區,057
24.940806,121.361500,三峽,C0AC60,2018-08-18T14:00:00+08:00,55.0,357,1.1,30.9,0.8,995.8,-99,9.0,-99,-99,-99,新北市,06,三峽區,057
24.940806,121.361500,三峽,C0AC60,2018-08-18T15:00:00+08:00,55.0,307,1.4,30.0,0.83,995.5,-99,9.0,-99,-99,-99,新北市,06,三峽區,057
24.940806,121.361500,三峽,C0AC60,2018-08-18T16:00:00+08:00,55.0,238,0.5,30.3,0.8,995.5,-99,9.0,-99,-99,-99,新北市,06,三峽區,057
24.940806,121.361500,三峽,C0AC60,2018-08-18T17:00:00+08:00,55.0,236,2.1,29.4,0.9,995.6,-99,9.0,-99,-99,-99,新北市,06,三峽區,057
24.940806,121.361500,三峽,C0AC60,2018-08-18T18:00:00+08:00,55.0,255,0.7,29.3,0.87,995.7,-99,9.0,-99,-99,-99,新北市,06,三峽區,057
24.940806,121.361500,三峽,C0AC60,2018-08-18T19:00:00+08:00,55.0,184,0.9,28.2,0.9,996.5,-99,9.0,-99,-99,-99,新北市,06,三峽區,057
24.940806,121.361500,三峽,C0AC60,2018-08-18T20:00:00+08:00,55.0,234,0.3,27.7,0.95,997.2,-99,9.0,-99,-99,-99,新北市,06,三峽區,057
24.940806,121.361500,三峽,C0AC60,2018-08-18T21:00:00+08:00,55.0,203,0.9,27.2,0.97,997.9,-99,9.0,-99,-99,-99,新北市,06,三峽區,057
24.940806,121.361500,三峽,C0AC60,2018-08-18T22:00:00+08:00,55.0,205,0.7,27.2,0.96,997.7,-99,9.0,-99,-99,-99,新北市,06,三峽區,057
24.940806,121.361500,三峽,C0AC60,2018-08-18T23:00:00+08:00,55.0,199,0.7,26.9,0.97,997.7,-99,9.0,-99,-99,-99,新北市,06,三峽區,057
24.940806,121.361500,三峽,C0AC60,2018-08-19T00:00:00+08:00,55.0,211,0.6,26.5,0.99,997.5,-99,9.0,-99,-99,-99,新北市,06,三峽區,057
24.940806,121.361500,三峽,C0AC60,2018-08-19T01:00:00+08:00,55.0,187,0.8,26.4,0.99,997.6,-99,0.0,-99,-99,-99,新北市,06,三峽區,057
24.940806,121.361500,三峽,C0AC60,2018-08-19T02:00:00+08:00,55.0,201,0.9,26.2,0.99,997.5,-99,0.0,-99,-99,-99,新北市,06,三峽區,057
24.940806,121.361500,三峽,C0AC60,2018-08-19T03:00:00+08:00,55.0,166,0.5,25.8,0.99,997.2,-99,0.0,-99,-99,-99,新北市,06,三峽區,057
24.940806,121.361500,三峽,C0AC60,2018-08-19T04:00:00+08:00,55.0,0,0.1,25.7,0.99,997.5,-99,0.0,-99,-99,-99,新北市,06,三峽區,057
24.940806,121.361500,三峽,C0AC60,2018-08-19T05:00:00+08:00,55.0,120,0.4,25.8,0.98,997.8,-99,0.0,-99,-99,-99,新北市,06,三峽區,057
24.940806,121.361500,三峽,C0AC60,2018-08-19T06:00:00+08:00,55.0,211,0.9,25.6,0.98,998.0,-99,0.0,-99,-99,-99,新北市,06,三峽區,057
24.940806,121.361500,三峽,C0AC60,2018-08-19T07:00:00+08:00,55.0,0,0.0,26.6,0.94,998.6,-99,0.0,-99,-99,-99,新北市,06,三峽區,057
24.940806,121.361500,三峽,C0AC60,2018-08-19T08:00:00+08:00,55.0,132,0.4,28.9,0.85,998.8,-99,0.0,-99,-99,-99,新北市,06,三峽區,057
24.940806,121.361500,三峽,C0AC60,2018-08-19T09:00:00+08:00,55.0,90,0.6,30.4,0.72,998.6,-99,0.0,-99,-99,-99,新北市,06,三峽區,057
24.940806,121.361500,三峽,C0AC60,2018-08-19T10:00:00+08:00,55.0,355,0.9,30.8,0.65,998.7,-99,0.0,-99,-99,-99,新北市,06,三峽區,057
24.940806,121.361500,三峽,C0AC60,2018-08-19T11:00:00+08:00,55.0,355,0.7,31.6,0.63,998.3,-99,0.0,-99,-99,-99,新北市,06,三峽區,057
24.940806,121.361500,三峽,C0AC60,2018-08-19T12:00:00+08:00,55.0,21,0.5,32.2,0.6,997.8,-99,0.0,-99,-99,-99,新北市,06,三峽區,057
24.940806,121.361500,三峽,C0AC60,2018-08-19T13:00:00+08:00,55.0,261,1.2,31.0,0.71,997.4,-99,0.0,-99,-99,-99,新北市,06,三峽區,057
24.940806,121.361500,三峽,C0AC60,2018-08-19T14:00:00+08:00,55.0,281,1.0,27.9,0.99,997.3,-99,1.5,-99,-99,-99,新北市,06,三峽區,057
24.940806,121.361500,三峽,C0AC60,2018-08-19T15:00:00+08:00,55.0,0,0.1,25.7,0.99,997.8,-99,61.0,-99,-99,-99,新北市,06,三峽區,057
24.940806,121.361500,三峽,C0AC60,2018-08-19T16:00:00+08:00,55.0,0,0.1,25.7,0.99,997.7,-99,82.0,-99,-99,-99,新北市,06,三峽區,057
24.940806,121.361500,三峽,C0AC60,2018-08-19T18:00:00+08:00,55.0,0,0.1,25.5,0.99,998.0,-99,89.0,-99,-99,-99,新北市,06,三峽區,057
24.940806,121.361500,三峽,C0AC60,2018-08-19T19:00:00+08:00,55.0,0,0.1,25.6,0.99,998.7,-99,89.5,-99,-99,-99,新北市,06,三峽區,057
24.940806,121.361500,三峽,C0AC60,2018-08-19T20:00:00+08:00,55.0,312,0.3,25.6,0.99,999.3,-99,89.5,-99,-99,-99,新北市,06,三峽區,057
24.940806,121.361500,三峽,C0AC60,2018-08-19T21:00:00+08:00,55.0,256,0.4,25.6,0.99,999.7,-99,90.5,-99,-99,-99,新北市,06,三峽區,057
24.940806,121.361500,三峽,C0AC60,2018-08-19T22:00:00+08:00,55.0,0,0.0,25.7,0.99,1000.0,-99,90.5,-99,-99,-99,新北市,06,三峽區,057
24.940806,121.361500,三峽,C0AC60,2018-08-19T23:00:00+08:00,55.0,194,0.3,25.3,0.99,1000.0,-99,90.5,-99,-99,-99,新北市,06,三峽區,057
24.940806,121.361500,三峽,C0AC60,2018-08-20T00:00:00+08:00,55.0,187,0.3,25.1,0.99,999.6,-99,90.5,-99,-99,-99,新北市,06,三峽區,057
24.940806,121.361500,三峽,C0AC60,2018-08-20T01:00:00+08:00,55.0,86,0.3,25.1,0.99,998.7,-99,0.0,-99,-99,-99,新北市,06,三峽區,057
24.940806,121.361500,三峽,C0AC60,2018-08-20T02:00:00+08:00,55.0,0,0.2,25.0,0.99,998.3,-99,0.0,-99,-99,-99,新北市,06,三峽區,057
24.940806,121.361500,三峽,C0AC60,2018-08-20T03:00:00+08:00,55.0,169,0.3,24.8,0.99,997.9,-99,0.0,-99,-99,-99,新北市,06,三峽區,057
24.940806,121.361500,三峽,C0AC60,2018-08-20T04:00:00+08:00,55.0,183,0.7,24.7,0.99,997.8,-99,0.0,-99,-99,-99,新北市,06,三峽區,057
24.940806,121.361500,三峽,C0AC60,2018-08-20T05:00:00+08:00,55.0,174,1.0,24.3,0.99,998.2,-99,0.0,-99,-99,-99,新北市,06,三峽區,057
24.940806,121.361500,三峽,C0AC60,2018-08-20T06:00:00+08:00,55.0,195,0.3,24.4,0.99,998.7,-99,0.0,-99,-99,-99,新北市,06,三峽區,057
24.940806,121.361500,三峽,C0AC60,2018-08-20T07:00:00+08:00,55.0,208,0.4,25.3,0.99,999.1,-99,0.0,-99,-99,-99,新北市,06,三峽區,057
24.940806,121.361500,三峽,C0AC60,2018-08-20T08:00:00+08:00,55.0,0,0.0,28.2,0.86,998.9,-99,0.0,-99,-99,-99,新北市,06,三峽區,057
24.940806,121.361500,三峽,C0AC60,2018-08-20T09:00:00+08:00,55.0,0,0.0,29.7,0.75,999.0,-99,0.0,-99,-99,-99,新北市,06,三峽區,057
24.940806,121.361500,三峽,C0AC60,2018-08-20T10:00:00+08:00,55.0,287,0.7,30.6,0.64,998.8,-99,0.0,-99,-99,-99,新北市,06,三峽區,057
24.940806,121.361500,三峽,C0AC60,2018-08-20T11:00:00+08:00,55.0,62,0.4,32.1,0.62,998.2,-99,0.0,-99,-99,-99,新北市,06,三峽區,057
24.940806,121.361500,三峽,C0AC60,2018-08-20T12:00:00+08:00,55.0,4,1.2,32.4,0.6,997.5,-99,0.0,-99,-99,-99,新北市,06,三峽區,057
24.940806,121.361500,三峽,C0AC60,2018-08-20T13:00:00+08:00,55.0,336,2.3,32.3,0.64,996.9,-99,0.0,-99,-99,-99,新北市,06,三峽區,057
24.940806,121.361500,三峽,C0AC60,2018-08-20T14:00:00+08:00,55.0,311,1.6,32.7,0.63,996.2,-99,0.0,-99,-99,-99,新北市,06,三峽區,057
24.940806,121.361500,三峽,C0AC60,2018-08-20T15:00:00+08:00,55.0,94,0.9,30.8,0.72,996.1,-99,0.0,-99,-99,-99,新北市,06,三峽區,057
24.940806,121.361500,三峽,C0AC60,2018-08-20T16:00:00+08:00,55.0,91,1.5,27.8,0.95,996.5,-99,0.5,-99,-99,-99,新北市,06,三峽區,057
24.940806,121.361500,三峽,C0AC60,2018-08-20T17:00:00+08:00,55.0,93,1.2,28.1,0.95,996.7,-99,1.0,-99,-99,-99,新北市,06,三峽區,057
24.940806,121.361500,三峽,C0AC60,2018-08-20T18:00:00+08:00,55.0,228,0.8,27.9,0.89,996.2,-99,1.0,-99,-99,-99,新北市,06,三峽區,057
24.940806,121.361500,三峽,C0AC60,2018-08-20T19:00:00+08:00,55.0,203,0.3,27.0,0.93,996.5,-99,1.0,-99,-99,-99,新北市,06,三峽區,057
24.940806,121.361500,三峽,C0AC60,2018-08-20T20:00:00+08:00,55.0,211,0.5,26.6,0.95,996.8,-99,1.0,-99,-99,-99,新北市,06,三峽區,057
24.940806,121.361500,三峽,C0AC60,2018-08-20T21:00:00+08:00,55.0,0,0.2,26.2,0.96,996.7,-99,1.0,-99,-99,-99,新北市,06,三峽區,057
24.940806,121.361500,三峽,C0AC60,2018-08-20T22:00:00+08:00,55.0,215,1.2,25.8,0.96,996.8,-99,1.0,-99,-99,-99,新北市,06,三峽區,057
24.940806,121.361500,三峽,C0AC60,2018-08-20T23:00:00+08:00,55.0,179,1.1,26.0,0.95,997.0,-99,1.0,-99,-99,-99,新北市,06,三峽區,057
24.940806,121.361500,三峽,C0AC60,2018-08-21T00:00:00+08:00,55.0,198,0.7,25.7,0.95,996.7,-99,1.0,-99,-99,-99,新北市,06,三峽區,057
24.940806,121.361500,三峽,C0AC60,2018-08-21T01:00:00+08:00,55.0,204,0.5,25.5,0.96,996.5,-99,0.0,-99,-99,-99,新北市,06,三峽區,057
24.940806,121.361500,三峽,C0AC60,2018-08-21T02:00:00+08:00,55.0,217,0.5,25.6,0.95,995.9,-99,0.0,-99,-99,-99,新北市,06,三峽區,057
24.940806,121.361500,三峽,C0AC60,2018-08-21T03:00:00+08:00,55.0,210,1.0,25.9,0.93,995.5,-99,0.0,-99,-99,-99,新北市,06,三峽區,057
24.940806,121.361500,三峽,C0AC60,2018-08-21T04:00:00+08:00,55.0,197,0.5,25.7,0.95,995.4,-99,0.0,-99,-99,-99,新北市,06,三峽區,057
24.940806,121.361500,三峽,C0AC60,2018-08-21T05:00:00+08:00,55.0,162,0.7,25.5,0.97,995.9,-99,0.0,-99,-99,-99,新北市,06,三峽區,057
24.940806,121.361500,三峽,C0AC60,2018-08-21T06:00:00+08:00,55.0,203,0.7,25.4,0.95,995.9,-99,0.0,-99,-99,-99,新北市,06,三峽區,057
24.940806,121.361500,三峽,C0AC60,2018-08-21T07:00:00+08:00,55.0,203,1.0,26.3,0.92,996.2,-99,0.0,-99,-99,-99,新北市,06,三峽區,057
24.940806,121.361500,三峽,C0AC60,2018-08-21T08:00:00+08:00,55.0,0,0.1,28.6,0.83,995.9,-99,0.0,-99,-99,-99,新北市,06,三峽區,057
24.940806,121.361500,三峽,C0AC60,2018-08-21T09:00:00+08:00,55.0,0,0.0,30.2,0.75,996.2,-99,0.0,-99,-99,-99,新北市,06,三峽區,057
24.940806,121.361500,三峽,C0AC60,2018-08-21T10:00:00+08:00,55.0,47,0.4,32.2,0.63,995.6,-99,0.0,-99,-99,-99,新北市,06,三峽區,057
24.940806,121.361500,三峽,C0AC60,2018-08-21T11:00:00+08:00,55.0,358,0.3,32.2,0.66,995.1,-99,0.0,-99,-99,-99,新北市,06,三峽區,057
24.940806,121.361500,三峽,C0AC60,2018-08-21T12:00:00+08:00,55.0,46,0.5,33.2,0.59,994.3,-99,0.0,-99,-99,-99,新北市,06,三峽區,057
24.940806,121.361500,三峽,C0AC60,2018-08-21T13:00:00+08:00,55.0,335,0.8,31.7,0.69,994.0,-99,0.0,-99,-99,-99,新北市,06,三峽區,057
24.940806,121.361500,三峽,C0AC60,2018-08-21T14:00:00+08:00,55.0,194,1.6,31.2,0.74,993.2,-99,0.0,-99,-99,-99,新北市,06,三峽區,057
24.940806,121.361500,三峽,C0AC60,2018-08-21T15:00:00+08:00,55.0,232,2.1,27.2,0.99,993.9,-99,26.5,-99,-99,-99,新北市,06,三峽區,057
24.940806,121.361500,三峽,C0AC60,2018-08-21T16:00:00+08:00,55.0,215,1.6,26.0,0.99,993.6,-99,48.0,-99,-99,-99,新北市,06,三峽區,057
24.940806,121.361500,三峽,C0AC60,2018-08-21T17:00:00+08:00,55.0,205,0.7,26.3,0.99,993.6,-99,48.5,-99,-99,-99,新北市,06,三峽區,057
24.940806,121.361500,三峽,C0AC60,2018-08-21T18:00:00+08:00,55.0,160,0.6,26.8,0.99,993.8,-99,49.5,-99,-99,-99,新北市,06,三峽區,057
24.940806,121.361500,三峽,C0AC60,2018-08-21T19:00:00+08:00,55.0,90,0.8,27.0,0.99,994.0,-99,50.0,-99,-99,-99,新北市,06,三峽區,057
24.940806,121.361500,三峽,C0AC60,2018-08-21T20:00:00+08:00,55.0,0,0.1,27.0,0.99,994.6,-99,50.0,-99,-99,-99,新北市,06,三峽區,057
24.940806,121.361500,三峽,C0AC60,2018-08-21T22:00:00+08:00,55.0,200,0.4,26.2,0.99,995.4,-99,50.0,-99,-99,-99,新北市,06,三峽區,057
24.940806,121.361500,三峽,C0AC60,2018-08-21T23:00:00+08:00,55.0,0,0.0,26.3,0.99,994.8,-99,50.0,-99,-99,-99,新北市,06,三峽區,057
24.940806,121.361500,三峽,C0AC60,2018-08-22T00:00:00+08:00,55.0,194,0.6,26.0,0.99,994.7,-99,50.0,-99,-99,-99,新北市,06,三峽區,057
24.940806,121.361500,三峽,C0AC60,2018-08-22T01:00:00+08:00,55.0,0,0.1,26.0,0.99,994.0,-99,0.0,-99,-99,-99,新北市,06,三峽區,057
24.940806,121.361500,三峽,C0AC60,2018-08-22T02:00:00+08:00,55.0,173,0.5,25.9,0.99,994.0,-99,0.0,-99,-99,-99,新北市,06,三峽區,057
24.940806,121.361500,三峽,C0AC60,2018-08-22T03:00:00+08:00,55.0,0,0.0,25.9,0.99,993.6,-99,0.0,-99,-99,-99,新北市,06,三峽區,057
24.940806,121.361500,三峽,C0AC60,2018-08-22T04:00:00+08:00,55.0,204,0.3,25.9,0.99,993.6,-99,0.0,-99,-99,-99,新北市,06,三峽區,057
24.940806,121.361500,三峽,C0AC60,2018-08-22T05:00:00+08:00,55.0,0,0.1,25.7,0.99,993.9,-99,0.0,-99,-99,-99,新北市,06,三峽區,057
24.940806,121.361500,三峽,C0AC60,2018-08-22T06:00:00+08:00,55.0,0,0.1,25.8,0.99,994.0,-99,0.0,-99,-99,-99,新北市,06,三峽區,057
24.940806,121.361500,三峽,C0AC60,2018-08-22T07:00:00+08:00,55.0,177,0.7,26.3,0.99,994.4,-99,0.0,-99,-99,-99,新北市,06,三峽區,057
24.940806,121.361500,三峽,C0AC60,2018-08-22T08:00:00+08:00,55.0,57,0.6,28.8,0.89,994.2,-99,0.0,-99,-99,-99,新北市,06,三峽區,057
24.940806,121.361500,三峽,C0AC60,2018-08-22T09:00:00+08:00,55.0,68,0.9,30.5,0.8,994.3,-99,0.0,-99,-99,-99,新北市,06,三峽區,057
24.940806,121.361500,三峽,C0AC60,2018-08-22T10:00:00+08:00,55.0,30,1.1,31.5,0.69,993.9,-99,0.0,-99,-99,-99,新北市,06,三峽區,057
24.940806,121.361500,三峽,C0AC60,2018-08-22T11:00:00+08:00,55.0,297,0.5,33.1,0.62,993.5,-99,0.0,-99,-99,-99,新北市,06,三峽區,057
24.940806,121.361500,三峽,C0AC60,2018-08-22T12:00:00+08:00,55.0,324,1.3,32.2,0.71,993.0,-99,0.0,-99,-99,-99,新北市,06,三峽區,057
24.940806,121.361500,三峽,C0AC60,2018-08-22T13:00:00+08:00,55.0,166,0.4,32.2,0.72,992.1,-99,0.0,-99,-99,-99,新北市,06,三峽區,057
24.940806,121.361500,三峽,C0AC60,2018-08-22T14:00:00+08:00,55.0,0,0.1,29.3,0.91,991.4,-99,0.0,-99,-99,-99,新北市,06,三峽區,057
24.940806,121.361500,三峽,C0AC60,2018-08-22T15:00:00+08:00,55.0,0,0.2,29.7,0.93,990.9,-99,0.0,-99,-99,-99,新北市,06,三峽區,057
24.940806,121.361500,三峽,C0AC60,2018-08-22T16:00:00+08:00,55.0,0,0.1,29.9,0.92,990.8,-99,0.0,-99,-99,-99,新北市,06,三峽區,057
24.940806,121.361500,三峽,C0AC60,2018-08-22T17:00:00+08:00,55.0,166,0.3,29.3,0.93,990.6,-99,0.0,-99,-99,-99,新北市,06,三峽區,057
24.940806,121.361500,三峽,C0AC60,2018-08-22T18:00:00+08:00,55.0,90,0.3,29.1,0.94,990.8,-99,0.5,-99,-99,-99,新北市,06,三峽區,057
24.940806,121.361500,三峽,C0AC60,2018-08-22T19:00:00+08:00,55.0,78,3.1,29.5,0.77,990.9,-99,0.5,-99,-99,-99,新北市,06,三峽區,057
24.940806,121.361500,三峽,C0AC60,2018-08-22T20:00:00+08:00,55.0,89,1.8,28.9,0.75,991.6,-99,0.5,-99,-99,-99,新北市,06,三峽區,057
24.940806,121.361500,三峽,C0AC60,2018-08-22T21:00:00+08:00,55.0,96,1.3,28.7,0.76,992.3,-99,0.5,-99,-99,-99,新北市,06,三峽區,057
24.940806,121.361500,三峽,C0AC60,2018-08-22T22:00:00+08:00,55.0,170,0.7,27.7,0.89,992.5,-99,0.5,-99,-99,-99,新北市,06,三峽區,057
24.940806,121.361500,三峽,C0AC60,2018-08-22T23:00:00+08:00,55.0,164,1.2,27.1,0.95,992.3,-99,0.5,-99,-99,-99,新北市,06,三峽區,057
24.940806,121.361500,三峽,C0AC60,2018-08-23T00:00:00+08:00,55.0,0,0.2,27.2,0.96,991.8,-99,0.5,-99,-99,-99,新北市,06,三峽區,057
24.940806,121.361500,三峽,C0AC60,2018-08-23T01:00:00+08:00,55.0,0,0.0,27.2,0.94,991.4,-99,0.0,-99,-99,-99,新北市,06,三峽區,057
24.940806,121.361500,三峽,C0AC60,2018-08-23T02:00:00+08:00,55.0,122,0.5,26.8,0.95,990.7,-99,0.0,-99,-99,-99,新北市,06,三峽區,057
24.940806,121.361500,三峽,C0AC60,2018-08-23T03:00:00+08:00,55.0,162,1.5,26.7,0.96,990.4,-99,0.0,-99,-99,-99,新北市,06,三峽區,057
24.940806,121.361500,三峽,C0AC60,2018-08-23T04:00:00+08:00,55.0,167,1.7,26.3,0.98,990.4,-99,0.0,-99,-99,-99,新北市,06,三峽區,057
24.940806,121.361500,三峽,C0AC60,2018-08-23T05:00:00+08:00,55.0,0,0.2,26.1,0.97,990.2,-99,0.0,-99,-99,-99,新北市,06,三峽區,057
24.940806,121.361500,三峽,C0AC60,2018-08-23T06:00:00+08:00,55.0,157,0.5,26.1,0.97,990.3,-99,0.0,-99,-99,-99,新北市,06,三峽區,057
24.940806,121.361500,三峽,C0AC60,2018-08-23T07:00:00+08:00,55.0,164,0.5,26.9,0.94,990.5,-99,0.0,-99,-99,-99,新北市,06,三峽區,057
24.940806,121.361500,三峽,C0AC60,2018-08-23T08:00:00+08:00,55.0,89,1.4,31.1,0.69,990.3,-99,0.0,-99,-99,-99,新北市,06,三峽區,057
24.940806,121.361500,三峽,C0AC60,2018-08-23T09:00:00+08:00,55.0,81,3.2,31.1,0.67,990.2,-99,0.0,-99,-99,-99,新北市,06,三峽區,057
24.940806,121.361500,三峽,C0AC60,2018-08-23T10:00:00+08:00,55.0,84,3.2,31.0,0.69,990.0,-99,0.0,-99,-99,-99,新北市,06,三峽區,057
24.940806,121.361500,三峽,C0AC60,2018-08-23T11:00:00+08:00,55.0,87,2.5,32.5,0.65,989.2,-99,0.0,-99,-99,-99,新北市,06,三峽區,057
24.940806,121.361500,三峽,C0AC60,2018-08-23T12:00:00+08:00,55.0,87,3.0,33.0,0.63,988.5,-99,0.0,8.8,82,2018-08-23T11:50:00+08:00,新北市,06,三峽區,057
24.940806,121.361500,三峽,C0AC60,2018-08-23T13:00:00+08:00,55.0,83,2.7,34.0,0.58,988.1,-99,0.0,8.8,82,2018-08-23T12:06:00+08:00,新北市,06,三峽區,057
24.940806,121.361500,三峽,C0AC60,2018-08-23T14:00:00+08:00,55.0,89,2.8,34.3,0.58,987.9,-99,0.0,9.3,97,2018-08-23T13:41:00+08:00,新北市,06,三峽區,057
24.940806,121.361500,三峽,C0AC60,2018-08-23T15:00:00+08:00,55.0,88,2.5,33.5,0.6,987.8,-99,0.0,9.3,88,2018-08-23T14:52:00+08:00,新北市,06,三峽區,057
24.940806,121.361500,三峽,C0AC60,2018-08-23T16:00:00+08:00,55.0,78,2.6,32.3,0.67,987.9,-99,0.0,8.2,88,2018-08-23T15:39:00+08:00,新北市,06,三峽區,057
24.940806,121.361500,三峽,C0AC60,2018-08-23T17:00:00+08:00,55.0,83,2.0,30.8,0.76,987.9,-99,0.0,8.2,58,2018-08-23T16:36:00+08:00,新北市,06,三峽區,057
24.940806,121.361500,三峽,C0AC60,2018-08-23T18:00:00+08:00,55.0,80,2.2,30.0,0.78,988.4,-99,0.0,7.7,87,2018-08-23T17:29:00+08:00,新北市,06,三峽區,057
24.940806,121.361500,三峽,C0AC60,2018-08-23T19:00:00+08:00,55.0,97,1.6,29.4,0.82,988.9,-99,0.0,-99,-99,-99,新北市,06,三峽區,057
24.940806,121.361500,三峽,C0AC60,2018-08-23T20:00:00+08:00,55.0,97,1.1,28.0,0.94,989.8,-99,0.0,8.2,81,2018-08-23T19:16:00+08:00,新北市,06,三峽區,057
24.940806,121.361500,三峽,C0AC60,2018-08-23T21:00:00+08:00,55.0,95,1.3,28.3,0.93,990.7,-99,0.0,-99,-99,-99,新北市,06,三峽區,057
24.940806,121.361500,三峽,C0AC60,2018-08-23T22:00:00+08:00,55.0,207,0.9,26.8,0.97,991.6,-99,2.0,-99,-99,-99,新北市,06,三峽區,057
24.940806,121.361500,三峽,C0AC60,2018-08-23T23:00:00+08:00,55.0,315,1.1,25.3,0.99,991.5,-99,4.0,-99,-99,-99,新北市,06,三峽區,057
24.940806,121.361500,三峽,C0AC60,2018-08-24T00:00:00+08:00,55.0,0,0.2,25.3,0.99,991.2,-99,4.5,-99,-99,-99,新北市,06,三峽區,057
24.940806,121.361500,三峽,C0AC60,2018-08-24T01:00:00+08:00,55.0,203,0.5,25.2,0.99,990.9,-99,-99,-99,-99,-99,新北市,06,三峽區,057
24.940806,121.361500,三峽,C0AC60,2018-08-24T02:00:00+08:00,55.0,0,0.1,25.0,0.99,990.3,-99,0.0,-99,-99,-99,新北市,06,三峽區,057
24.940806,121.361500,三峽,C0AC60,2018-08-24T03:00:00+08:00,55.0,221,0.4,25.3,0.99,990.2,-99,1.0,-99,-99,-99,新北市,06,三峽區,057
24.940806,121.361500,三峽,C0AC60,2018-08-24T04:00:00+08:00,55.0,217,1.6,24.8,0.99,990.3,-99,4.5,-99,-99,-99,新北市,06,三峽區,057
24.940806,121.361500,三峽,C0AC60,2018-08-24T05:00:00+08:00,55.0,0,0.1,24.8,0.99,990.6,-99,6.0,-99,-99,-99,新北市,06,三峽區,057
24.940806,121.361500,三峽,C0AC60,2018-08-24T06:00:00+08:00,55.0,210,0.9,24.9,0.99,990.9,-99,6.5,-99,-99,-99,新北市,06,三峽區,057
24.940806,121.361500,三峽,C0AC60,2018-08-24T07:00:00+08:00,55.0,226,0.9,25.2,0.99,991.6,-99,6.5,-99,-99,-99,新北市,06,三峽區,057
24.940806,121.361500,三峽,C0AC60,2018-08-24T08:00:00+08:00,55.0,233,0.7,25.5,0.99,992.0,-99,8.0,-99,-99,-99,新北市,06,三峽區,057
24.940806,121.361500,三峽,C0AC60,2018-08-24T09:00:00+08:00,55.0,0,0.0,25.8,0.99,992.5,-99,10.5,-99,-99,-99,新北市,06,三峽區,057
24.940806,121.361500,三峽,C0AC60,2018-08-24T10:00:00+08:00,55.0,0,0.1,26.3,0.99,992.2,-99,11.0,-99,-99,-99,新北市,06,三峽區,057
24.940806,121.361500,三峽,C0AC60,2018-08-24T11:00:00+08:00,55.0,222,1.1,27.5,0.95,992.0,-99,11.0,-99,-99,-99,新北市,06,三峽區,057
24.940806,121.361500,三峽,C0AC60,2018-08-24T12:00:00+08:00,55.0,322,0.8,28.3,0.88,991.9,-99,11.0,-99,-99,-99,新北市,06,三峽區,057
24.940806,121.361500,三峽,C0AC60,2018-08-24T13:00:00+08:00,55.0,0,0.1,28.4,0.9,991.6,-99,11.0,-99,-99,-99,新北市,06,三峽區,057
24.940806,121.361500,三峽,C0AC60,2018-08-24T14:00:00+08:00,55.0,220,0.7,28.2,0.92,991.2,-99,11.0,-99,-99,-99,新北市,06,三峽區,057
24.940806,121.361500,三峽,C0AC60,2018-08-24T15:00:00+08:00,55.0,0,0.0,28.8,0.88,990.7,-99,11.0,-99,-99,-99,新北市,06,三峽區,057
24.940806,121.361500,三峽,C0AC60,2018-08-24T16:00:00+08:00,55.0,0,0.0,28.0,0.87,990.9,-99,11.0,-99,-99,-99,新北市,06,三峽區,057
24.940806,121.361500,三峽,C0AC60,2018-08-24T17:00:00+08:00,55.0,91,0.9,28.0,0.93,991.1,-99,11.0,-99,-99,-99,新北市,06,三峽區,057
24.940806,121.361500,三峽,C0AC60,2018-08-24T18:00:00+08:00,55.0,97,0.8,27.5,0.94,991.6,-99,11.5,-99,-99,-99,新北市,06,三峽區,057
24.940806,121.361500,三峽,C0AC60,2018-08-24T19:00:00+08:00,55.0,92,0.5,26.8,0.98,992.2,-99,11.5,-99,-99,-99,新北市,06,三峽區,057
24.940806,121.361500,三峽,C0AC60,2018-08-24T20:00:00+08:00,55.0,90,0.8,26.9,0.97,992.5,-99,11.5,-99,-99,-99,新北市,06,三峽區,057
24.940806,121.361500,三峽,C0AC60,2018-08-24T21:00:00+08:00,55.0,0,0.2,26.8,0.98,993.0,-99,11.5,-99,-99,-99,新北市,06,三峽區,057
24.940806,121.361500,三峽,C0AC60,2018-08-24T22:00:00+08:00,55.0,178,1.7,26.5,1,993.1,-99,11.5,-99,-99,-99,新北市,06,三峽區,057
24.940806,121.361500,三峽,C0AC60,2018-08-24T23:00:00+08:00,55.0,211,0.8,26.0,0.99,993.3,-99,11.5,-99,-99,-99,新北市,06,三峽區,057
24.940806,121.361500,三峽,C0AC60,2018-08-25T00:00:00+08:00,55.0,86,0.9,25.9,0.99,992.8,-99,11.5,-99,-99,-99,新北市,06,三峽區,057
24.940806,121.361500,三峽,C0AC60,2018-08-25T01:00:00+08:00,55.0,207,0.3,26.0,0.99,992.7,-99,0.0,-99,-99,-99,新北市,06,三峽區,057
24.940806,121.361500,三峽,C0AC60,2018-08-25T02:00:00+08:00,55.0,0,0.1,26.0,0.99,992.1,-99,0.0,-99,-99,-99,新北市,06,三峽區,057
24.940806,121.361500,三峽,C0AC60,2018-08-25T03:00:00+08:00,55.0,184,0.3,25.8,0.99,992.1,-99,0.0,-99,-99,-99,新北市,06,三峽區,057
24.940806,121.361500,三峽,C0AC60,2018-08-25T04:00:00+08:00,55.0,216,0.7,25.7,0.99,992.0,-99,0.0,-99,-99,-99,新北市,06,三峽區,057
24.940806,121.361500,三峽,C0AC60,2018-08-25T05:00:00+08:00,55.0,165,0.7,25.7,0.99,992.1,-99,0.0,-99,-99,-99,新北市,06,三峽區,057
24.940806,121.361500,三峽,C0AC60,2018-08-25T06:00:00+08:00,55.0,0,0.0,25.7,0.99,992.6,-99,0.0,-99,-99,-99,新北市,06,三峽區,057
24.940806,121.361500,三峽,C0AC60,2018-08-25T07:00:00+08:00,55.0,0,0.0,27.5,0.95,993.1,-99,0.0,-99,-99,-99,新北市,06,三峽區,057
24.940806,121.361500,三峽,C0AC60,2018-08-25T08:00:00+08:00,55.0,0,0.0,28.3,0.9,993.4,-99,0.0,-99,-99,-99,新北市,06,三峽區,057
24.940806,121.361500,三峽,C0AC60,2018-08-25T09:00:00+08:00,55.0,94,1.2,29.5,0.84,993.8,-99,0.0,-99,-99,-99,新北市,06,三峽區,057
24.940806,121.361500,三峽,C0AC60,2018-08-25T10:00:00+08:00,55.0,88,0.8,31.7,0.72,993.5,-99,0.0,-99,-99,-99,新北市,06,三峽區,057
24.940806,121.361500,三峽,C0AC60,2018-08-25T11:00:00+08:00,55.0,63,1.3,31.9,0.68,993.3,-99,0.0,-99,-99,-99,新北市,06,三峽區,057
24.940806,121.361500,三峽,C0AC60,2018-08-25T12:00:00+08:00,55.0,54,1.0,32.3,0.66,992.6,-99,0.0,-99,-99,-99,新北市,06,三峽區,057
24.940806,121.361500,三峽,C0AC60,2018-08-25T13:00:00+08:00,55.0,36,1.3,31.3,0.7,992.3,-99,0.0,-99,-99,-99,新北市,06,三峽區,057
24.940806,121.361500,三峽,C0AC60,2018-08-25T14:00:00+08:00,55.0,27,0.7,30.0,0.79,992.0,-99,0.0,-99,-99,-99,新北市,06,三峽區,057
24.940806,121.361500,三峽,C0AC60,2018-08-25T15:00:00+08:00,55.0,213,1.3,28.0,0.95,991.8,-99,1.0,-99,-99,-99,新北市,06,三峽區,057
24.940806,121.361500,三峽,C0AC60,2018-08-25T16:00:00+08:00,55.0,0,0.0,27.5,0.99,991.7,-99,3.0,-99,-99,-99,新北市,06,三峽區,057
24.940806,121.361500,三峽,C0AC60,2018-08-25T17:00:00+08:00,55.0,0,0.1,28.0,0.99,991.6,-99,3.0,-99,-99,-99,新北市,06,三峽區,057
24.940806,121.361500,三峽,C0AC60,2018-08-25T18:00:00+08:00,55.0,216,0.8,27.7,0.99,991.9,-99,3.0,-99,-99,-99,新北市,06,三峽區,057
24.940806,121.361500,三峽,C0AC60,2018-08-25T19:00:00+08:00,55.0,187,0.8,27.5,0.99,992.3,-99,3.0,-99,-99,-99,新北市,06,三峽區,057
24.940806,121.361500,三峽,C0AC60,2018-08-25T20:00:00+08:00,55.0,185,0.6,26.7,0.99,993.0,-99,3.0,-99,-99,-99,新北市,06,三峽區,057
24.940806,121.361500,三峽,C0AC60,2018-08-25T21:00:00+08:00,55.0,0,0.1,26.8,0.99,993.5,-99,3.0,-99,-99,-99,新北市,06,三峽區,057
24.940806,121.361500,三峽,C0AC60,2018-08-25T22:00:00+08:00,55.0,0,0.1,26.4,0.99,993.8,-99,3.0,-99,-99,-99,新北市,06,三峽區,057
24.940806,121.361500,三峽,C0AC60,2018-08-25T23:00:00+08:00,55.0,0,0.0,26.4,0.99,993.8,-99,3.0,-99,-99,-99,新北市,06,三峽區,057
24.940806,121.361500,三峽,C0AC60,2018-08-26T00:00:00+08:00,55.0,0,0.0,26.3,0.99,993.6,-99,3.0,-99,-99,-99,新北市,06,三峽區,057
24.940806,121.361500,三峽,C0AC60,2018-08-26T01:00:00+08:00,55.0,177,1.2,26.1,0.99,993.3,-99,0.0,-99,-99,-99,新北市,06,三峽區,057
24.940806,121.361500,三峽,C0AC60,2018-08-26T02:00:00+08:00,55.0,196,0.4,25.7,0.99,993.2,-99,0.0,-99,-99,-99,新北市,06,三峽區,057
24.940806,121.361500,三峽,C0AC60,2018-08-26T03:00:00+08:00,55.0,0,0.0,25.6,0.99,993.4,-99,0.0,-99,-99,-99,新北市,06,三峽區,057
24.940806,121.361500,三峽,C0AC60,2018-08-26T04:00:00+08:00,55.0,0,0.0,25.6,0.99,993.5,-99,0.0,-99,-99,-99,新北市,06,三峽區,057
24.940806,121.361500,三峽,C0AC60,2018-08-26T05:00:00+08:00,55.0,0,0.0,25.5,0.99,993.7,-99,0.0,-99,-99,-99,新北市,06,三峽區,057
24.940806,121.361500,三峽,C0AC60,2018-08-26T06:00:00+08:00,55.0,164,0.4,25.4,0.99,994.4,-99,0.0,-99,-99,-99,新北市,06,三峽區,057
24.940806,121.361500,三峽,C0AC60,2018-08-26T07:00:00+08:00,55.0,0,0.0,26.7,0.97,994.9,-99,0.0,-99,-99,-99,新北市,06,三峽區,057
24.940806,121.361500,三峽,C0AC60,2018-08-26T08:00:00+08:00,55.0,0,0.0,28.7,0.86,995.1,-99,0.0,-99,-99,-99,新北市,06,三峽區,057
24.940806,121.361500,三峽,C0AC60,2018-08-26T09:00:00+08:00,55.0,88,1.0,30.4,0.75,995.1,-99,0.0,-99,-99,-99,新北市,06,三峽區,057
24.940806,121.361500,三峽,C0AC60,2018-08-26T10:00:00+08:00,55.0,318,0.3,29.7,0.8,995.0,-99,0.0,-99,-99,-99,新北市,06,三峽區,057
24.940806,121.361500,三峽,C0AC60,2018-08-26T11:00:00+08:00,55.0,357,0.6,29.3,0.85,994.8,-99,0.5,-99,-99,-99,新北市,06,三峽區,057
24.940806,121.361500,三峽,C0AC60,2018-08-26T12:00:00+08:00,55.0,337,1.2,27.4,0.99,994.6,-99,2.0,-99,-99,-99,新北市,06,三峽區,057
24.940806,121.361500,三峽,C0AC60,2018-08-26T13:00:00+08:00,55.0,274,1.0,27.0,0.99,994.5,-99,3.0,-99,-99,-99,新北市,06,三峽區,057
24.940806,121.361500,三峽,C0AC60,2018-08-26T14:00:00+08:00,55.0,238,0.7,26.7,0.99,994.3,-99,4.0,-99,-99,-99,新北市,06,三峽區,057
24.940806,121.361500,三峽,C0AC60,2018-08-26T15:00:00+08:00,55.0,94,1.1,26.2,0.99,994.5,-99,15.5,-99,-99,-99,新北市,06,三峽區,057
24.940806,121.361500,三峽,C0AC60,2018-08-26T16:00:00+08:00,55.0,0,0.0,26.1,0.99,994.2,-99,17.5,-99,-99,-99,新北市,06,三峽區,057
24.940806,121.361500,三峽,C0AC60,2018-08-26T17:00:00+08:00,55.0,0,0.0,26.7,0.99,994.3,-99,17.5,-99,-99,-99,新北市,06,三峽區,057
24.940806,121.361500,三峽,C0AC60,2018-08-26T18:00:00+08:00,55.0,0,0.0,26.7,0.99,994.3,-99,17.5,-99,-99,-99,新北市,06,三峽區,057
24.940806,121.361500,三峽,C0AC60,2018-08-26T19:00:00+08:00,55.0,214,0.3,26.4,0.99,995.1,-99,17.5,-99,-99,-99,新北市,06,三峽區,057
24.940806,121.361500,三峽,C0AC60,2018-08-26T20:00:00+08:00,55.0,196,0.3,25.8,0.99,995.9,-99,18.0,-99,-99,-99,新北市,06,三峽區,057
24.940806,121.361500,三峽,C0AC60,2018-08-26T21:00:00+08:00,55.0,305,0.3,25.7,0.99,996.8,-99,18.0,-99,-99,-99,新北市,06,三峽區,057
24.940806,121.361500,三峽,C0AC60,2018-08-26T22:00:00+08:00,55.0,0,0.0,25.3,0.99,997.3,-99,18.5,-99,-99,-99,新北市,06,三峽區,057
24.940806,121.361500,三峽,C0AC60,2018-08-26T23:00:00+08:00,55.0,287,0.4,25.3,0.99,997.4,-99,18.5,-99,-99,-99,新北市,06,三峽區,057
24.940806,121.361500,三峽,C0AC60,2018-08-27T00:00:00+08:00,55.0,0,0.0,25.2,0.99,997.5,-99,18.5,-99,-99,-99,新北市,06,三峽區,057
24.940806,121.361500,三峽,C0AC60,2018-08-27T01:00:00+08:00,55.0,0,0.0,25.3,0.99,997.4,-99,0.0,-99,-99,-99,新北市,06,三峽區,057
24.940806,121.361500,三峽,C0AC60,2018-08-27T02:00:00+08:00,55.0,0,0.2,25.4,0.99,997.0,-99,0.0,-99,-99,-99,新北市,06,三峽區,057
24.940806,121.361500,三峽,C0AC60,2018-08-27T03:00:00+08:00,55.0,86,1.2,25.4,0.99,996.8,-99,0.0,-99,-99,-99,新北市,06,三峽區,057
24.940806,121.361500,三峽,C0AC60,2018-08-27T04:00:00+08:00,55.0,87,1.2,25.3,0.99,996.8,-99,0.0,-99,-99,-99,新北市,06,三峽區,057
24.940806,121.361500,三峽,C0AC60,2018-08-27T05:00:00+08:00,55.0,89,0.9,25.1,0.99,996.8,-99,0.0,-99,-99,-99,新北市,06,三峽區,057
24.940806,121.361500,三峽,C0AC60,2018-08-27T06:00:00+08:00,55.0,90,0.9,25.2,0.99,997.3,-99,0.0,-99,-99,-99,新北市,06,三峽區,057
24.940806,121.361500,三峽,C0AC60,2018-08-27T07:00:00+08:00,55.0,200,0.6,25.9,0.97,997.8,-99,0.0,-99,-99,-99,新北市,06,三峽區,057
24.940806,121.361500,三峽,C0AC60,2018-08-27T08:00:00+08:00,55.0,0,0.1,26.0,0.98,998.1,-99,0.0,-99,-99,-99,新北市,06,三峽區,057
24.940806,121.361500,三峽,C0AC60,2018-08-27T09:00:00+08:00,55.0,0,0.2,27.5,0.92,998.5,-99,0.0,-99,-99,-99,新北市,06,三峽區,057
24.940806,121.361500,三峽,C0AC60,2018-08-27T10:00:00+08:00,55.0,0,0.0,29.6,0.8,998.8,-99,0.0,-99,-99,-99,新北市,06,三峽區,057
24.940806,121.361500,三峽,C0AC60,2018-08-27T11:00:00+08:00,55.0,0,0.1,30.1,0.7,998.9,-99,0.0,-99,-99,-99,新北市,06,三峽區,057
24.940806,121.361500,三峽,C0AC60,2018-08-27T12:00:00+08:00,55.0,69,0.3,31.6,0.63,998.5,-99,0.0,-99,-99,-99,新北市,06,三峽區,057
24.940806,121.361500,三峽,C0AC60,2018-08-27T13:00:00+08:00,55.0,289,0.4,31.6,0.62,998.0,-99,0.0,-99,-99,-99,新北市,06,三峽區,057
24.940806,121.361500,三峽,C0AC60,2018-08-27T14:00:00+08:00,55.0,254,0.5,28.7,0.89,997.9,-99,0.0,-99,-99,-99,新北市,06,三峽區,057
24.940806,121.361500,三峽,C0AC60,2018-08-27T15:00:00+08:00,55.0,241,1.2,27.3,0.96,998.2,-99,0.0,-99,-99,-99,新北市,06,三峽區,057
24.940806,121.361500,三峽,C0AC60,2018-08-27T16:00:00+08:00,55.0,236,1.1,27.7,0.93,998.1,-99,0.0,-99,-99,-99,新北市,06,三峽區,057
24.940806,121.361500,三峽,C0AC60,2018-08-27T17:00:00+08:00,55.0,234,2.7,26.6,0.97,998.6,-99,0.0,-99,-99,-99,新北市,06,三峽區,057
24.940806,121.361500,三峽,C0AC60,2018-08-27T18:00:00+08:00,55.0,0,0.0,25.4,0.99,999.1,-99,0.5,-99,-99,-99,新北市,06,三峽區,057
24.940806,121.361500,三峽,C0AC60,2018-08-27T19:00:00+08:00,55.0,0,0.0,25.3,0.99,999.4,-99,1.0,-99,-99,-99,新北市,06,三峽區,057
24.940806,121.361500,三峽,C0AC60,2018-08-27T20:00:00+08:00,55.0,84,0.3,25.2,0.99,1000.5,-99,2.0,-99,-99,-99,新北市,06,三峽區,057
24.940806,121.361500,三峽,C0AC60,2018-08-27T21:00:00+08:00,55.0,88,0.9,25.0,0.99,1001.0,-99,2.5,-99,-99,-99,新北市,06,三峽區,057
24.940806,121.361500,三峽,C0AC60,2018-08-27T22:00:00+08:00,55.0,87,0.8,25.4,0.99,1000.9,-99,2.5,-99,-99,-99,新北市,06,三峽區,057
24.940806,121.361500,三峽,C0AC60,2018-08-27T23:00:00+08:00,55.0,87,0.4,25.1,0.99,1001.0,-99,2.5,-99,-99,-99,新北市,06,三峽區,057
24.940806,121.361500,三峽,C0AC60,2018-08-28T00:00:00+08:00,55.0,0,0.0,25.1,0.99,1000.7,-99,2.5,-99,-99,-99,新北市,06,三峽區,057
24.940806,121.361500,三峽,C0AC60,2018-08-28T01:00:00+08:00,55.0,176,0.8,24.8,0.99,1000.3,-99,0.0,-99,-99,-99,新北市,06,三峽區,057
24.940806,121.361500,三峽,C0AC60,2018-08-28T02:00:00+08:00,55.0,207,0.8,24.6,0.99,999.8,-99,0.0,-99,-99,-99,新北市,06,三峽區,057
24.940806,121.361500,三峽,C0AC60,2018-08-28T03:00:00+08:00,55.0,200,0.3,24.4,0.99,999.8,-99,0.0,-99,-99,-99,新北市,06,三峽區,057
24.940806,121.361500,三峽,C0AC60,2018-08-28T04:00:00+08:00,55.0,176,0.9,24.6,0.99,999.9,-99,0.0,-99,-99,-99,新北市,06,三峽區,057
24.940806,121.361500,三峽,C0AC60,2018-08-28T05:00:00+08:00,55.0,0,0.0,24.4,0.99,999.9,-99,0.0,-99,-99,-99,新北市,06,三峽區,057
24.940806,121.361500,三峽,C0AC60,2018-08-28T06:00:00+08:00,55.0,0,0.0,24.4,0.99,1000.5,-99,0.0,-99,-99,-99,新北市,06,三峽區,057
24.940806,121.361500,三峽,C0AC60,2018-08-28T07:00:00+08:00,55.0,0,0.0,25.2,0.99,1000.6,-99,0.0,-99,-99,-99,新北市,06,三峽區,057
24.940806,121.361500,三峽,C0AC60,2018-08-28T08:00:00+08:00,55.0,190,0.9,26.2,0.96,1000.9,-99,0.0,-99,-99,-99,新北市,06,三峽區,057
24.940806,121.361500,三峽,C0AC60,2018-08-28T09:00:00+08:00,55.0,0,0.0,29.0,0.81,1001.1,-99,0.0,-99,-99,-99,新北市,06,三峽區,057
24.940806,121.361500,三峽,C0AC60,2018-08-28T10:00:00+08:00,55.0,242,1.0,29.7,0.74,1001.4,-99,0.0,-99,-99,-99,新北市,06,三峽區,057
24.940806,121.361500,三峽,C0AC60,2018-08-28T11:00:00+08:00,55.0,344,1.6,29.8,0.72,1001.1,-99,0.0,-99,-99,-99,新北市,06,三峽區,057
24.940806,121.361500,三峽,C0AC60,2018-08-28T12:00:00+08:00,55.0,0,0.1,30.3,0.69,1000.8,-99,0.0,-99,-99,-99,新北市,06,三峽區,057
24.940806,121.361500,三峽,C0AC60,2018-08-28T13:00:00+08:00,55.0,80,0.7,31.7,0.61,1000.0,-99,0.0,-99,-99,-99,新北市,06,三峽區,057
24.940806,121.361500,三峽,C0AC60,2018-08-28T14:00:00+08:00,55.0,8,1.2,29.5,0.76,999.9,-99,0.0,-99,-99,-99,新北市,06,三峽區,057
24.940806,121.361500,三峽,C0AC60,2018-08-28T15:00:00+08:00,55.0,98,0.8,26.5,0.93,1000.6,-99,0.0,7.1,59,2018-08-28T14:31:00+08:00,新北市,06,三峽區,057
24.940806,121.361500,三峽,C0AC60,2018-08-28T16:00:00+08:00,55.0,243,2.1,26.0,0.97,1001.2,-99,0.0,-99,-99,-99,新北市,06,三峽區,057
24.940806,121.361500,三峽,C0AC60,2018-08-28T17:00:00+08:00,55.0,226,1.6,24.7,0.99,1001.2,-99,4.5,-99,-99,-99,新北市,06,三峽區,057
24.940806,121.361500,三峽,C0AC60,2018-08-28T18:00:00+08:00,55.0,211,1.1,24.7,0.99,1001.4,-99,4.5,-99,-99,-99,新北市,06,三峽區,057
24.940806,121.361500,三峽,C0AC60,2018-08-28T19:00:00+08:00,55.0,0,0.2,24.9,0.99,1001.4,-99,5.5,-99,-99,-99,新北市,06,三峽區,057
24.940806,121.361500,三峽,C0AC60,2018-08-28T20:00:00+08:00,55.0,93,0.4,24.9,0.99,1001.9,-99,6.0,-99,-99,-99,新北市,06,三峽區,057
24.940806,121.361500,三峽,C0AC60,2018-08-28T21:00:00+08:00,55.0,179,0.4,24.8,0.99,1002.4,-99,6.0,-99,-99,-99,新北市,06,三峽區,057
24.940806,121.361500,三峽,C0AC60,2018-08-28T22:00:00+08:00,55.0,0,0.2,24.6,0.99,1002.4,-99,6.0,-99,-99,-99,新北市,06,三峽區,057
24.940806,121.361500,三峽,C0AC60,2018-08-28T23:00:00+08:00,55.0,90,1.5,24.5,0.99,1001.8,-99,6.0,-99,-99,-99,新北市,06,三峽區,057
24.940806,121.361500,三峽,C0AC60,2018-08-29T00:00:00+08:00,55.0,171,0.5,24.6,0.99,1001.6,-99,6.0,-99,-99,-99,新北市,06,三峽區,057
24.940806,121.361500,三峽,C0AC60,2018-08-29T01:00:00+08:00,55.0,0,0.0,24.5,0.99,1001.4,-99,0.0,-99,-99,-99,新北市,06,三峽區,057
24.940806,121.361500,三峽,C0AC60,2018-08-29T02:00:00+08:00,55.0,161,0.3,24.1,0.99,1001.2,-99,0.0,-99,-99,-99,新北市,06,三峽區,057
24.940806,121.361500,三峽,C0AC60,2018-08-29T03:00:00+08:00,55.0,199,0.5,24.2,0.99,1000.9,-99,0.0,-99,-99,-99,新北市,06,三峽區,057
24.940806,121.361500,三峽,C0AC60,2018-08-29T04:00:00+08:00,55.0,228,1.1,24.4,0.99,1001.0,-99,0.0,-99,-99,-99,新北市,06,三峽區,057
24.940806,121.361500,三峽,C0AC60,2018-08-29T05:00:00+08:00,55.0,153,0.6,24.3,0.99,1000.7,-99,0.0,-99,-99,-99,新北市,06,三峽區,057
24.940806,121.361500,三峽,C0AC60,2018-08-29T06:00:00+08:00,55.0,0,0.0,24.3,0.99,1000.9,-99,0.0,-99,-99,-99,新北市,06,三峽區,057
24.940806,121.361500,三峽,C0AC60,2018-08-29T07:00:00+08:00,55.0,163,0.3,24.9,0.98,1001.3,-99,0.0,-99,-99,-99,新北市,06,三峽區,057
24.940806,121.361500,三峽,C0AC60,2018-08-29T08:00:00+08:00,55.0,0,0.0,26.6,0.93,1001.6,-99,0.0,-99,-99,-99,新北市,06,三峽區,057
24.940806,121.361500,三峽,C0AC60,2018-08-29T09:00:00+08:00,55.0,0,0.2,26.6,0.92,1002.0,-99,0.0,-99,-99,-99,新北市,06,三峽區,057
24.940806,121.361500,三峽,C0AC60,2018-08-29T10:00:00+08:00,55.0,0,0.0,28.8,0.83,1002.1,-99,0.0,-99,-99,-99,新北市,06,三峽區,057
24.940806,121.361500,三峽,C0AC60,2018-08-29T11:00:00+08:00,55.0,0,0.2,30.2,0.72,1001.5,-99,0.0,-99,-99,-99,新北市,06,三峽區,057
24.940806,121.361500,三峽,C0AC60,2018-08-29T12:00:00+08:00,55.0,0,0.1,30.6,0.66,1001.1,-99,0.0,-99,-99,-99,新北市,06,三峽區,057
24.940806,121.361500,三峽,C0AC60,2018-08-29T13:00:00+08:00,55.0,0,0.0,30.2,0.72,1000.6,-99,0.0,-99,-99,-99,新北市,06,三峽區,057
24.940806,121.361500,三峽,C0AC60,2018-08-29T14:00:00+08:00,55.0,311,1.2,28.8,0.89,1000.1,-99,0.0,-99,-99,-99,新北市,06,三峽區,057
24.940806,121.361500,三峽,C0AC60,2018-08-29T15:00:00+08:00,55.0,70,0.4,28.1,0.93,1000.3,-99,0.0,-99,-99,-99,新北市,06,三峽區,057
24.940806,121.361500,三峽,C0AC60,2018-08-29T16:00:00+08:00,55.0,75,1.3,27.3,0.97,1000.7,-99,3.5,-99,-99,-99,新北市,06,三峽區,057
24.940806,121.361500,三峽,C0AC60,2018-08-29T17:00:00+08:00,55.0,282,1.1,25.2,0.99,1001.6,-99,5.0,-99,-99,-99,新北市,06,三峽區,057
24.940806,121.361500,三峽,C0AC60,2018-08-29T18:00:00+08:00,55.0,0,0.2,23.8,0.99,1001.9,-99,23.0,-99,-99,-99,新北市,06,三峽區,057
24.940806,121.361500,三峽,C0AC60,2018-08-29T19:00:00+08:00,55.0,0,0.2,24.1,0.99,1002.2,-99,25.0,-99,-99,-99,新北市,06,三峽區,057
24.940806,121.361500,三峽,C0AC60,2018-08-29T20:00:00+08:00,55.0,0,0.0,24.2,0.99,1002.9,-99,25.0,-99,-99,-99,新北市,06,三峽區,057
24.940806,121.361500,三峽,C0AC60,2018-08-29T21:00:00+08:00,55.0,0,0.1,24.2,0.99,1003.6,-99,25.0,-99,-99,-99,新北市,06,三峽區,057
24.940806,121.361500,三峽,C0AC60,2018-08-30T00:00:00+08:00,55.0,0,0.0,24.1,0.99,1003.6,-99,25.0,-99,-99,-99,新北市,06,三峽區,057
24.940806,121.361500,三峽,C0AC60,2018-08-30T03:00:00+08:00,55.0,184,0.3,23.7,0.99,1003.0,-99,0.0,-99,-99,-99,新北市,06,三峽區,057
24.940806,121.361500,三峽,C0AC60,2018-08-30T04:00:00+08:00,55.0,176,0.4,23.6,0.99,1003.2,-99,0.0,-99,-99,-99,新北市,06,三峽區,057
24.940806,121.361500,三峽,C0AC60,2018-08-30T05:00:00+08:00,55.0,155,0.8,23.5,0.99,1003.3,-99,0.0,-99,-99,-99,新北市,06,三峽區,057
24.940806,121.361500,三峽,C0AC60,2018-08-30T06:00:00+08:00,55.0,182,0.6,23.6,0.99,1003.5,-99,0.0,-99,-99,-99,新北市,06,三峽區,057
24.940806,121.361500,三峽,C0AC60,2018-08-30T07:00:00+08:00,55.0,182,0.3,24.3,0.99,1003.7,-99,0.0,-99,-99,-99,新北市,06,三峽區,057
24.940806,121.361500,三峽,C0AC60,2018-08-30T08:00:00+08:00,55.0,0,0.2,25.9,0.94,1004.0,-99,0.0,-99,-99,-99,新北市,06,三峽區,057
24.940806,121.361500,三峽,C0AC60,2018-08-30T09:00:00+08:00,55.0,0,0.2,27.0,0.91,1004.7,-99,0.0,-99,-99,-99,新北市,06,三峽區,057
24.940806,121.361500,三峽,C0AC60,2018-08-30T10:00:00+08:00,55.0,0,0.2,29.2,0.81,1004.6,-99,0.0,-99,-99,-99,新北市,06,三峽區,057
24.940806,121.361500,三峽,C0AC60,2018-08-30T11:00:00+08:00,55.0,0,0.0,30.2,0.73,1004.7,-99,0.0,-99,-99,-99,新北市,06,三峽區,057
24.940806,121.361500,三峽,C0AC60,2018-08-30T12:00:00+08:00,55.0,331,0.8,30.8,0.65,1004.3,-99,0.0,-99,-99,-99,新北市,06,三峽區,057
24.940806,121.361500,三峽,C0AC60,2018-08-30T13:00:00+08:00,55.0,27,0.7,31.7,0.58,1003.9,-99,0.0,-99,-99,-99,新北市,06,三峽區,057
24.940806,121.361500,三峽,C0AC60,2018-08-30T16:00:00+08:00,55.0,329,1.1,25.4,0.99,1005.0,-99,5.0,-99,-99,-99,新北市,06,三峽區,057
24.940806,121.361500,三峽,C0AC60,2018-08-30T17:00:00+08:00,55.0,94,1.1,25.0,0.99,1004.9,-99,8.0,-99,-99,-99,新北市,06,三峽區,057
24.940806,121.361500,三峽,C0AC60,2018-08-30T18:00:00+08:00,55.0,90,0.7,25.1,0.99,1004.8,-99,8.0,-99,-99,-99,新北市,06,三峽區,057
24.940806,121.361500,三峽,C0AC60,2018-08-30T19:00:00+08:00,55.0,96,0.6,25.2,0.99,1005.4,-99,8.5,-99,-99,-99,新北市,06,三峽區,057
24.940806,121.361500,三峽,C0AC60,2018-08-30T20:00:00+08:00,55.0,89,1.1,24.7,0.99,1006.3,-99,10.5,-99,-99,-99,新北市,06,三峽區,057
24.940806,121.361500,三峽,C0AC60,2018-08-30T21:00:00+08:00,55.0,0,0.0,24.4,0.99,1006.4,-99,12.0,-99,-99,-99,新北市,06,三峽區,057
24.940806,121.361500,三峽,C0AC60,2018-08-30T22:00:00+08:00,55.0,168,0.3,24.2,0.99,1006.9,-99,12.0,-99,-99,-99,新北市,06,三峽區,057
24.940806,121.361500,三峽,C0AC60,2018-08-30T23:00:00+08:00,55.0,193,1.0,23.9,0.99,1007.3,-99,12.0,-99,-99,-99,新北市,06,三峽區,057
24.940806,121.361500,三峽,C0AC60,2018-08-31T00:00:00+08:00,55.0,0,0.0,23.8,0.99,1007.3,-99,12.0,-99,-99,-99,新北市,06,三峽區,057
24.940806,121.361500,三峽,C0AC60,2018-08-31T01:00:00+08:00,55.0,156,0.8,23.9,0.99,1006.9,-99,0.0,-99,-99,-99,新北市,06,三峽區,057
24.940806,121.361500,三峽,C0AC60,2018-08-31T02:00:00+08:00,55.0,217,0.5,23.8,0.99,1006.5,-99,0.0,-99,-99,-99,新北市,06,三峽區,057
24.940806,121.361500,三峽,C0AC60,2018-08-31T03:00:00+08:00,55.0,0,0.2,23.8,0.99,1006.3,-99,0.0,-99,-99,-99,新北市,06,三峽區,057
24.940806,121.361500,三峽,C0AC60,2018-08-31T04:00:00+08:00,55.0,0,0.0,23.8,0.99,1006.1,-99,0.0,-99,-99,-99,新北市,06,三峽區,057
24.940806,121.361500,三峽,C0AC60,2018-08-31T05:00:00+08:00,55.0,0,0.1,23.7,0.99,1006.2,-99,0.0,-99,-99,-99,新北市,06,三峽區,057
24.940806,121.361500,三峽,C0AC60,2018-08-31T06:00:00+08:00,55.0,157,0.7,23.9,0.99,1006.9,-99,0.0,-99,-99,-99,新北市,06,三峽區,057
24.940806,121.361500,三峽,C0AC60,2018-08-31T07:00:00+08:00,55.0,163,0.6,24.4,0.98,1007.3,-99,0.0,-99,-99,-99,新北市,06,三峽區,057
24.940806,121.361500,三峽,C0AC60,2018-08-31T08:00:00+08:00,55.0,86,1.3,25.9,0.93,1007.2,-99,0.0,-99,-99,-99,新北市,06,三峽區,057
24.940806,121.361500,三峽,C0AC60,2018-08-31T09:00:00+08:00,55.0,77,1.3,28.2,0.85,1007.1,-99,0.0,-99,-99,-99,新北市,06,三峽區,057
24.940806,121.361500,三峽,C0AC60,2018-08-31T10:00:00+08:00,55.0,92,1.4,31.4,0.61,1006.9,-99,0.0,-99,-99,-99,新北市,06,三峽區,057
24.940806,121.361500,三峽,C0AC60,2018-08-31T11:00:00+08:00,55.0,86,0.7,32.6,0.52,1006.4,-99,0.0,-99,-99,-99,新北市,06,三峽區,057
24.940806,121.361500,三峽,C0AC60,2018-08-31T12:00:00+08:00,55.0,83,1.2,33.3,0.49,1006.0,-99,0.0,-99,-99,-99,新北市,06,三峽區,057
24.940806,121.361500,三峽,C0AC60,2018-08-31T13:00:00+08:00,55.0,331,1.8,31.2,0.68,1005.6,-99,0.0,-99,-99,-99,新北市,06,三峽區,057
24.940806,121.361500,三峽,C0AC60,2018-08-31T14:00:00+08:00,55.0,346,2.6,30.2,0.65,1005.1,-99,0.0,-99,-99,-99,新北市,06,三峽區,057
24.940806,121.361500,三峽,C0AC60,2018-08-31T15:00:00+08:00,55.0,90,1.3,30.1,0.66,1005.4,-99,0.0,-99,-99,-99,新北市,06,三峽區,057
24.940806,121.361500,三峽,C0AC60,2018-08-31T16:00:00+08:00,55.0,91,1.8,28.1,0.82,1005.5,-99,0.0,-99,-99,-99,新北市,06,三峽區,057
24.940806,121.361500,三峽,C0AC60,2018-08-31T17:00:00+08:00,55.0,91,1.4,27.1,0.9,1005.6,-99,0.0,-99,-99,-99,新北市,06,三峽區,057
24.940806,121.361500,三峽,C0AC60,2018-08-31T18:00:00+08:00,55.0,0,0.0,26.9,0.92,1005.8,-99,0.0,-99,-99,-99,新北市,06,三峽區,057
24.940806,121.361500,三峽,C0AC60,2018-08-31T19:00:00+08:00,55.0,214,0.3,26.3,0.92,1006.3,-99,0.0,-99,-99,-99,新北市,06,三峽區,057
24.940806,121.361500,三峽,C0AC60,2018-08-31T20:00:00+08:00,55.0,184,0.7,25.9,0.93,1006.7,-99,0.0,-99,-99,-99,新北市,06,三峽區,057
24.940806,121.361500,三峽,C0AC60,2018-08-31T21:00:00+08:00,55.0,0,0.2,25.6,0.94,1007.3,-99,0.0,-99,-99,-99,新北市,06,三峽區,057
24.940806,121.361500,三峽,C0AC60,2018-08-31T22:00:00+08:00,55.0,208,0.9,25.3,0.95,1007.3,-99,0.0,-99,-99,-99,新北市,06,三峽區,057
24.940806,121.361500,三峽,C0AC60,2018-08-31T23:00:00+08:00,55.0,198,0.3,25.3,0.95,1007.2,-99,0.0,-99,-99,-99,新北市,06,三峽區,057
