24.940806,121.361500,三峽,C0AC60,2018-09-01T00:00:00+08:00,55.0,0,0.1,25.2,0.95,1007.1,-99,0.0,-99,-99,-99,新北市,06,三峽區,057
24.940806,121.361500,三峽,C0AC60,2018-09-01T01:00:00+08:00,55.0,208,0.5,25.1,0.94,1006.9,-99,0.0,-99,-99,-99,新北市,06,三峽區,057
24.940806,121.361500,三峽,C0AC60,2018-09-01T02:00:00+08:00,55.0,210,0.5,24.7,0.98,1006.4,-99,0.0,-99,-99,-99,新北市,06,三峽區,057
24.940806,121.361500,三峽,C0AC60,2018-09-01T03:00:00+08:00,55.0,172,1.2,24.9,0.95,1005.7,-99,0.0,-99,-99,-99,新北市,06,三峽區,057
24.940806,121.361500,三峽,C0AC60,2018-09-01T04:00:00+08:00,55.0,164,0.6,24.6,0.96,1005.3,-99,0.0,-99,-99,-99,新北市,06,三峽區,057
24.940806,121.361500,三峽,C0AC60,2018-09-01T05:00:00+08:00,55.0,187,0.5,24.2,0.98,1005.4,-99,0.0,-99,-99,-99,新北市,06,三峽區,057
24.940806,121.361500,三峽,C0AC60,2018-09-01T06:00:00+08:00,55.0,0,0.2,24.5,0.96,1005.5,-99,0.0,-99,-99,-99,新北市,06,三峽區,057
24.940806,121.361500,三峽,C0AC60,2018-09-01T07:00:00+08:00,55.0,174,0.9,25.0,0.94,1005.6,-99,0.0,-99,-99,-99,新北市,06,三峽區,057
24.940806,121.361500,三峽,C0AC60,2018-09-01T08:00:00+08:00,55.0,88,0.8,26.6,0.9,1005.8,-99,0.0,-99,-99,-99,新北市,06,三峽區,057
24.940806,121.361500,三峽,C0AC60,2018-09-01T09:00:00+08:00,55.0,0,0.0,28.4,0.83,1005.8,-99,0.0,-99,-99,-99,新北市,06,三峽區,057
24.940806,121.361500,三峽,C0AC60,2018-09-01T10:00:00+08:00,55.0,98,1.1,30.8,0.65,1005.8,-99,0.0,-99,-99,-99,新北市,06,三峽區,057
24.940806,121.361500,三峽,C0AC60,2018-09-01T11:00:00+08:00,55.0,348,0.4,30.8,0.64,1005.4,-99,0.0,-99,-99,-99,新北市,06,三峽區,057
24.940806,121.361500,三峽,C0AC60,2018-09-01T12:00:00+08:00,55.0,275,1.4,30.8,0.64,1004.8,-99,0.0,-99,-99,-99,新北市,06,三峽區,057
24.940806,121.361500,三峽,C0AC60,2018-09-01T13:00:00+08:00,55.0,317,1.1,33.0,0.56,1004.1,-99,0.0,-99,-99,-99,新北市,06,三峽區,057
24.940806,121.361500,三峽,C0AC60,2018-09-01T14:00:00+08:00,55.0,287,0.6,31.3,0.68,1003.2,-99,0.0,-99,-99,-99,新北市,06,三峽區,057
24.940806,121.361500,三峽,C0AC60,2018-09-01T15:00:00+08:00,55.0,271,0.6,32.1,0.63,1002.4,-99,0.0,-99,-99,-99,新北市,06,三峽區,057
24.940806,121.361500,三峽,C0AC60,2018-09-01T16:00:00+08:00,55.0,89,1.9,30.6,0.67,1002.6,-99,0.0,-99,-99,-99,新北市,06,三峽區,057
24.940806,121.361500,三峽,C0AC60,2018-09-01T18:00:00+08:00,55.0,0,0.2,25.8,0.99,1003.5,-99,7.0,-99,-99,-99,新北市,06,三峽區,057
24.940806,121.361500,三峽,C0AC60,2018-09-01T19:00:00+08:00,55.0,219,1.9,25.2,0.96,1003.6,-99,7.0,-99,-99,-99,新北市,06,三峽區,057
24.940806,121.361500,三峽,C0AC60,2018-09-01T20:00:00+08:00,55.0,208,0.9,25.5,0.96,1004.0,-99,7.0,-99,-99,-99,新北市,06,三峽區,057
24.940806,121.361500,三峽,C0AC60,2018-09-01T21:00:00+08:00,55.0,0,0.2,25.9,0.9,1004.3,-99,7.0,-99,-99,-99,新北市,06,三峽區,057
24.940806,121.361500,三峽,C0AC60,2018-09-01T22:00:00+08:00,55.0,188,0.4,25.1,0.95,1004.5,-99,7.0,-99,-99,-99,新北市,06,三峽區,057
24.940806,121.361500,三峽,C0AC60,2018-09-01T23:00:00+08:00,55.0,198,0.3,24.8,0.96,1004.2,-99,7.0,-99,-99,-99,新北市,06,三峽區,057
24.940806,121.361500,三峽,C0AC60,2018-09-02T00:00:00+08:00,55.0,200,0.5,24.7,0.94,1003.9,-99,7.0,-99,-99,-99,新北市,06,三峽區,057
24.940806,121.361500,三峽,C0AC60,2018-09-02T01:00:00+08:00,55.0,205,0.4,24.6,0.95,1003.8,-99,0.0,-99,-99,-99,新北市,06,三峽區,057
24.940806,121.361500,三峽,C0AC60,2018-09-02T02:00:00+08:00,55.0,0,0.0,24.4,0.96,1003.4,-99,0.0,-99,-99,-99,新北市,06,三峽區,057
24.940806,121.361500,三峽,C0AC60,2018-09-02T03:00:00+08:00,55.0,216,0.5,24.4,0.95,1002.9,-99,0.0,-99,-99,-99,新北市,06,三峽區,057
24.940806,121.361500,三峽,C0AC60,2018-09-02T04:00:00+08:00,55.0,0,0.2,24.3,0.96,1002.6,-99,0.0,-99,-99,-99,新北市,06,三峽區,057
24.940806,121.361500,三峽,C0AC60,2018-09-02T05:00:00+08:00,55.0,170,1.0,23.9,0.99,1002.6,-99,0.0,-99,-99,-99,新北市,06,三峽區,057
24.940806,121.361500,三峽,C0AC60,2018-09-02T06:00:00+08:00,55.0,215,0.6,23.8,0.98,1002.6,-99,0.0,-99,-99,-99,新北市,06,三峽區,057
24.940806,121.361500,三峽,C0AC60,2018-09-02T07:00:00+08:00,55.0,0,0.2,25.3,0.94,1002.8,-99,0.0,-99,-99,-99,新北市,06,三峽區,057
24.940806,121.361500,三峽,C0AC60,2018-09-02T08:00:00+08:00,55.0,0,0.0,27.0,0.86,1002.9,-99,0.0,-99,-99,-99,新北市,06,三峽區,057
24.940806,121.361500,三峽,C0AC60,2018-09-02T09:00:00+08:00,55.0,101,0.5,29.4,0.73,1003.0,-99,0.0,-99,-99,-99,新北市,06,三峽區,057
24.940806,121.361500,三峽,C0AC60,2018-09-02T10:00:00+08:00,55.0,308,1.4,30.1,0.68,1002.5,-99,0.0,-99,-99,-99,新北市,06,三峽區,057
24.940806,121.361500,三峽,C0AC60,2018-09-02T11:00:00+08:00,55.0,294,1.1,31.6,0.58,1002.1,-99,0.0,-99,-99,-99,新北市,06,三峽區,057
24.940806,121.361500,三峽,C0AC60,2018-09-02T12:00:00+08:00,55.0,255,1.1,32.9,0.54,1001.3,-99,0.0,-99,-99,-99,新北市,06,三峽區,057
24.940806,121.361500,三峽,C0AC60,2018-09-02T13:00:00+08:00,55.0,314,1.7,32.5,0.59,1000.7,-99,0.0,-99,-99,-99,新北市,06,三峽區,057
24.940806,121.361500,三峽,C0AC60,2018-09-02T14:00:00+08:00,55.0,342,1.8,32.3,0.61,1000.0,-99,0.0,-99,-99,-99,新北市,06,三峽區,057
24.940806,121.361500,三峽,C0AC60,2018-09-02T15:00:00+08:00,55.0,299,1.5,32.6,0.59,999.5,-99,0.0,-99,-99,-99,新北市,06,三峽區,057
24.940806,121.361500,三峽,C0AC60,2018-09-02T16:00:00+08:00,55.0,266,0.7,32.5,0.58,999.5,-99,0.0,-99,-99,-99,新北市,06,三峽區,057
24.940806,121.361500,三峽,C0AC60,2018-09-02T17:00:00+08:00,55.0,88,1.4,30.8,0.7,999.9,-99,0.0,-99,-99,-99,新北市,06,三峽區,057
24.940806,121.361500,三峽,C0AC60,2018-09-02T18:00:00+08:00,55.0,86,1.2,30.8,0.68,1000.0,-99,0.0,-99,-99,-99,新北市,06,三峽區,057
24.940806,121.361500,三峽,C0AC60,2018-09-02T19:00:00+08:00,55.0,165,0.8,28.8,0.81,1000.4,-99,0.0,-99,-99,-99,新北市,06,三峽區,057
24.940806,121.361500,三峽,C0AC60,2018-09-02T20:00:00+08:00,55.0,204,0.4,27.5,0.91,1000.8,-99,0.0,-99,-99,-99,新北市,06,三峽區,057
24.940806,121.361500,三峽,C0AC60,2018-09-02T21:00:00+08:00,55.0,219,0.3,26.9,0.93,1001.2,-99,0.0,-99,-99,-99,新北市,06,三峽區,057
24.940806,121.361500,三峽,C0AC60,2018-09-02T22:00:00+08:00,55.0,173,0.5,26.7,0.91,1001.4,-99,0.0,-99,-99,-99,新北市,06,三峽區,057
24.940806,121.361500,三峽,C0AC60,2018-09-02T23:00:00+08:00,55.0,218,1.9,26.1,0.88,1001.3,-99,0.0,-99,-99,-99,新北市,06,三峽區,057
24.940806,121.361500,三峽,C0AC60,2018-09-03T00:00:00+08:00,55.0,210,1.7,25.6,0.88,1001.4,-99,0.0,-99,-99,-99,新北市,06,三峽區,057
24.940806,121.361500,三峽,C0AC60,2018-09-03T01:00:00+08:00,55.0,185,0.9,24.8,0.96,1001.2,-99,0.0,-99,-99,-99,新北市,06,三峽區,057
24.940806,121.361500,三峽,C0AC60,2018-09-03T02:00:00+08:00,55.0,196,0.9,24.8,0.93,1000.8,-99,0.0,-99,-99,-99,新北市,06,三峽區,057
24.940806,121.361500,三峽,C0AC60,2018-09-03T03:00:00+08:00,55.0,0,0.1,24.5,0.96,1000.1,-99,0.0,-99,-99,-99,新北市,06,三峽區,057
24.940806,121.361500,三峽,C0AC60,2018-09-03T05:00:00+08:00,55.0,215,0.8,23.7,0.98,1000.5,-99,0.0,-99,-99,-99,新北市,06,三峽區,057
24.940806,121.361500,三峽,C0AC60,2018-09-03T06:00:00+08:00,55.0,191,0.7,24.0,0.94,1000.8,-99,0.0,-99,-99,-99,新北市,06,三峽區,057
24.940806,121.361500,三峽,C0AC60,2018-09-03T07:00:00+08:00,55.0,199,0.8,24.9,0.89,1001.0,-99,0.0,-99,-99,-99,新北市,06,三峽區,057
24.940806,121.361500,三峽,C0AC60,2018-09-03T08:00:00+08:00,55.0,0,0.2,27.9,0.72,1001.0,-99,0.0,-99,-99,-99,新北市,06,三峽區,057
24.940806,121.361500,三峽,C0AC60,2018-09-03T09:00:00+08:00,55.0,240,0.8,29.9,0.63,1001.0,-99,0.0,-99,-99,-99,新北市,06,三峽區,057
24.940806,121.361500,三峽,C0AC60,2018-09-03T10:00:00+08:00,55.0,257,1.4,31.4,0.56,1000.8,-99,0.0,-99,-99,-99,新北市,06,三峽區,057
24.940806,121.361500,三峽,C0AC60,2018-09-03T11:00:00+08:00,55.0,252,1.8,32.4,0.52,1000.1,-99,0.0,-99,-99,-99,新北市,06,三峽區,057
24.940806,121.361500,三峽,C0AC60,2018-09-03T12:00:00+08:00,55.0,285,2.2,33.4,0.48,999.1,-99,0.0,-99,-99,-99,新北市,06,三峽區,057
24.940806,121.361500,三峽,C0AC60,2018-09-03T13:00:00+08:00,55.0,251,2.3,33.9,0.45,998.4,-99,0.0,-99,-99,-99,新北市,06,三峽區,057
24.940806,121.361500,三峽,C0AC60,2018-09-03T14:00:00+08:00,55.0,293,1.9,34.0,0.48,998.0,-99,0.0,8.2,231,2018-09-03T13:08:00+08:00,新北市,06,三峽區,057
24.940806,121.361500,三峽,C0AC60,2018-09-03T15:00:00+08:00,55.0,312,2.9,33.2,0.51,997.5,-99,0.0,8.2,313,2018-09-03T14:33:00+08:00,新北市,06,三峽區,057
24.940806,121.361500,三峽,C0AC60,2018-09-03T16:00:00+08:00,55.0,248,2.7,32.5,0.57,997.5,-99,0.0,-99,-99,-99,新北市,06,三峽區,057
24.940806,121.361500,三峽,C0AC60,2018-09-03T17:00:00+08:00,55.0,266,1.5,31.9,0.6,997.5,-99,0.0,-99,-99,-99,新北市,06,三峽區,057
24.940806,121.361500,三峽,C0AC60,2018-09-03T18:00:00+08:00,55.0,239,1.2,30.6,0.67,997.5,-99,0.0,-99,-99,-99,新北市,06,三峽區,057
24.940806,121.361500,三峽,C0AC60,2018-09-03T19:00:00+08:00,55.0,238,2.0,29.4,0.73,997.7,-99,0.0,-99,-99,-99,新北市,06,三峽區,057
24.940806,121.361500,三峽,C0AC60,2018-09-03T20:00:00+08:00,55.0,232,1.8,28.8,0.74,998.4,-99,0.0,-99,-99,-99,新北市,06,三峽區,057
24.940806,121.361500,三峽,C0AC60,2018-09-03T21:00:00+08:00,55.0,249,1.8,28.3,0.78,999.0,-99,0.0,-99,-99,-99,新北市,06,三峽區,057
24.940806,121.361500,三峽,C0AC60,2018-09-03T22:00:00+08:00,55.0,204,0.4,27.1,0.91,999.0,-99,0.0,-99,-99,-99,新北市,06,三峽區,057
24.940806,121.361500,三峽,C0AC60,2018-09-03T23:00:00+08:00,55.0,205,0.5,26.4,0.94,998.3,-99,0.0,-99,-99,-99,新北市,06,三峽區,057
24.940806,121.361500,三峽,C0AC60,2018-09-04T00:00:00+08:00,55.0,188,0.5,25.8,0.95,998.2,-99,0.0,-99,-99,-99,新北市,06,三峽區,057
24.940806,121.361500,三峽,C0AC60,2018-09-04T01:00:00+08:00,55.0,202,1.0,25.6,0.94,998.2,-99,0.0,-99,-99,-99,新北市,06,三峽區,057
24.940806,121.361500,三峽,C0AC60,2018-09-04T02:00:00+08:00,55.0,0,0.0,25.4,0.96,997.7,-99,0.0,-99,-99,-99,新北市,06,三峽區,057
24.940806,121.361500,三峽,C0AC60,2018-09-04T03:00:00+08:00,55.0,199,1.1,24.9,0.94,997.7,-99,0.0,-99,-99,-99,新北市,06,三峽區,057
24.940806,121.361500,三峽,C0AC60,2018-09-04T04:00:00+08:00,55.0,0,0.2,24.9,0.97,997.7,-99,0.0,-99,-99,-99,新北市,06,三峽區,057
24.940806,121.361500,三峽,C0AC60,2018-09-04T05:00:00+08:00,55.0,0,0.0,25.1,0.92,997.9,-99,0.0,-99,-99,-99,新北市,06,三峽區,057
24.940806,121.361500,三峽,C0AC60,2018-09-04T07:00:00+08:00,55.0,181,0.4,25.9,0.85,998.6,-99,0.0,-99,-99,-99,新北市,06,三峽區,057
24.940806,121.361500,三峽,C0AC60,2018-09-04T08:00:00+08:00,55.0,197,1.5,27.8,0.74,998.8,-99,0.0,-99,-99,-99,新北市,06,三峽區,057
24.940806,121.361500,三峽,C0AC60,2018-09-04T09:00:00+08:00,55.0,263,1.1,30.4,0.62,999.2,-99,0.0,-99,-99,-99,新北市,06,三峽區,057
24.940806,121.361500,三峽,C0AC60,2018-09-04T10:00:00+08:00,55.0,235,1.4,31.9,0.59,999.2,-99,0.0,-99,-99,-99,新北市,06,三峽區,057
24.940806,121.361500,三峽,C0AC60,2018-09-04T11:00:00+08:00,55.0,227,2.4,33.1,0.55,998.5,-99,0.0,-99,-99,-99,新北市,06,三峽區,057
24.940806,121.361500,三峽,C0AC60,2018-09-04T12:00:00+08:00,55.0,263,2.4,34.6,0.48,997.7,-99,0.0,-99,-99,-99,新北市,06,三峽區,057
24.940806,121.361500,三峽,C0AC60,2018-09-04T13:00:00+08:00,55.0,266,2.0,35.2,0.45,997.1,-99,0.0,-99,-99,-99,新北市,06,三峽區,057
24.940806,121.361500,三峽,C0AC60,2018-09-04T14:00:00+08:00,55.0,315,1.6,35.7,0.46,996.6,-99,0.0,-99,-99,-99,新北市,06,三峽區,057
24.940806,121.361500,三峽,C0AC60,2018-09-04T15:00:00+08:00,55.0,290,0.7,35.0,0.57,996.1,-99,0.0,-99,-99,-99,新北市,06,三峽區,057
24.940806,121.361500,三峽,C0AC60,2018-09-04T16:00:00+08:00,55.0,312,2.2,33.7,0.62,996.5,-99,0.0,-99,-99,-99,新北市,06,三峽區,057
24.940806,121.361500,三峽,C0AC60,2018-09-04T17:00:00+08:00,55.0,306,1.7,32.8,0.65,997.1,-99,0.0,-99,-99,-99,新北市,06,三峽區,057
24.940806,121.361500,三峽,C0AC60,2018-09-04T18:00:00+08:00,55.0,0,0.1,31.4,0.73,997.9,-99,0.0,-99,-99,-99,新北市,06,三峽區,057
24.940806,121.361500,三峽,C0AC60,2018-09-04T19:00:00+08:00,55.0,0,0.0,31.1,0.73,998.4,-99,0.0,-99,-99,-99,新北市,06,三峽區,057
24.940806,121.361500,三峽,C0AC60,2018-09-04T20:00:00+08:00,55.0,87,0.8,30.8,0.68,999.3,-99,0.0,-99,-99,-99,新北市,06,三峽區,057
24.940806,121.361500,三峽,C0AC60,2018-09-04T21:00:00+08:00,55.0,88,0.4,30.0,0.74,999.6,-99,0.0,-99,-99,-99,新北市,06,三峽區,057
24.940806,121.361500,三峽,C0AC60,2018-09-04T22:00:00+08:00,55.0,164,0.8,28.7,0.86,999.9,-99,0.0,-99,-99,-99,新北市,06,三峽區,057
24.940806,121.361500,三峽,C0AC60,2018-09-05T01:00:00+08:00,55.0,221,0.5,27.2,0.9,999.5,-99,0.0,-99,-99,-99,新北市,06,三峽區,057
24.940806,121.361500,三峽,C0AC60,2018-09-05T00:00:00+08:00,55.0,207,0.9,27.1,0.93,999.7,-99,0.0,-99,-99,-99,新北市,06,三峽區,057
24.940806,121.361500,三峽,C0AC60,2018-09-05T02:00:00+08:00,55.0,178,1.3,26.9,0.9,999.2,-99,0.0,-99,-99,-99,新北市,06,三峽區,057
24.940806,121.361500,三峽,C0AC60,2018-09-05T03:00:00+08:00,55.0,0,0.0,26.8,0.91,999.2,-99,0.0,-99,-99,-99,新北市,06,三峽區,057
24.940806,121.361500,三峽,C0AC60,2018-09-05T04:00:00+08:00,55.0,174,1.3,26.4,0.91,999.4,-99,0.0,-99,-99,-99,新北市,06,三峽區,057
24.940806,121.361500,三峽,C0AC60,2018-09-05T05:00:00+08:00,55.0,204,0.3,25.8,0.93,999.7,-99,0.0,-99,-99,-99,新北市,06,三峽區,057
24.940806,121.361500,三峽,C0AC60,2018-09-05T06:00:00+08:00,55.0,0,0.2,26.0,0.93,999.9,-99,0.0,-99,-99,-99,新北市,06,三峽區,057
24.940806,121.361500,三峽,C0AC60,2018-09-05T07:00:00+08:00,55.0,0,0.0,26.9,0.89,1000.2,-99,0.0,-99,-99,-99,新北市,06,三峽區,057
24.940806,121.361500,三峽,C0AC60,2018-09-05T08:00:00+08:00,55.0,173,0.7,28.6,0.82,1000.7,-99,0.0,-99,-99,-99,新北市,06,三峽區,057
24.940806,121.361500,三峽,C0AC60,2018-09-05T09:00:00+08:00,55.0,0,0.1,30.2,0.72,1000.6,-99,0.0,-99,-99,-99,新北市,06,三峽區,057
24.940806,121.361500,三峽,C0AC60,2018-09-05T10:00:00+08:00,55.0,0,0.0,32.7,0.58,1000.8,-99,0.0,-99,-99,-99,新北市,06,三峽區,057
24.940806,121.361500,三峽,C0AC60,2018-09-05T11:00:00+08:00,55.0,334,0.9,33.4,0.54,1000.5,-99,0.0,-99,-99,-99,新北市,06,三峽區,057
24.940806,121.361500,三峽,C0AC60,2018-09-05T12:00:00+08:00,55.0,339,1.1,32.0,0.68,999.8,-99,0.0,-99,-99,-99,新北市,06,三峽區,057
24.940806,121.361500,三峽,C0AC60,2018-09-05T13:00:00+08:00,55.0,330,0.9,33.6,0.59,998.9,-99,0.0,-99,-99,-99,新北市,06,三峽區,057
24.940806,121.361500,三峽,C0AC60,2018-09-05T14:00:00+08:00,55.0,327,2.2,32.4,0.66,998.6,-99,0.0,-99,-99,-99,新北市,06,三峽區,057
24.940806,121.361500,三峽,C0AC60,2018-09-05T15:00:00+08:00,55.0,205,0.6,27.9,0.96,999.0,-99,1.0,7.7,344,2018-09-05T14:02:00+08:00,新北市,06,三峽區,057
24.940806,121.361500,三峽,C0AC60,2018-09-05T16:00:00+08:00,55.0,90,1.3,27.9,0.96,999.0,-99,2.5,-99,-99,-99,新北市,06,三峽區,057
24.940806,121.361500,三峽,C0AC60,2018-09-05T17:00:00+08:00,55.0,0,0.2,27.7,0.99,998.7,-99,3.0,-99,-99,-99,新北市,06,三峽區,057
24.940806,121.361500,三峽,C0AC60,2018-09-05T18:00:00+08:00,55.0,94,0.3,27.8,0.96,998.7,-99,3.0,-99,-99,-99,新北市,06,三峽區,057
24.940806,121.361500,三峽,C0AC60,2018-09-05T19:00:00+08:00,55.0,186,0.5,27.5,0.98,999.2,-99,3.0,-99,-99,-99,新北市,06,三峽區,057
24.940806,121.361500,三峽,C0AC60,2018-09-05T20:00:00+08:00,55.0,170,0.9,26.8,0.99,999.8,-99,3.0,-99,-99,-99,新北市,06,三峽區,057
24.940806,121.361500,三峽,C0AC60,2018-09-05T21:00:00+08:00,55.0,162,1.2,26.6,0.98,1000.6,-99,3.0,-99,-99,-99,新北市,06,三峽區,057
24.940806,121.361500,三峽,C0AC60,2018-09-05T22:00:00+08:00,55.0,161,0.4,26.0,0.99,1001.1,-99,3.0,-99,-99,-99,新北市,06,三峽區,057
24.940806,121.361500,三峽,C0AC60,2018-09-05T23:00:00+08:00,55.0,164,1.4,25.9,0.98,1001.0,-99,3.0,-99,-99,-99,新北市,06,三峽區,057
24.940806,121.361500,三峽,C0AC60,2018-09-06T00:00:00+08:00,55.0,171,1.0,26.0,0.98,1001.1,-99,3.0,-99,-99,-99,新北市,06,三峽區,057
24.940806,121.361500,三峽,C0AC60,2018-09-06T01:00:00+08:00,55.0,208,0.8,25.8,0.97,1000.8,-99,0.0,-99,-99,-99,新北市,06,三峽區,057
24.940806,121.361500,三峽,C0AC60,2018-09-06T02:00:00+08:00,55.0,154,1.0,25.8,0.97,1000.5,-99,0.0,-99,-99,-99,新北市,06,三峽區,057
24.940806,121.361500,三峽,C0AC60,2018-09-06T03:00:00+08:00,55.0,181,0.5,25.8,0.96,999.8,-99,0.0,-99,-99,-99,新北市,06,三峽區,057
24.940806,121.361500,三峽,C0AC60,2018-09-06T04:00:00+08:00,55.0,0,0.1,25.6,0.97,999.7,-99,0.0,-99,-99,-99,新北市,06,三峽區,057
24.940806,121.361500,三峽,C0AC60,2018-09-06T05:00:00+08:00,55.0,203,0.4,25.6,0.97,999.9,-99,0.0,-99,-99,-99,新北市,06,三峽區,057
24.940806,121.361500,三峽,C0AC60,2018-09-06T06:00:00+08:00,55.0,0,0.2,25.6,0.96,1000.3,-99,0.0,-99,-99,-99,新北市,06,三峽區,057
24.940806,121.361500,三峽,C0AC60,2018-09-06T07:00:00+08:00,55.0,169,0.6,26.1,0.94,1000.6,-99,0.0,-99,-99,-99,新北市,06,三峽區,057
24.940806,121.361500,三峽,C0AC60,2018-09-06T08:00:00+08:00,55.0,99,0.6,28.6,0.86,1000.9,-99,0.0,-99,-99,-99,新北市,06,三峽區,057
24.940806,121.361500,三峽,C0AC60,2018-09-06T09:00:00+08:00,55.0,86,0.4,30.5,0.73,1000.7,-99,0.0,-99,-99,-99,新北市,06,三峽區,057
24.940806,121.361500,三峽,C0AC60,2018-09-06T10:00:00+08:00,55.0,43,1.5,32.1,0.65,1000.7,-99,0.0,-99,-99,-99,新北市,06,三峽區,057
24.940806,121.361500,三峽,C0AC60,2018-09-06T11:00:00+08:00,55.0,309,0.8,31.7,0.67,1000.4,-99,0.0,-99,-99,-99,新北市,06,三峽區,057
24.940806,121.361500,三峽,C0AC60,2018-09-06T12:00:00+08:00,55.0,232,1.2,32.1,0.64,999.8,-99,0.0,-99,-99,-99,新北市,06,三峽區,057
24.940806,121.361500,三峽,C0AC60,2018-09-06T13:00:00+08:00,55.0,304,1.3,32.4,0.65,999.3,-99,0.0,-99,-99,-99,新北市,06,三峽區,057
24.940806,121.361500,三峽,C0AC60,2018-09-06T14:00:00+08:00,55.0,314,1.5,31.6,0.7,998.6,-99,0.0,-99,-99,-99,新北市,06,三峽區,057
24.940806,121.361500,三峽,C0AC60,2018-09-06T15:00:00+08:00,55.0,82,0.4,29.5,0.89,998.7,-99,0.5,-99,-99,-99,新北市,06,三峽區,057
24.940806,121.361500,三峽,C0AC60,2018-09-06T16:00:00+08:00,55.0,198,1.1,27.6,0.99,998.4,-99,1.5,-99,-99,-99,新北市,06,三峽區,057
24.940806,121.361500,三峽,C0AC60,2018-09-06T17:00:00+08:00,55.0,207,0.3,27.1,0.99,998.7,-99,1.5,-99,-99,-99,新北市,06,三峽區,057
24.940806,121.361500,三峽,C0AC60,2018-09-06T18:00:00+08:00,55.0,208,0.6,27.0,0.99,999.3,-99,1.5,-99,-99,-99,新北市,06,三峽區,057
24.940806,121.361500,三峽,C0AC60,2018-09-06T19:00:00+08:00,55.0,0,0.2,27.0,0.98,999.3,-99,1.5,-99,-99,-99,新北市,06,三峽區,057
24.940806,121.361500,三峽,C0AC60,2018-09-06T20:00:00+08:00,55.0,207,0.6,26.9,0.97,1000.2,-99,1.5,-99,-99,-99,新北市,06,三峽區,057
24.940806,121.361500,三峽,C0AC60,2018-09-06T21:00:00+08:00,55.0,0,0.0,26.6,0.99,1000.8,-99,1.5,-99,-99,-99,新北市,06,三峽區,057
24.940806,121.361500,三峽,C0AC60,2018-09-06T22:00:00+08:00,55.0,158,0.8,26.4,0.99,1000.8,-99,1.5,-99,-99,-99,新北市,06,三峽區,057
24.940806,121.361500,三峽,C0AC60,2018-09-06T23:00:00+08:00,55.0,0,0.2,26.2,0.99,1001.0,-99,1.5,-99,-99,-99,新北市,06,三峽區,057
24.940806,121.361500,三峽,C0AC60,2018-09-07T00:00:00+08:00,55.0,0,0.0,26.4,0.99,1000.9,-99,1.5,-99,-99,-99,新北市,06,三峽區,057
24.940806,121.361500,三峽,C0AC60,2018-09-07T01:00:00+08:00,55.0,0,0.0,26.1,0.99,1000.6,-99,0.0,-99,-99,-99,新北市,06,三峽區,057
24.940806,121.361500,三峽,C0AC60,2018-09-07T02:00:00+08:00,55.0,0,0.1,25.7,0.99,1000.3,-99,0.0,-99,-99,-99,新北市,06,三峽區,057
24.940806,121.361500,三峽,C0AC60,2018-09-07T03:00:00+08:00,55.0,0,0.2,25.7,0.99,1000.1,-99,0.0,-99,-99,-99,新北市,06,三峽區,057
24.940806,121.361500,三峽,C0AC60,2018-09-07T04:00:00+08:00,55.0,0,0.2,25.7,0.99,1000.1,-99,0.0,-99,-99,-99,新北市,06,三峽區,057
24.940806,121.361500,三峽,C0AC60,2018-09-07T05:00:00+08:00,55.0,181,0.3,25.7,0.99,1000.1,-99,0.0,-99,-99,-99,新北市,06,三峽區,057
24.940806,121.361500,三峽,C0AC60,2018-09-07T06:00:00+08:00,55.0,202,1.0,25.5,0.99,1000.5,-99,0.0,-99,-99,-99,新北市,06,三峽區,057
24.940806,121.361500,三峽,C0AC60,2018-09-07T07:00:00+08:00,55.0,0,0.1,26.4,0.94,1000.9,-99,0.0,-99,-99,-99,新北市,06,三峽區,057
24.940806,121.361500,三峽,C0AC60,2018-09-07T08:00:00+08:00,55.0,272,0.8,28.4,0.87,1001.2,-99,0.0,-99,-99,-99,新北市,06,三峽區,057
24.940806,121.361500,三峽,C0AC60,2018-09-07T09:00:00+08:00,55.0,306,1.1,29.7,0.83,1001.2,-99,0.0,-99,-99,-99,新北市,06,三峽區,057
24.940806,121.361500,三峽,C0AC60,2018-09-07T10:00:00+08:00,55.0,259,1.0,30.7,0.75,1001.2,-99,0.0,-99,-99,-99,新北市,06,三峽區,057
24.940806,121.361500,三峽,C0AC60,2018-09-07T11:00:00+08:00,55.0,251,1.0,32.2,0.65,1000.7,-99,0.0,-99,-99,-99,新北市,06,三峽區,057
24.940806,121.361500,三峽,C0AC60,2018-09-07T12:00:00+08:00,55.0,329,1.3,32.3,0.64,1000.1,-99,0.0,-99,-99,-99,新北市,06,三峽區,057
24.940806,121.361500,三峽,C0AC60,2018-09-07T13:00:00+08:00,55.0,334,0.9,31.7,0.68,999.4,-99,0.0,-99,-99,-99,新北市,06,三峽區,057
24.940806,121.361500,三峽,C0AC60,2018-09-07T14:00:00+08:00,55.0,91,1.8,29.4,0.88,999.2,-99,0.0,-99,-99,-99,新北市,06,三峽區,057
24.940806,121.361500,三峽,C0AC60,2018-09-07T15:00:00+08:00,55.0,186,1.4,25.7,0.97,999.8,-99,0.5,-99,-99,-99,新北市,06,三峽區,057
24.940806,121.361500,三峽,C0AC60,2018-09-07T16:00:00+08:00,55.0,197,1.4,25.7,0.98,999.6,-99,0.5,-99,-99,-99,新北市,06,三峽區,057
24.940806,121.361500,三峽,C0AC60,2018-09-07T17:00:00+08:00,55.0,0,0.0,26.4,0.95,999.7,-99,0.5,-99,-99,-99,新北市,06,三峽區,057
24.940806,121.361500,三峽,C0AC60,2018-09-07T18:00:00+08:00,55.0,0,0.0,26.7,0.96,1000.5,-99,0.5,-99,-99,-99,新北市,06,三峽區,057
24.940806,121.361500,三峽,C0AC60,2018-09-07T19:00:00+08:00,55.0,189,0.5,26.5,0.97,1000.5,-99,0.5,-99,-99,-99,新北市,06,三峽區,057
24.940806,121.361500,三峽,C0AC60,2018-09-07T20:00:00+08:00,55.0,205,0.5,25.9,0.98,1001.0,-99,0.5,-99,-99,-99,新北市,06,三峽區,057
24.940806,121.361500,三峽,C0AC60,2018-09-07T21:00:00+08:00,55.0,170,1.3,25.9,0.99,1001.4,-99,0.5,-99,-99,-99,新北市,06,三峽區,057
24.940806,121.361500,三峽,C0AC60,2018-09-07T22:00:00+08:00,55.0,244,0.5,25.9,0.99,1002.2,-99,0.5,-99,-99,-99,新北市,06,三峽區,057
24.940806,121.361500,三峽,C0AC60,2018-09-07T23:00:00+08:00,55.0,182,0.3,25.2,0.99,1002.5,-99,0.5,-99,-99,-99,新北市,06,三峽區,057
24.940806,121.361500,三峽,C0AC60,2018-09-08T00:00:00+08:00,55.0,205,1.4,25.2,0.99,1002.4,-99,0.5,-99,-99,-99,新北市,06,三峽區,057
24.940806,121.361500,三峽,C0AC60,2018-09-08T01:00:00+08:00,55.0,182,0.3,25.4,0.98,1002.1,-99,0.0,-99,-99,-99,新北市,06,三峽區,057
24.940806,121.361500,三峽,C0AC60,2018-09-08T02:00:00+08:00,55.0,286,0.4,26.2,0.92,1001.8,-99,0.0,-99,-99,-99,新北市,06,三峽區,057
24.940806,121.361500,三峽,C0AC60,2018-09-08T03:00:00+08:00,55.0,0,0.2,25.9,0.92,1001.7,-99,0.0,-99,-99,-99,新北市,06,三峽區,057
24.940806,121.361500,三峽,C0AC60,2018-09-08T04:00:00+08:00,55.0,0,0.2,25.2,0.99,1001.4,-99,0.0,-99,-99,-99,新北市,06,三峽區,057
24.940806,121.361500,三峽,C0AC60,2018-09-08T05:00:00+08:00,55.0,0,0.2,25.2,0.98,1001.4,-99,0.0,-99,-99,-99,新北市,06,三峽區,057
24.940806,121.361500,三峽,C0AC60,2018-09-08T06:00:00+08:00,55.0,161,0.9,25.2,0.99,1001.7,-99,0.0,-99,-99,-99,新北市,06,三峽區,057
24.940806,121.361500,三峽,C0AC60,2018-09-08T07:00:00+08:00,55.0,0,0.2,25.8,0.97,1002.2,-99,0.0,-99,-99,-99,新北市,06,三峽區,057
24.940806,121.361500,三峽,C0AC60,2018-09-08T08:00:00+08:00,55.0,0,0.0,26.7,0.92,1003.0,-99,0.0,-99,-99,-99,新北市,06,三峽區,057
24.940806,121.361500,三峽,C0AC60,2018-09-08T09:00:00+08:00,55.0,0,0.0,27.5,0.9,1003.4,-99,0.0,-99,-99,-99,新北市,06,三峽區,057
24.940806,121.361500,三峽,C0AC60,2018-09-08T10:00:00+08:00,55.0,239,0.4,28.6,0.85,1003.8,-99,0.0,-99,-99,-99,新北市,06,三峽區,057
24.940806,121.361500,三峽,C0AC60,2018-09-08T11:00:00+08:00,55.0,244,1.4,28.8,0.81,1003.5,-99,0.0,-99,-99,-99,新北市,06,三峽區,057
24.940806,121.361500,三峽,C0AC60,2018-09-08T12:00:00+08:00,55.0,281,0.5,30.0,0.73,1002.5,-99,0.0,-99,-99,-99,新北市,06,三峽區,057
24.940806,121.361500,三峽,C0AC60,2018-09-08T13:00:00+08:00,55.0,330,1.0,29.4,0.76,1002.2,-99,0.0,-99,-99,-99,新北市,06,三峽區,057
24.940806,121.361500,三峽,C0AC60,2018-09-08T14:00:00+08:00,55.0,317,1.2,28.6,0.81,1001.5,-99,0.0,-99,-99,-99,新北市,06,三峽區,057
24.940806,121.361500,三峽,C0AC60,2018-09-08T15:00:00+08:00,55.0,0,0.0,28.6,0.8,1001.4,-99,0.0,-99,-99,-99,新北市,06,三峽區,057
24.940806,121.361500,三峽,C0AC60,2018-09-08T16:00:00+08:00,55.0,88,1.9,27.9,0.81,1001.5,-99,0.0,-99,-99,-99,新北市,06,三峽區,057
24.940806,121.361500,三峽,C0AC60,2018-09-08T17:00:00+08:00,55.0,86,0.7,27.7,0.83,1001.9,-99,0.0,-99,-99,-99,新北市,06,三峽區,057
24.940806,121.361500,三峽,C0AC60,2018-09-08T18:00:00+08:00,55.0,92,1.5,27.5,0.88,1002.4,-99,0.0,-99,-99,-99,新北市,06,三峽區,057
24.940806,121.361500,三峽,C0AC60,2018-09-08T19:00:00+08:00,55.0,87,1.3,25.0,0.98,1003.0,-99,0.0,7.1,79,2018-09-08T18:31:00+08:00,新北市,06,三峽區,057
24.940806,121.361500,三峽,C0AC60,2018-09-08T20:00:00+08:00,55.0,93,1.3,25.2,0.99,1003.6,-99,0.5,-99,-99,-99,新北市,06,三峽區,057
24.940806,121.361500,三峽,C0AC60,2018-09-08T21:00:00+08:00,55.0,74,1.3,24.9,0.99,1003.9,-99,5.0,-99,-99,-99,新北市,06,三峽區,057
24.940806,121.361500,三峽,C0AC60,2018-09-08T22:00:00+08:00,55.0,39,1.6,24.7,0.99,1003.9,-99,7.0,-99,-99,-99,新北市,06,三峽區,057
24.940806,121.361500,三峽,C0AC60,2018-09-08T23:00:00+08:00,55.0,0,0.0,24.7,0.99,1004.2,-99,9.0,-99,-99,-99,新北市,06,三峽區,057
24.940806,121.361500,三峽,C0AC60,2018-09-09T00:00:00+08:00,55.0,0,0.0,24.5,0.99,1003.9,-99,10.0,-99,-99,-99,新北市,06,三峽區,057
24.940806,121.361500,三峽,C0AC60,2018-09-09T01:00:00+08:00,55.0,0,0.0,24.5,0.99,1003.5,-99,0.0,-99,-99,-99,新北市,06,三峽區,057
24.940806,121.361500,三峽,C0AC60,2018-09-09T02:00:00+08:00,55.0,82,0.3,24.4,0.99,1003.4,-99,0.0,-99,-99,-99,新北市,06,三峽區,057
24.940806,121.361500,三峽,C0AC60,2018-09-09T03:00:00+08:00,55.0,175,0.3,24.2,0.99,1003.4,-99,0.0,-99,-99,-99,新北市,06,三峽區,057
24.940806,121.361500,三峽,C0AC60,2018-09-09T04:00:00+08:00,55.0,0,0.0,23.6,0.99,1003.4,-99,0.0,-99,-99,-99,新北市,06,三峽區,057
24.940806,121.361500,三峽,C0AC60,2018-09-09T05:00:00+08:00,55.0,201,0.5,23.5,0.99,1003.6,-99,0.0,-99,-99,-99,新北市,06,三峽區,057
24.940806,121.361500,三峽,C0AC60,2018-09-09T06:00:00+08:00,55.0,197,0.4,23.8,0.99,1003.5,-99,0.0,-99,-99,-99,新北市,06,三峽區,057
24.940806,121.361500,三峽,C0AC60,2018-09-09T07:00:00+08:00,55.0,0,0.0,24.2,0.99,1004.0,-99,0.5,-99,-99,-99,新北市,06,三峽區,057
24.940806,121.361500,三峽,C0AC60,2018-09-09T08:00:00+08:00,55.0,95,1.0,24.5,0.99,1004.8,-99,1.5,-99,-99,-99,新北市,06,三峽區,057
24.940806,121.361500,三峽,C0AC60,2018-09-09T09:00:00+08:00,55.0,0,0.1,24.3,0.99,1005.8,-99,4.0,-99,-99,-99,新北市,06,三峽區,057
24.940806,121.361500,三峽,C0AC60,2018-09-09T10:00:00+08:00,55.0,0,0.0,24.1,0.99,1005.8,-99,7.0,-99,-99,-99,新北市,06,三峽區,057
24.940806,121.361500,三峽,C0AC60,2018-09-09T11:00:00+08:00,55.0,0,0.0,24.4,0.99,1005.7,-99,8.5,-99,-99,-99,新北市,06,三峽區,057
24.940806,121.361500,三峽,C0AC60,2018-09-09T12:00:00+08:00,55.0,90,1.2,24.9,0.98,1005.7,-99,8.5,-99,-99,-99,新北市,06,三峽區,057
24.940806,121.361500,三峽,C0AC60,2018-09-09T13:00:00+08:00,55.0,92,1.2,24.4,0.99,1005.4,-99,13.0,-99,-99,-99,新北市,06,三峽區,057
24.940806,121.361500,三峽,C0AC60,2018-09-09T14:00:00+08:00,55.0,75,0.8,23.9,0.99,1005.3,-99,17.5,-99,-99,-99,新北市,06,三峽區,057
24.940806,121.361500,三峽,C0AC60,2018-09-09T15:00:00+08:00,55.0,0,0.2,23.7,0.99,1005.1,-99,18.5,-99,-99,-99,新北市,06,三峽區,057
24.940806,121.361500,三峽,C0AC60,2018-09-09T16:00:00+08:00,55.0,89,1.9,24.0,0.98,1005.4,-99,18.5,-99,-99,-99,新北市,06,三峽區,057
24.940806,121.361500,三峽,C0AC60,2018-09-09T17:00:00+08:00,55.0,95,1.4,23.8,0.98,1005.5,-99,18.5,-99,-99,-99,新北市,06,三峽區,057
24.940806,121.361500,三峽,C0AC60,2018-09-09T18:00:00+08:00,55.0,88,0.9,23.9,0.97,1006.0,-99,18.5,-99,-99,-99,新北市,06,三峽區,057
24.940806,121.361500,三峽,C0AC60,2018-09-09T19:00:00+08:00,55.0,93,2.0,23.7,0.98,1006.7,-99,18.5,-99,-99,-99,新北市,06,三峽區,057
24.940806,121.361500,三峽,C0AC60,2018-09-09T20:00:00+08:00,55.0,89,1.5,23.5,0.95,1007.4,-99,18.5,7.1,95,2018-09-09T19:54:00+08:00,新北市,06,三峽區,057
24.940806,121.361500,三峽,C0AC60,2018-09-09T21:00:00+08:00,55.0,93,1.7,23.5,0.92,1008.0,-99,18.5,-99,-99,-99,新北市,06,三峽區,057
24.940806,121.361500,三峽,C0AC60,2018-09-09T22:00:00+08:00,55.0,94,2.3,23.3,0.93,1008.3,-99,18.5,-99,-99,-99,新北市,06,三峽區,057
24.940806,121.361500,三峽,C0AC60,2018-09-09T23:00:00+08:00,55.0,94,1.1,23.1,0.93,1008.5,-99,18.5,-99,-99,-99,新北市,06,三峽區,057
24.940806,121.361500,三峽,C0AC60,2018-09-10T00:00:00+08:00,55.0,90,1.4,23.2,0.89,1008.1,-99,18.5,-99,-99,-99,新北市,06,三峽區,057
24.940806,121.361500,三峽,C0AC60,2018-09-10T01:00:00+08:00,55.0,95,0.3,23.4,0.88,1007.9,-99,0.0,6.6,97,2018-09-10T00:26:00+08:00,新北市,06,三峽區,057
24.940806,121.361500,三峽,C0AC60,2018-09-10T02:00:00+08:00,55.0,91,0.7,22.7,0.93,1007.7,-99,0.0,-99,-99,-99,新北市,06,三峽區,057
24.940806,121.361500,三峽,C0AC60,2018-09-10T03:00:00+08:00,55.0,89,0.6,22.4,0.95,1007.6,-99,0.0,-99,-99,-99,新北市,06,三峽區,057
24.940806,121.361500,三峽,C0AC60,2018-09-10T04:00:00+08:00,55.0,84,1.0,22.0,0.94,1007.2,-99,0.0,-99,-99,-99,新北市,06,三峽區,057
24.940806,121.361500,三峽,C0AC60,2018-09-10T05:00:00+08:00,55.0,97,0.5,21.5,0.98,1007.1,-99,0.0,-99,-99,-99,新北市,06,三峽區,057
24.940806,121.361500,三峽,C0AC60,2018-09-10T06:00:00+08:00,55.0,86,0.9,22.6,0.94,1007.1,-99,0.0,-99,-99,-99,新北市,06,三峽區,057
24.940806,121.361500,三峽,C0AC60,2018-09-10T07:00:00+08:00,55.0,90,1.3,23.1,0.93,1007.4,-99,0.0,-99,-99,-99,新北市,06,三峽區,057
24.940806,121.361500,三峽,C0AC60,2018-09-10T08:00:00+08:00,55.0,90,0.9,22.8,0.99,1007.5,-99,0.5,-99,-99,-99,新北市,06,三峽區,057
24.940806,121.361500,三峽,C0AC60,2018-09-10T09:00:00+08:00,55.0,88,0.8,24.1,0.96,1007.4,-99,0.5,-99,-99,-99,新北市,06,三峽區,057
24.940806,121.361500,三峽,C0AC60,2018-09-10T10:00:00+08:00,55.0,92,1.6,24.2,0.99,1007.2,-99,0.5,-99,-99,-99,新北市,06,三峽區,057
24.940806,121.361500,三峽,C0AC60,2018-09-10T11:00:00+08:00,55.0,95,1.6,24.4,0.99,1006.5,-99,1.0,-99,-99,-99,新北市,06,三峽區,057
24.940806,121.361500,三峽,C0AC60,2018-09-10T12:00:00+08:00,55.0,96,1.8,25.3,0.99,1005.6,-99,1.0,-99,-99,-99,新北市,06,三峽區,057
24.940806,121.361500,三峽,C0AC60,2018-09-10T13:00:00+08:00,55.0,84,1.8,25.9,0.97,1004.6,-99,1.0,8.8,100,2018-09-10T12:51:00+08:00,新北市,06,三峽區,057
24.940806,121.361500,三峽,C0AC60,2018-09-10T14:00:00+08:00,55.0,70,2.2,25.5,0.98,1003.9,-99,1.0,-99,-99,-99,新北市,06,三峽區,057
24.940806,121.361500,三峽,C0AC60,2018-09-10T15:00:00+08:00,55.0,74,2.4,26.3,0.96,1003.4,-99,1.5,8.8,73,2018-09-10T14:22:00+08:00,新北市,06,三峽區,057
24.940806,121.361500,三峽,C0AC60,2018-09-10T16:00:00+08:00,55.0,77,2.2,27.2,0.9,1003.2,-99,1.5,9.3,87,2018-09-10T15:01:00+08:00,新北市,06,三峽區,057
24.940806,121.361500,三峽,C0AC60,2018-09-10T17:00:00+08:00,55.0,88,1.8,26.4,0.96,1003.3,-99,1.5,8.2,84,2018-09-10T16:27:00+08:00,新北市,06,三峽區,057
24.940806,121.361500,三峽,C0AC60,2018-09-10T18:00:00+08:00,55.0,80,2.9,25.7,0.99,1002.7,-99,1.5,8.2,78,2018-09-10T17:48:00+08:00,新北市,06,三峽區,057
24.940806,121.361500,三峽,C0AC60,2018-09-10T19:00:00+08:00,55.0,83,2.9,25.2,0.98,1003.0,-99,2.0,8.8,87,2018-09-10T18:05:00+08:00,新北市,06,三峽區,057
24.940806,121.361500,三峽,C0AC60,2018-09-10T20:00:00+08:00,55.0,68,2.3,25.1,0.97,1003.6,-99,2.0,8.2,77,2018-09-10T19:19:00+08:00,新北市,06,三峽區,057
24.940806,121.361500,三峽,C0AC60,2018-09-10T21:00:00+08:00,55.0,82,3.1,24.8,0.99,1003.0,-99,2.0,-99,-99,-99,新北市,06,三峽區,057
24.940806,121.361500,三峽,C0AC60,2018-09-10T22:00:00+08:00,55.0,76,2.3,24.7,0.99,1002.9,-99,3.0,9.3,93,2018-09-10T21:22:00+08:00,新北市,06,三峽區,057
24.940806,121.361500,三峽,C0AC60,2018-09-10T23:00:00+08:00,55.0,91,1.8,24.7,0.99,1002.5,-99,3.5,7.1,88,2018-09-10T22:17:00+08:00,新北市,06,三峽區,057
24.940806,121.361500,三峽,C0AC60,2018-09-11T00:00:00+08:00,55.0,83,3.6,24.9,0.98,1000.6,-99,4.0,8.8,76,2018-09-10T23:59:00+08:00,新北市,06,三峽區,057
24.940806,121.361500,三峽,C0AC60,2018-09-11T01:00:00+08:00,55.0,49,1.5,25.3,0.95,1000.3,-99,0.5,9.9,90,2018-09-11T00:34:00+08:00,新北市,06,三峽區,057
24.940806,121.361500,三峽,C0AC60,2018-09-11T02:00:00+08:00,55.0,71,1.9,26.1,0.88,999.8,-99,0.5,-99,-99,-99,新北市,06,三峽區,057
24.940806,121.361500,三峽,C0AC60,2018-09-11T03:00:00+08:00,55.0,81,2.1,26.6,0.84,999.1,-99,0.5,7.7,74,2018-09-11T02:14:00+08:00,新北市,06,三峽區,057
24.940806,121.361500,三峽,C0AC60,2018-09-11T04:00:00+08:00,55.0,166,0.7,25.3,0.91,999.3,-99,0.5,-99,-99,-99,新北市,06,三峽區,057
24.940806,121.361500,三峽,C0AC60,2018-09-11T05:00:00+08:00,55.0,182,0.9,24.1,0.99,1000.5,-99,0.5,-99,-99,-99,新北市,06,三峽區,057
24.940806,121.361500,三峽,C0AC60,2018-09-11T06:00:00+08:00,55.0,178,0.3,24.3,0.99,1001.8,-99,0.5,-99,-99,-99,新北市,06,三峽區,057
24.940806,121.361500,三峽,C0AC60,2018-09-11T07:00:00+08:00,55.0,0,0.0,25.1,0.96,1002.3,-99,0.5,-99,-99,-99,新北市,06,三峽區,057
24.940806,121.361500,三峽,C0AC60,2018-09-11T08:00:00+08:00,55.0,0,0.0,26.2,0.93,1002.8,-99,0.5,-99,-99,-99,新北市,06,三峽區,057
24.940806,121.361500,三峽,C0AC60,2018-09-11T09:00:00+08:00,55.0,94,0.4,28.1,0.86,1003.1,-99,0.5,-99,-99,-99,新北市,06,三峽區,057
24.940806,121.361500,三峽,C0AC60,2018-09-11T10:00:00+08:00,55.0,71,1.0,30.1,0.69,1003.0,-99,0.5,-99,-99,-99,新北市,06,三峽區,057
24.940806,121.361500,三峽,C0AC60,2018-09-11T11:00:00+08:00,55.0,338,1.0,31.5,0.64,1002.7,-99,0.5,-99,-99,-99,新北市,06,三峽區,057
24.940806,121.361500,三峽,C0AC60,2018-09-11T12:00:00+08:00,55.0,42,1.3,32.0,0.59,1002.2,-99,0.5,-99,-99,-99,新北市,06,三峽區,057
24.940806,121.361500,三峽,C0AC60,2018-09-11T13:00:00+08:00,55.0,0,0.2,32.3,0.57,1001.8,-99,0.5,-99,-99,-99,新北市,06,三峽區,057
24.940806,121.361500,三峽,C0AC60,2018-09-11T14:00:00+08:00,55.0,0,0.2,33.6,0.55,1001.2,-99,0.5,-99,-99,-99,新北市,06,三峽區,057
24.940806,121.361500,三峽,C0AC60,2018-09-11T15:00:00+08:00,55.0,0,0.2,33.6,0.55,1000.8,-99,0.5,-99,-99,-99,新北市,06,三峽區,057
24.940806,121.361500,三峽,C0AC60,2018-09-11T16:00:00+08:00,55.0,90,1.1,33.2,0.59,1000.8,-99,0.5,-99,-99,-99,新北市,06,三峽區,057
24.940806,121.361500,三峽,C0AC60,2018-09-11T17:00:00+08:00,55.0,0,0.0,31.7,0.68,1000.9,-99,0.5,-99,-99,-99,新北市,06,三峽區,057
24.940806,121.361500,三峽,C0AC60,2018-09-11T18:00:00+08:00,55.0,19,0.4,30.9,0.71,1001.3,-99,0.5,-99,-99,-99,新北市,06,三峽區,057
24.940806,121.361500,三峽,C0AC60,2018-09-11T19:00:00+08:00,55.0,13,0.6,29.7,0.74,1002.0,-99,0.5,-99,-99,-99,新北市,06,三峽區,057
24.940806,121.361500,三峽,C0AC60,2018-09-11T20:00:00+08:00,55.0,0,0.0,29.0,0.85,1002.7,-99,0.5,-99,-99,-99,新北市,06,三峽區,057
24.940806,121.361500,三峽,C0AC60,2018-09-11T21:00:00+08:00,55.0,0,0.1,28.5,0.89,1003.6,-99,0.5,-99,-99,-99,新北市,06,三峽區,057
24.940806,121.361500,三峽,C0AC60,2018-09-11T22:00:00+08:00,55.0,201,0.6,27.7,0.95,1003.5,-99,0.5,-99,-99,-99,新北市,06,三峽區,057
24.940806,121.361500,三峽,C0AC60,2018-09-11T23:00:00+08:00,55.0,90,1.5,27.3,0.96,1003.6,-99,0.5,-99,-99,-99,新北市,06,三峽區,057
24.940806,121.361500,三峽,C0AC60,2018-09-12T00:00:00+08:00,55.0,173,0.5,26.8,0.98,1003.4,-99,0.5,-99,-99,-99,新北市,06,三峽區,057
24.940806,121.361500,三峽,C0AC60,2018-09-12T01:00:00+08:00,55.0,0,0.0,26.4,0.99,1003.0,-99,0.0,-99,-99,-99,新北市,06,三峽區,057
24.940806,121.361500,三峽,C0AC60,2018-09-12T02:00:00+08:00,55.0,0,0.2,26.1,0.98,1002.8,-99,0.0,-99,-99,-99,新北市,06,三峽區,057
24.940806,121.361500,三峽,C0AC60,2018-09-12T03:00:00+08:00,55.0,0,0.1,25.8,0.99,1002.7,-99,0.0,-99,-99,-99,新北市,06,三峽區,057
24.940806,121.361500,三峽,C0AC60,2018-09-12T04:00:00+08:00,55.0,0,0.0,25.9,0.99,1002.7,-99,0.0,-99,-99,-99,新北市,06,三峽區,057
24.940806,121.361500,三峽,C0AC60,2018-09-12T05:00:00+08:00,55.0,226,0.3,25.6,0.99,1003.0,-99,0.0,-99,-99,-99,新北市,06,三峽區,057
24.940806,121.361500,三峽,C0AC60,2018-09-12T06:00:00+08:00,55.0,183,0.3,25.7,0.99,1004.0,-99,0.0,-99,-99,-99,新北市,06,三峽區,057
24.940806,121.361500,三峽,C0AC60,2018-09-12T07:00:00+08:00,55.0,223,0.5,25.9,0.97,1004.6,-99,0.0,-99,-99,-99,新北市,06,三峽區,057
24.940806,121.361500,三峽,C0AC60,2018-09-12T08:00:00+08:00,55.0,0,0.0,28.2,0.87,1004.3,-99,0.0,-99,-99,-99,新北市,06,三峽區,057
24.940806,121.361500,三峽,C0AC60,2018-09-12T09:00:00+08:00,55.0,154,0.7,30.1,0.76,1004.1,-99,0.0,-99,-99,-99,新北市,06,三峽區,057
24.940806,121.361500,三峽,C0AC60,2018-09-12T10:00:00+08:00,55.0,267,0.7,31.8,0.68,1003.9,-99,0.0,-99,-99,-99,新北市,06,三峽區,057
24.940806,121.361500,三峽,C0AC60,2018-09-12T11:00:00+08:00,55.0,3,1.9,30.9,0.73,1003.7,-99,0.0,-99,-99,-99,新北市,06,三峽區,057
24.940806,121.361500,三峽,C0AC60,2018-09-12T12:00:00+08:00,55.0,347,2.6,30.7,0.75,1003.6,-99,0.0,-99,-99,-99,新北市,06,三峽區,057
24.940806,121.361500,三峽,C0AC60,2018-09-12T13:00:00+08:00,55.0,323,0.7,31.3,0.73,1003.2,-99,0.0,-99,-99,-99,新北市,06,三峽區,057
24.940806,121.361500,三峽,C0AC60,2018-09-12T14:00:00+08:00,55.0,325,0.9,32.0,0.69,1002.7,-99,0.0,-99,-99,-99,新北市,06,三峽區,057
24.940806,121.361500,三峽,C0AC60,2018-09-12T15:00:00+08:00,55.0,345,2.4,30.3,0.77,1002.5,-99,0.0,-99,-99,-99,新北市,06,三峽區,057
24.940806,121.361500,三峽,C0AC60,2018-09-12T16:00:00+08:00,55.0,85,1.6,29.4,0.81,1002.7,-99,0.0,-99,-99,-99,新北市,06,三峽區,057
24.940806,121.361500,三峽,C0AC60,2018-09-12T17:00:00+08:00,55.0,85,1.2,30.2,0.78,1002.6,-99,0.0,-99,-99,-99,新北市,06,三峽區,057
24.940806,121.361500,三峽,C0AC60,2018-09-12T18:00:00+08:00,55.0,87,1.2,29.5,0.83,1002.2,-99,0.0,-99,-99,-99,新北市,06,三峽區,057
24.940806,121.361500,三峽,C0AC60,2018-09-12T19:00:00+08:00,55.0,95,1.7,28.4,0.86,1002.0,-99,0.0,-99,-99,-99,新北市,06,三峽區,057
24.940806,121.361500,三峽,C0AC60,2018-09-12T20:00:00+08:00,55.0,105,0.6,28.0,0.87,1002.6,-99,0.0,-99,-99,-99,新北市,06,三峽區,057
24.940806,121.361500,三峽,C0AC60,2018-09-12T21:00:00+08:00,55.0,160,2.0,26.9,0.96,1003.1,-99,0.0,-99,-99,-99,新北市,06,三峽區,057
24.940806,121.361500,三峽,C0AC60,2018-09-12T22:00:00+08:00,55.0,209,1.1,26.4,0.99,1003.6,-99,0.0,-99,-99,-99,新北市,06,三峽區,057
24.940806,121.361500,三峽,C0AC60,2018-09-12T23:00:00+08:00,55.0,194,0.6,26.5,0.98,1003.9,-99,0.0,-99,-99,-99,新北市,06,三峽區,057
24.940806,121.361500,三峽,C0AC60,2018-09-13T00:00:00+08:00,55.0,0,0.0,26.1,0.97,1004.1,-99,0.0,-99,-99,-99,新北市,06,三峽區,057
24.940806,121.361500,三峽,C0AC60,2018-09-13T01:00:00+08:00,55.0,143,0.4,25.7,0.98,1003.6,-99,0.0,-99,-99,-99,新北市,06,三峽區,057
24.940806,121.361500,三峽,C0AC60,2018-09-13T02:00:00+08:00,55.0,0,0.1,25.6,0.95,1003.0,-99,0.0,-99,-99,-99,新北市,06,三峽區,057
24.940806,121.361500,三峽,C0AC60,2018-09-13T03:00:00+08:00,55.0,171,0.9,25.4,0.96,1002.6,-99,0.0,-99,-99,-99,新北市,06,三峽區,057
24.940806,121.361500,三峽,C0AC60,2018-09-13T04:00:00+08:00,55.0,0,0.2,25.3,0.96,1002.6,-99,0.0,-99,-99,-99,新北市,06,三峽區,057
24.940806,121.361500,三峽,C0AC60,2018-09-13T05:00:00+08:00,55.0,168,0.4,25.3,0.95,1003.0,-99,0.0,-99,-99,-99,新北市,06,三峽區,057
24.940806,121.361500,三峽,C0AC60,2018-09-13T06:00:00+08:00,55.0,214,0.4,25.1,0.96,1003.4,-99,0.0,-99,-99,-99,新北市,06,三峽區,057
24.940806,121.361500,三峽,C0AC60,2018-09-13T07:00:00+08:00,55.0,156,1.5,25.6,0.94,1004.0,-99,0.0,-99,-99,-99,新北市,06,三峽區,057
24.940806,121.361500,三峽,C0AC60,2018-09-13T08:00:00+08:00,55.0,0,0.0,27.5,0.86,1004.3,-99,0.0,-99,-99,-99,新北市,06,三峽區,057
24.940806,121.361500,三峽,C0AC60,2018-09-13T09:00:00+08:00,55.0,39,0.3,29.8,0.7,1004.0,-99,0.0,-99,-99,-99,新北市,06,三峽區,057
24.940806,121.361500,三峽,C0AC60,2018-09-13T10:00:00+08:00,55.0,81,1.0,32.5,0.58,1004.2,-99,0.0,-99,-99,-99,新北市,06,三峽區,057
24.940806,121.361500,三峽,C0AC60,2018-09-13T11:00:00+08:00,55.0,35,0.8,32.6,0.57,1003.9,-99,0.0,-99,-99,-99,新北市,06,三峽區,057
24.940806,121.361500,三峽,C0AC60,2018-09-13T12:00:00+08:00,55.0,75,1.5,34.6,0.5,1003.2,-99,0.0,-99,-99,-99,新北市,06,三峽區,057
24.940806,121.361500,三峽,C0AC60,2018-09-13T13:00:00+08:00,55.0,91,1.8,35.4,0.47,1002.4,-99,0.0,-99,-99,-99,新北市,06,三峽區,057
24.940806,121.361500,三峽,C0AC60,2018-09-13T14:00:00+08:00,55.0,76,1.6,35.9,0.43,1002.0,-99,0.0,7.1,81,2018-09-13T13:21:00+08:00,新北市,06,三峽區,057
24.940806,121.361500,三峽,C0AC60,2018-09-13T15:00:00+08:00,55.0,93,3.1,35.2,0.46,1002.1,-99,0.0,-99,-99,-99,新北市,06,三峽區,057
24.940806,121.361500,三峽,C0AC60,2018-09-13T16:00:00+08:00,55.0,90,2.0,34.5,0.49,1002.2,-99,0.0,-99,-99,-99,新北市,06,三峽區,057
24.940806,121.361500,三峽,C0AC60,2018-09-13T17:00:00+08:00,55.0,88,2.5,32.9,0.53,1002.3,-99,0.0,-99,-99,-99,新北市,06,三峽區,057
24.940806,121.361500,三峽,C0AC60,2018-09-13T18:00:00+08:00,55.0,91,2.3,30.7,0.61,1002.5,-99,0.0,8.2,69,2018-09-13T17:56:00+08:00,新北市,06,三峽區,057
24.940806,121.361500,三峽,C0AC60,2018-09-13T19:00:00+08:00,55.0,84,2.4,29.7,0.63,1003.1,-99,0.0,8.8,82,2018-09-13T18:15:00+08:00,新北市,06,三峽區,057
24.940806,121.361500,三峽,C0AC60,2018-09-13T20:00:00+08:00,55.0,99,1.7,29.0,0.68,1003.8,-99,0.0,-99,-99,-99,新北市,06,三峽區,057
24.940806,121.361500,三峽,C0AC60,2018-09-13T21:00:00+08:00,55.0,89,2.5,28.6,0.71,1004.1,-99,0.0,-99,-99,-99,新北市,06,三峽區,057
24.940806,121.361500,三峽,C0AC60,2018-09-13T22:00:00+08:00,55.0,81,2.1,28.5,0.7,1003.9,-99,0.0,8.2,77,2018-09-13T21:44:00+08:00,新北市,06,三峽區,057
24.940806,121.361500,三峽,C0AC60,2018-09-13T23:00:00+08:00,55.0,82,2.5,28.7,0.65,1003.5,-99,0.0,-99,-99,-99,新北市,06,三峽區,057
24.940806,121.361500,三峽,C0AC60,2018-09-14T00:00:00+08:00,55.0,82,3.3,28.3,0.67,1003.2,-99,0.0,9.3,82,2018-09-13T23:59:00+08:00,新北市,06,三峽區,057
24.940806,121.361500,三峽,C0AC60,2018-09-14T01:00:00+08:00,55.0,86,2.6,28.1,0.69,1003.4,-99,0.0,8.2,79,2018-09-14T00:25:00+08:00,新北市,06,三峽區,057
24.940806,121.361500,三峽,C0AC60,2018-09-14T02:00:00+08:00,55.0,93,2.4,28.0,0.68,1003.4,-99,0.0,-99,-99,-99,新北市,06,三峽區,057
24.940806,121.361500,三峽,C0AC60,2018-09-14T03:00:00+08:00,55.0,89,2.0,27.8,0.7,1003.0,-99,0.0,-99,-99,-99,新北市,06,三峽區,057
24.940806,121.361500,三峽,C0AC60,2018-09-14T04:00:00+08:00,55.0,94,2.2,27.5,0.74,1003.0,-99,0.0,-99,-99,-99,新北市,06,三峽區,057
24.940806,121.361500,三峽,C0AC60,2018-09-14T05:00:00+08:00,55.0,92,2.1,27.4,0.72,1003.3,-99,0.0,-99,-99,-99,新北市,06,三峽區,057
24.940806,121.361500,三峽,C0AC60,2018-09-14T06:00:00+08:00,55.0,86,2.2,27.7,0.72,1003.4,-99,0.0,-99,-99,-99,新北市,06,三峽區,057
24.940806,121.361500,三峽,C0AC60,2018-09-14T07:00:00+08:00,55.0,81,2.4,28.2,0.72,1003.8,-99,0.0,7.7,90,2018-09-14T06:58:00+08:00,新北市,06,三峽區,057
24.940806,121.361500,三峽,C0AC60,2018-09-14T08:00:00+08:00,55.0,91,2.5,30.2,0.62,1004.0,-99,0.0,-99,-99,-99,新北市,06,三峽區,057
24.940806,121.361500,三峽,C0AC60,2018-09-14T09:00:00+08:00,55.0,89,2.7,31.6,0.54,1004.2,-99,0.0,8.8,48,2018-09-14T08:53:00+08:00,新北市,06,三峽區,057
24.940806,121.361500,三峽,C0AC60,2018-09-14T10:00:00+08:00,55.0,89,2.7,32.9,0.48,1003.9,-99,0.0,8.2,98,2018-09-14T09:56:00+08:00,新北市,06,三峽區,057
24.940806,121.361500,三峽,C0AC60,2018-09-14T11:00:00+08:00,55.0,93,3.3,33.6,0.44,1003.5,-99,0.0,-99,-99,-99,新北市,06,三峽區,057
24.940806,121.361500,三峽,C0AC60,2018-09-14T12:00:00+08:00,55.0,91,3.1,34.1,0.44,1003.0,-99,0.0,8.8,82,2018-09-14T11:18:00+08:00,新北市,06,三峽區,057
24.940806,121.361500,三峽,C0AC60,2018-09-14T13:00:00+08:00,55.0,95,3.3,34.3,0.44,1002.3,-99,0.0,8.8,77,2018-09-14T12:01:00+08:00,新北市,06,三峽區,057
24.940806,121.361500,三峽,C0AC60,2018-09-14T14:00:00+08:00,55.0,89,3.2,34.1,0.47,1001.5,-99,0.0,10.4,97,2018-09-14T13:45:00+08:00,新北市,06,三峽區,057
24.940806,121.361500,三峽,C0AC60,2018-09-14T15:00:00+08:00,55.0,85,2.9,34.4,0.5,1001.5,-99,0.0,10.4,67,2018-09-14T14:03:00+08:00,新北市,06,三峽區,057
24.940806,121.361500,三峽,C0AC60,2018-09-14T16:00:00+08:00,55.0,91,2.0,33.8,0.48,1001.3,-99,0.0,10.4,71,2018-09-14T15:11:00+08:00,新北市,06,三峽區,057
24.940806,121.361500,三峽,C0AC60,2018-09-14T17:00:00+08:00,55.0,86,2.0,31.2,0.67,1001.7,-99,0.0,12.1,81,2018-09-14T16:17:00+08:00,新北市,06,三峽區,057
24.940806,121.361500,三峽,C0AC60,2018-09-14T18:00:00+08:00,55.0,81,3.2,29.9,0.7,1002.0,-99,0.0,8.8,94,2018-09-14T17:09:00+08:00,新北市,06,三峽區,057
24.940806,121.361500,三峽,C0AC60,2018-09-14T19:00:00+08:00,55.0,91,2.0,29.0,0.76,1002.4,-99,0.0,9.3,67,2018-09-14T18:16:00+08:00,新北市,06,三峽區,057
24.940806,121.361500,三峽,C0AC60,2018-09-14T20:00:00+08:00,55.0,84,3.3,29.2,0.7,1002.6,-99,0.0,8.8,96,2018-09-14T19:06:00+08:00,新北市,06,三峽區,057
24.940806,121.361500,三峽,C0AC60,2018-09-14T21:00:00+08:00,55.0,88,2.2,28.9,0.73,1003.3,-99,0.0,8.2,89,2018-09-14T20:12:00+08:00,新北市,06,三峽區,057
24.940806,121.361500,三峽,C0AC60,2018-09-14T22:00:00+08:00,55.0,93,2.5,28.7,0.72,1003.2,-99,0.0,9.9,61,2018-09-14T21:20:00+08:00,新北市,06,三峽區,057
24.940806,121.361500,三峽,C0AC60,2018-09-14T23:00:00+08:00,55.0,79,2.8,28.8,0.7,1003.0,-99,0.0,8.2,85,2018-09-14T22:02:00+08:00,新北市,06,三峽區,057
24.940806,121.361500,三峽,C0AC60,2018-09-15T00:00:00+08:00,55.0,85,2.2,28.2,0.73,1002.4,-99,0.0,-99,-99,-99,新北市,06,三峽區,057
24.940806,121.361500,三峽,C0AC60,2018-09-15T01:00:00+08:00,55.0,85,2.1,27.9,0.75,1001.8,-99,0.0,7.7,69,2018-09-15T00:01:00+08:00,新北市,06,三峽區,057
24.940806,121.361500,三峽,C0AC60,2018-09-15T02:00:00+08:00,55.0,91,2.0,27.9,0.76,1001.4,-99,0.0,7.7,59,2018-09-15T01:56:00+08:00,新北市,06,三峽區,057
24.940806,121.361500,三峽,C0AC60,2018-09-15T03:00:00+08:00,55.0,84,2.4,28.0,0.79,1000.8,-99,0.0,9.3,74,2018-09-15T02:56:00+08:00,新北市,06,三峽區,057
24.940806,121.361500,三峽,C0AC60,2018-09-15T04:00:00+08:00,55.0,83,3.3,28.0,0.82,1000.0,-99,0.0,10.4,84,2018-09-15T03:30:00+08:00,新北市,06,三峽區,057
24.940806,121.361500,三峽,C0AC60,2018-09-15T05:00:00+08:00,55.0,80,2.9,27.8,0.86,1000.2,-99,0.0,10.4,90,2018-09-15T04:14:00+08:00,新北市,06,三峽區,057
24.940806,121.361500,三峽,C0AC60,2018-09-15T06:00:00+08:00,55.0,78,3.3,27.9,0.87,1000.0,-99,0.0,11.0,88,2018-09-15T05:35:00+08:00,新北市,06,三峽區,057
24.940806,121.361500,三峽,C0AC60,2018-09-15T07:00:00+08:00,55.0,85,2.7,28.3,0.84,1000.5,-99,0.0,12.1,62,2018-09-15T06:01:00+08:00,新北市,06,三峽區,057
24.940806,121.361500,三峽,C0AC60,2018-09-15T08:00:00+08:00,55.0,79,3.2,28.4,0.83,1000.9,-99,0.0,9.3,77,2018-09-15T08:00:00+08:00,新北市,06,三峽區,057
24.940806,121.361500,三峽,C0AC60,2018-09-15T09:00:00+08:00,55.0,69,3.3,28.0,0.88,1000.9,-99,0.0,11.5,92,2018-09-15T08:03:00+08:00,新北市,06,三峽區,057
24.940806,121.361500,三峽,C0AC60,2018-09-15T10:00:00+08:00,55.0,95,1.2,27.8,0.93,1000.3,-99,2.5,12.6,109,2018-09-15T09:07:00+08:00,新北市,06,三峽區,057
24.940806,121.361500,三峽,C0AC60,2018-09-15T11:00:00+08:00,55.0,85,1.7,28.3,0.89,999.7,-99,5.5,9.3,54,2018-09-15T10:18:00+08:00,新北市,06,三峽區,057
24.940806,121.361500,三峽,C0AC60,2018-09-15T12:00:00+08:00,55.0,91,3.2,29.5,0.75,999.9,-99,6.0,9.3,70,2018-09-15T11:53:00+08:00,新北市,06,三峽區,057
24.940806,121.361500,三峽,C0AC60,2018-09-15T13:00:00+08:00,55.0,88,3.5,29.6,0.73,999.1,-99,6.0,9.3,81,2018-09-15T12:10:00+08:00,新北市,06,三峽區,057
24.940806,121.361500,三峽,C0AC60,2018-09-15T14:00:00+08:00,55.0,90,2.6,29.4,0.77,997.9,-99,6.0,7.7,99,2018-09-15T13:20:00+08:00,新北市,06,三峽區,057
24.940806,121.361500,三峽,C0AC60,2018-09-15T15:00:00+08:00,55.0,92,2.8,29.6,0.74,997.5,-99,6.0,9.9,57,2018-09-15T14:28:00+08:00,新北市,06,三峽區,057
24.940806,121.361500,三峽,C0AC60,2018-09-15T16:00:00+08:00,55.0,96,1.7,29.3,0.76,997.5,-99,6.0,8.8,78,2018-09-15T15:04:00+08:00,新北市,06,三峽區,057
24.940806,121.361500,三峽,C0AC60,2018-09-15T17:00:00+08:00,55.0,89,3.0,28.7,0.8,997.6,-99,6.0,9.9,74,2018-09-15T16:11:00+08:00,新北市,06,三峽區,057
24.940806,121.361500,三峽,C0AC60,2018-09-15T18:00:00+08:00,55.0,94,2.1,28.1,0.86,997.7,-99,7.5,9.3,99,2018-09-15T17:11:00+08:00,新北市,06,三峽區,057
24.940806,121.361500,三峽,C0AC60,2018-09-15T19:00:00+08:00,55.0,115,1.0,27.0,0.93,998.6,-99,9.5,9.9,92,2018-09-15T18:38:00+08:00,新北市,06,三峽區,057
24.940806,121.361500,三峽,C0AC60,2018-09-15T20:00:00+08:00,55.0,92,4.4,28.0,0.86,998.7,-99,15.5,10.4,90,2018-09-15T19:59:00+08:00,新北市,06,三峽區,057
24.940806,121.361500,三峽,C0AC60,2018-09-15T21:00:00+08:00,55.0,90,2.1,28.7,0.82,998.8,-99,16.0,9.9,88,2018-09-15T20:05:00+08:00,新北市,06,三峽區,057
24.940806,121.361500,三峽,C0AC60,2018-09-15T22:00:00+08:00,55.0,96,1.7,28.3,0.85,998.6,-99,16.5,8.2,64,2018-09-15T21:15:00+08:00,新北市,06,三峽區,057
24.940806,121.361500,三峽,C0AC60,2018-09-15T23:00:00+08:00,55.0,87,3.4,28.1,0.88,998.4,-99,17.5,12.1,77,2018-09-15T22:58:00+08:00,新北市,06,三峽區,057
24.940806,121.361500,三峽,C0AC60,2018-09-16T00:00:00+08:00,55.0,93,3.5,26.7,0.95,998.1,-99,20.0,-99,-99,-99,新北市,06,三峽區,057
24.940806,121.361500,三峽,C0AC60,2018-09-16T01:00:00+08:00,55.0,93,3.3,27.9,0.87,998.1,-99,0.5,8.8,83,2018-09-16T00:42:00+08:00,新北市,06,三峽區,057
24.940806,121.361500,三峽,C0AC60,2018-09-16T02:00:00+08:00,55.0,92,3.0,28.0,0.87,997.9,-99,0.5,8.2,71,2018-09-16T01:51:00+08:00,新北市,06,三峽區,057
24.940806,121.361500,三峽,C0AC60,2018-09-16T03:00:00+08:00,55.0,93,2.1,27.9,0.85,997.4,-99,0.5,8.8,76,2018-09-16T02:32:00+08:00,新北市,06,三峽區,057
24.940806,121.361500,三峽,C0AC60,2018-09-16T04:00:00+08:00,55.0,93,2.3,28.5,0.84,997.5,-99,0.5,-99,-99,-99,新北市,06,三峽區,057
24.940806,121.361500,三峽,C0AC60,2018-09-16T05:00:00+08:00,55.0,95,1.8,28.9,0.8,997.8,-99,0.5,-99,-99,-99,新北市,06,三峽區,057
24.940806,121.361500,三峽,C0AC60,2018-09-16T06:00:00+08:00,55.0,98,1.4,29.4,0.73,998.3,-99,0.5,-99,-99,-99,新北市,06,三峽區,057
24.940806,121.361500,三峽,C0AC60,2018-09-16T07:00:00+08:00,55.0,92,3.0,29.1,0.75,998.5,-99,0.5,-99,-99,-99,新北市,06,三峽區,057
24.940806,121.361500,三峽,C0AC60,2018-09-16T08:00:00+08:00,55.0,87,3.2,30.6,0.62,999.4,-99,0.5,8.8,84,2018-09-16T07:26:00+08:00,新北市,06,三峽區,057
24.940806,121.361500,三峽,C0AC60,2018-09-16T09:00:00+08:00,55.0,293,1.5,30.5,0.63,1000.2,-99,0.5,7.7,71,2018-09-16T08:24:00+08:00,新北市,06,三峽區,057
24.940806,121.361500,三峽,C0AC60,2018-09-16T10:00:00+08:00,55.0,32,0.5,30.6,0.68,1000.5,-99,0.5,-99,-99,-99,新北市,06,三峽區,057
24.940806,121.361500,三峽,C0AC60,2018-09-16T11:00:00+08:00,55.0,245,0.9,31.8,0.6,1001.1,-99,0.5,-99,-99,-99,新北市,06,三峽區,057
24.940806,121.361500,三峽,C0AC60,2018-09-16T13:00:00+08:00,55.0,0,0.2,33.9,0.55,1000.8,-99,0.5,-99,-99,-99,新北市,06,三峽區,057
24.940806,121.361500,三峽,C0AC60,2018-09-16T14:00:00+08:00,55.0,89,1.2,33.4,0.59,1001.4,-99,0.5,-99,-99,-99,新北市,06,三峽區,057
24.940806,121.361500,三峽,C0AC60,2018-09-16T15:00:00+08:00,55.0,238,0.8,32.5,0.62,1000.8,-99,0.5,-99,-99,-99,新北市,06,三峽區,057
24.940806,121.361500,三峽,C0AC60,2018-09-16T16:00:00+08:00,55.0,321,0.7,31.6,0.68,1001.9,-99,0.5,-99,-99,-99,新北市,06,三峽區,057
24.940806,121.361500,三峽,C0AC60,2018-09-16T17:00:00+08:00,55.0,0,0.0,31.3,0.69,1002.7,-99,0.5,-99,-99,-99,新北市,06,三峽區,057
24.940806,121.361500,三峽,C0AC60,2018-09-16T18:00:00+08:00,55.0,178,0.4,29.9,0.78,1003.0,-99,0.5,-99,-99,-99,新北市,06,三峽區,057
24.940806,121.361500,三峽,C0AC60,2018-09-16T19:00:00+08:00,55.0,0,0.1,29.1,0.86,1003.4,-99,0.5,-99,-99,-99,新北市,06,三峽區,057
24.940806,121.361500,三峽,C0AC60,2018-09-16T20:00:00+08:00,55.0,89,1.7,28.3,0.88,1004.4,-99,0.5,-99,-99,-99,新北市,06,三峽區,057
24.940806,121.361500,三峽,C0AC60,2018-09-16T21:00:00+08:00,55.0,156,0.4,28.1,0.88,1005.4,-99,0.5,-99,-99,-99,新北市,06,三峽區,057
24.940806,121.361500,三峽,C0AC60,2018-09-16T22:00:00+08:00,55.0,153,1.5,27.6,0.9,1005.3,-99,0.5,-99,-99,-99,新北市,06,三峽區,057
24.940806,121.361500,三峽,C0AC60,2018-09-16T23:00:00+08:00,55.0,0,0.2,27.2,0.9,1005.3,-99,0.5,-99,-99,-99,新北市,06,三峽區,057
24.940806,121.361500,三峽,C0AC60,2018-09-17T00:00:00+08:00,55.0,158,1.9,26.6,0.92,1005.1,-99,0.5,-99,-99,-99,新北市,06,三峽區,057
24.940806,121.361500,三峽,C0AC60,2018-09-17T01:00:00+08:00,55.0,0,0.1,26.6,0.93,1005.3,-99,0.0,-99,-99,-99,新北市,06,三峽區,057
24.940806,121.361500,三峽,C0AC60,2018-09-17T02:00:00+08:00,55.0,198,0.5,26.0,0.95,1005.0,-99,0.0,-99,-99,-99,新北市,06,三峽區,057
24.940806,121.361500,三峽,C0AC60,2018-09-17T03:00:00+08:00,55.0,145,0.6,26.1,0.93,1005.0,-99,0.0,-99,-99,-99,新北市,06,三峽區,057
24.940806,121.361500,三峽,C0AC60,2018-09-17T04:00:00+08:00,55.0,151,0.9,25.9,0.94,1005.6,-99,0.0,-99,-99,-99,新北市,06,三峽區,057
24.940806,121.361500,三峽,C0AC60,2018-09-17T05:00:00+08:00,55.0,158,0.8,25.9,0.93,1005.9,-99,0.0,-99,-99,-99,新北市,06,三峽區,057
24.940806,121.361500,三峽,C0AC60,2018-09-17T06:00:00+08:00,55.0,156,1.0,25.6,0.95,1006.4,-99,0.0,-99,-99,-99,新北市,06,三峽區,057
24.940806,121.361500,三峽,C0AC60,2018-09-17T07:00:00+08:00,55.0,174,0.8,26.2,0.92,1006.8,-99,0.0,-99,-99,-99,新北市,06,三峽區,057
24.940806,121.361500,三峽,C0AC60,2018-09-17T08:00:00+08:00,55.0,0,0.2,29.2,0.76,1007.0,-99,0.0,-99,-99,-99,新北市,06,三峽區,057
24.940806,121.361500,三峽,C0AC60,2018-09-17T09:00:00+08:00,55.0,0,0.0,32.4,0.63,1007.2,-99,0.0,-99,-99,-99,新北市,06,三峽區,057
24.940806,121.361500,三峽,C0AC60,2018-09-17T10:00:00+08:00,55.0,0,0.0,33.7,0.54,1006.9,-99,0.0,-99,-99,-99,新北市,06,三峽區,057
24.940806,121.361500,三峽,C0AC60,2018-09-17T11:00:00+08:00,55.0,96,0.8,35.5,0.47,1006.4,-99,0.0,-99,-99,-99,新北市,06,三峽區,057
24.940806,121.361500,三峽,C0AC60,2018-09-17T12:00:00+08:00,55.0,90,1.2,36.1,0.46,1005.5,-99,0.0,-99,-99,-99,新北市,06,三峽區,057
24.940806,121.361500,三峽,C0AC60,2018-09-17T13:00:00+08:00,55.0,247,0.4,36.6,0.43,1004.9,-99,0.0,-99,-99,-99,新北市,06,三峽區,057
24.940806,121.361500,三峽,C0AC60,2018-09-17T14:00:00+08:00,55.0,312,1.4,36.4,0.45,1004.2,-99,0.0,-99,-99,-99,新北市,06,三峽區,057
24.940806,121.361500,三峽,C0AC60,2018-09-17T15:00:00+08:00,55.0,331,1.9,35.5,0.48,1004.2,-99,0.0,-99,-99,-99,新北市,06,三峽區,057
24.940806,121.361500,三峽,C0AC60,2018-09-17T16:00:00+08:00,55.0,340,1.4,34.6,0.48,1004.5,-99,0.0,-99,-99,-99,新北市,06,三峽區,057
24.940806,121.361500,三峽,C0AC60,2018-09-17T17:00:00+08:00,55.0,305,1.4,33.1,0.59,1005.3,-99,0.0,-99,-99,-99,新北市,06,三峽區,057
24.940806,121.361500,三峽,C0AC60,2018-09-17T18:00:00+08:00,55.0,0,0.2,31.6,0.68,1005.6,-99,0.0,-99,-99,-99,新北市,06,三峽區,057
24.940806,121.361500,三峽,C0AC60,2018-09-17T19:00:00+08:00,55.0,216,0.4,30.3,0.77,1006.6,-99,0.0,-99,-99,-99,新北市,06,三峽區,057
24.940806,121.361500,三峽,C0AC60,2018-09-17T20:00:00+08:00,55.0,212,0.4,29.5,0.8,1007.6,-99,0.0,-99,-99,-99,新北市,06,三峽區,057
24.940806,121.361500,三峽,C0AC60,2018-09-17T21:00:00+08:00,55.0,212,1.1,28.6,0.82,1008.6,-99,0.0,-99,-99,-99,新北市,06,三峽區,057
24.940806,121.361500,三峽,C0AC60,2018-09-17T22:00:00+08:00,55.0,201,0.5,27.9,0.92,1009.0,-99,0.0,-99,-99,-99,新北市,06,三峽區,057
24.940806,121.361500,三峽,C0AC60,2018-09-17T23:00:00+08:00,55.0,0,0.1,27.9,0.89,1009.1,-99,0.0,-99,-99,-99,新北市,06,三峽區,057
24.940806,121.361500,三峽,C0AC60,2018-09-18T00:00:00+08:00,55.0,216,0.9,27.2,0.93,1009.4,-99,0.0,-99,-99,-99,新北市,06,三峽區,057
24.940806,121.361500,三峽,C0AC60,2018-09-18T01:00:00+08:00,55.0,202,0.3,27.1,0.94,1009.3,-99,0.0,-99,-99,-99,新北市,06,三峽區,057
24.940806,121.361500,三峽,C0AC60,2018-09-18T02:00:00+08:00,55.0,204,1.6,26.9,0.91,1008.7,-99,0.0,-99,-99,-99,新北市,06,三峽區,057
24.940806,121.361500,三峽,C0AC60,2018-09-18T03:00:00+08:00,55.0,212,0.5,26.9,0.92,1008.8,-99,0.0,-99,-99,-99,新北市,06,三峽區,057
24.940806,121.361500,三峽,C0AC60,2018-09-18T04:00:00+08:00,55.0,222,0.7,26.4,0.92,1008.8,-99,0.0,-99,-99,-99,新北市,06,三峽區,057
24.940806,121.361500,三峽,C0AC60,2018-09-18T05:00:00+08:00,55.0,173,0.7,26.3,0.91,1008.9,-99,0.0,-99,-99,-99,新北市,06,三峽區,057
24.940806,121.361500,三峽,C0AC60,2018-09-18T06:00:00+08:00,55.0,0,0.2,26.1,0.93,1008.8,-99,0.0,-99,-99,-99,新北市,06,三峽區,057
24.940806,121.361500,三峽,C0AC60,2018-09-18T07:00:00+08:00,55.0,169,1.1,26.7,0.89,1009.2,-99,0.0,-99,-99,-99,新北市,06,三峽區,057
24.940806,121.361500,三峽,C0AC60,2018-09-18T08:00:00+08:00,55.0,0,0.0,28.9,0.83,1009.3,-99,0.0,-99,-99,-99,新北市,06,三峽區,057
24.940806,121.361500,三峽,C0AC60,2018-09-18T09:00:00+08:00,55.0,15,0.4,30.7,0.69,1009.4,-99,0.0,-99,-99,-99,新北市,06,三峽區,057
24.940806,121.361500,三峽,C0AC60,2018-09-18T10:00:00+08:00,55.0,331,0.3,32.4,0.6,1009.1,-99,0.0,-99,-99,-99,新北市,06,三峽區,057
24.940806,121.361500,三峽,C0AC60,2018-09-18T11:00:00+08:00,55.0,75,0.7,34.1,0.54,1008.1,-99,0.0,-99,-99,-99,新北市,06,三峽區,057
24.940806,121.361500,三峽,C0AC60,2018-09-18T12:00:00+08:00,55.0,74,1.1,35.7,0.47,1007.1,-99,0.0,-99,-99,-99,新北市,06,三峽區,057
24.940806,121.361500,三峽,C0AC60,2018-09-18T13:00:00+08:00,55.0,47,2.1,36.1,0.43,1006.0,-99,0.0,-99,-99,-99,新北市,06,三峽區,057
24.940806,121.361500,三峽,C0AC60,2018-09-18T14:00:00+08:00,55.0,98,2.0,36.7,0.42,1005.2,-99,0.0,-99,-99,-99,新北市,06,三峽區,057
24.940806,121.361500,三峽,C0AC60,2018-09-18T16:00:00+08:00,55.0,79,1.9,34.9,0.48,1004.5,-99,0.0,8.8,72,2018-09-18T15:09:00+08:00,新北市,06,三峽區,057
24.940806,121.361500,三峽,C0AC60,2018-09-18T17:00:00+08:00,55.0,78,2.1,33.1,0.52,1004.7,-99,0.0,10.4,68,2018-09-18T16:10:00+08:00,新北市,06,三峽區,057
24.940806,121.361500,三峽,C0AC60,2018-09-18T18:00:00+08:00,55.0,87,2.6,30.9,0.57,1005.2,-99,0.0,7.7,65,2018-09-18T17:04:00+08:00,新北市,06,三峽區,057
24.940806,121.361500,三峽,C0AC60,2018-09-18T19:00:00+08:00,55.0,85,2.2,29.9,0.61,1006.0,-99,0.0,7.7,87,2018-09-18T18:04:00+08:00,新北市,06,三峽區,057
24.940806,121.361500,三峽,C0AC60,2018-09-18T20:00:00+08:00,55.0,87,1.7,29.5,0.62,1006.9,-99,0.0,7.7,70,2018-09-18T19:11:00+08:00,新北市,06,三峽區,057
24.940806,121.361500,三峽,C0AC60,2018-09-18T21:00:00+08:00,55.0,97,2.3,29.4,0.62,1007.7,-99,0.0,-99,-99,-99,新北市,06,三峽區,057
24.940806,121.361500,三峽,C0AC60,2018-09-18T22:00:00+08:00,55.0,97,1.4,29.1,0.63,1007.9,-99,0.0,-99,-99,-99,新北市,06,三峽區,057
24.940806,121.361500,三峽,C0AC60,2018-09-18T23:00:00+08:00,55.0,88,1.4,28.9,0.65,1007.6,-99,0.0,8.2,65,2018-09-18T22:48:00+08:00,新北市,06,三峽區,057
24.940806,121.361500,三峽,C0AC60,2018-09-19T00:00:00+08:00,55.0,90,1.3,28.5,0.67,1007.5,-99,0.0,-99,-99,-99,新北市,06,三峽區,057
24.940806,121.361500,三峽,C0AC60,2018-09-19T01:00:00+08:00,55.0,169,1.4,27.1,0.72,1007.1,-99,0.0,-99,-99,-99,新北市,06,三峽區,057
24.940806,121.361500,三峽,C0AC60,2018-09-19T02:00:00+08:00,55.0,174,0.9,25.8,0.77,1006.8,-99,0.0,-99,-99,-99,新北市,06,三峽區,057
24.940806,121.361500,三峽,C0AC60,2018-09-19T03:00:00+08:00,55.0,158,2.6,24.9,0.81,1006.5,-99,0.0,-99,-99,-99,新北市,06,三峽區,057
24.940806,121.361500,三峽,C0AC60,2018-09-19T04:00:00+08:00,55.0,162,2.6,24.8,0.79,1006.4,-99,0.0,-99,-99,-99,新北市,06,三峽區,057
24.940806,121.361500,三峽,C0AC60,2018-09-19T05:00:00+08:00,55.0,151,1.0,24.9,0.77,1006.4,-99,0.0,-99,-99,-99,新北市,06,三峽區,057
24.940806,121.361500,三峽,C0AC60,2018-09-19T06:00:00+08:00,55.0,152,1.9,24.6,0.78,1006.9,-99,0.0,-99,-99,-99,新北市,06,三峽區,057
24.940806,121.361500,三峽,C0AC60,2018-09-19T07:00:00+08:00,55.0,0,0.2,25.5,0.76,1007.2,-99,0.0,-99,-99,-99,新北市,06,三峽區,057
24.940806,121.361500,三峽,C0AC60,2018-09-19T08:00:00+08:00,55.0,0,0.0,28.2,0.64,1007.6,-99,0.0,-99,-99,-99,新北市,06,三峽區,057
24.940806,121.361500,三峽,C0AC60,2018-09-19T09:00:00+08:00,55.0,216,0.5,29.6,0.59,1007.5,-99,0.0,-99,-99,-99,新北市,06,三峽區,057
24.940806,121.361500,三峽,C0AC60,2018-09-19T10:00:00+08:00,55.0,301,0.5,31.3,0.52,1007.1,-99,0.0,-99,-99,-99,新北市,06,三峽區,057
24.940806,121.361500,三峽,C0AC60,2018-09-19T11:00:00+08:00,55.0,0,0.2,33.0,0.5,1006.6,-99,0.0,-99,-99,-99,新北市,06,三峽區,057
24.940806,121.361500,三峽,C0AC60,2018-09-19T12:00:00+08:00,55.0,33,2.2,34.0,0.47,1005.7,-99,0.0,-99,-99,-99,新北市,06,三峽區,057
24.940806,121.361500,三峽,C0AC60,2018-09-19T13:00:00+08:00,55.0,321,1.5,32.8,0.57,1005.3,-99,0.0,-99,-99,-99,新北市,06,三峽區,057
24.940806,121.361500,三峽,C0AC60,2018-09-19T14:00:00+08:00,55.0,292,1.3,33.6,0.54,1004.6,-99,0.0,-99,-99,-99,新北市,06,三峽區,057
24.940806,121.361500,三峽,C0AC60,2018-09-19T15:00:00+08:00,55.0,296,0.9,33.9,0.53,1004.1,-99,0.0,-99,-99,-99,新北市,06,三峽區,057
24.940806,121.361500,三峽,C0AC60,2018-09-19T16:00:00+08:00,55.0,295,1.1,34.0,0.54,1003.7,-99,0.0,-99,-99,-99,新北市,06,三峽區,057
24.940806,121.361500,三峽,C0AC60,2018-09-19T17:00:00+08:00,55.0,240,0.6,31.9,0.62,1004.0,-99,0.0,-99,-99,-99,新北市,06,三峽區,057
24.940806,121.361500,三峽,C0AC60,2018-09-19T18:00:00+08:00,55.0,204,1.8,30.9,0.69,1004.3,-99,0.0,-99,-99,-99,新北市,06,三峽區,057
24.940806,121.361500,三峽,C0AC60,2018-09-19T19:00:00+08:00,55.0,0,0.0,29.7,0.74,1004.8,-99,0.0,-99,-99,-99,新北市,06,三峽區,057
24.940806,121.361500,三峽,C0AC60,2018-09-19T20:00:00+08:00,55.0,0,0.0,28.7,0.74,1005.2,-99,0.0,-99,-99,-99,新北市,06,三峽區,057
24.940806,121.361500,三峽,C0AC60,2018-09-19T21:00:00+08:00,55.0,91,1.2,27.6,0.79,1005.9,-99,0.0,-99,-99,-99,新北市,06,三峽區,057
24.940806,121.361500,三峽,C0AC60,2018-09-19T22:00:00+08:00,55.0,163,1.8,27.2,0.84,1006.0,-99,0.0,-99,-99,-99,新北市,06,三峽區,057
24.940806,121.361500,三峽,C0AC60,2018-09-19T23:00:00+08:00,55.0,0,0.2,26.2,0.89,1005.6,-99,0.0,-99,-99,-99,新北市,06,三峽區,057
24.940806,121.361500,三峽,C0AC60,2018-09-20T00:00:00+08:00,55.0,151,0.6,26.3,0.88,1005.1,-99,0.0,-99,-99,-99,新北市,06,三峽區,057
24.940806,121.361500,三峽,C0AC60,2018-09-20T01:00:00+08:00,55.0,197,0.4,25.2,0.92,1004.6,-99,0.0,-99,-99,-99,新北市,06,三峽區,057
24.940806,121.361500,三峽,C0AC60,2018-09-20T02:00:00+08:00,55.0,217,0.7,24.7,0.9,1004.0,-99,0.0,-99,-99,-99,新北市,06,三峽區,057
24.940806,121.361500,三峽,C0AC60,2018-09-20T03:00:00+08:00,55.0,207,1.0,24.3,0.94,1003.9,-99,0.0,-99,-99,-99,新北市,06,三峽區,057
24.940806,121.361500,三峽,C0AC60,2018-09-20T04:00:00+08:00,55.0,0,0.2,24.2,0.92,1004.1,-99,0.0,-99,-99,-99,新北市,06,三峽區,057
24.940806,121.361500,三峽,C0AC60,2018-09-20T05:00:00+08:00,55.0,0,0.1,23.9,0.94,1004.4,-99,0.0,-99,-99,-99,新北市,06,三峽區,057
24.940806,121.361500,三峽,C0AC60,2018-09-20T06:00:00+08:00,55.0,214,0.3,23.9,0.85,1004.8,-99,0.0,-99,-99,-99,新北市,06,三峽區,057
24.940806,121.361500,三峽,C0AC60,2018-09-20T07:00:00+08:00,55.0,230,0.8,24.7,0.82,1005.5,-99,0.0,-99,-99,-99,新北市,06,三峽區,057
24.940806,121.361500,三峽,C0AC60,2018-09-20T08:00:00+08:00,55.0,177,0.9,26.8,0.73,1005.8,-99,0.0,-99,-99,-99,新北市,06,三峽區,057
24.940806,121.361500,三峽,C0AC60,2018-09-20T09:00:00+08:00,55.0,0,0.0,29.3,0.66,1005.8,-99,0.0,-99,-99,-99,新北市,06,三峽區,057
24.940806,121.361500,三峽,C0AC60,2018-09-20T10:00:00+08:00,55.0,317,0.8,30.5,0.67,1005.4,-99,0.0,-99,-99,-99,新北市,06,三峽區,057
24.940806,121.361500,三峽,C0AC60,2018-09-20T11:00:00+08:00,55.0,281,0.6,32.1,0.6,1004.6,-99,0.0,-99,-99,-99,新北市,06,三峽區,057
24.940806,121.361500,三峽,C0AC60,2018-09-20T12:00:00+08:00,55.0,0,0.2,33.2,0.56,1003.9,-99,0.0,-99,-99,-99,新北市,06,三峽區,057
24.940806,121.361500,三峽,C0AC60,2018-09-20T13:00:00+08:00,55.0,346,1.4,33.9,0.56,1003.3,-99,0.0,-99,-99,-99,新北市,06,三峽區,057
24.940806,121.361500,三峽,C0AC60,2018-09-20T14:00:00+08:00,55.0,339,0.9,32.0,0.67,1003.0,-99,0.0,-99,-99,-99,新北市,06,三峽區,057
24.940806,121.361500,三峽,C0AC60,2018-09-20T15:00:00+08:00,55.0,342,1.7,31.2,0.7,1002.9,-99,0.0,-99,-99,-99,新北市,06,三峽區,057
24.940806,121.361500,三峽,C0AC60,2018-09-20T16:00:00+08:00,55.0,347,0.9,31.1,0.69,1003.1,-99,0.0,-99,-99,-99,新北市,06,三峽區,057
24.940806,121.361500,三峽,C0AC60,2018-09-20T17:00:00+08:00,55.0,352,1.7,30.2,0.73,1003.5,-99,0.0,-99,-99,-99,新北市,06,三峽區,057
24.940806,121.361500,三峽,C0AC60,2018-09-20T18:00:00+08:00,55.0,323,0.3,29.7,0.74,1003.8,-99,0.0,-99,-99,-99,新北市,06,三峽區,057
24.940806,121.361500,三峽,C0AC60,2018-09-20T19:00:00+08:00,55.0,0,0.1,29.2,0.79,1004.3,-99,0.0,-99,-99,-99,新北市,06,三峽區,057
24.940806,121.361500,三峽,C0AC60,2018-09-20T20:00:00+08:00,55.0,175,0.7,28.2,0.85,1004.8,-99,0.0,-99,-99,-99,新北市,06,三峽區,057
24.940806,121.361500,三峽,C0AC60,2018-09-20T21:00:00+08:00,55.0,207,0.3,27.2,0.91,1005.5,-99,0.0,-99,-99,-99,新北市,06,三峽區,057
24.940806,121.361500,三峽,C0AC60,2018-09-20T22:00:00+08:00,55.0,224,1.2,26.8,0.92,1005.7,-99,0.0,-99,-99,-99,新北市,06,三峽區,057
24.940806,121.361500,三峽,C0AC60,2018-09-20T23:00:00+08:00,55.0,203,0.5,26.5,0.93,1005.6,-99,0.0,-99,-99,-99,新北市,06,三峽區,057
24.940806,121.361500,三峽,C0AC60,2018-09-21T00:00:00+08:00,55.0,211,0.5,26.2,0.93,1005.4,-99,0.0,-99,-99,-99,新北市,06,三峽區,057
24.940806,121.361500,三峽,C0AC60,2018-09-21T01:00:00+08:00,55.0,224,0.6,26.0,0.92,1005.1,-99,0.0,-99,-99,-99,新北市,06,三峽區,057
24.940806,121.361500,三峽,C0AC60,2018-09-21T02:00:00+08:00,55.0,207,0.9,25.6,0.93,1005.0,-99,0.0,-99,-99,-99,新北市,06,三峽區,057
24.940806,121.361500,三峽,C0AC60,2018-09-21T03:00:00+08:00,55.0,0,0.0,25.4,0.95,1005.1,-99,0.0,-99,-99,-99,新北市,06,三峽區,057
24.940806,121.361500,三峽,C0AC60,2018-09-21T04:00:00+08:00,55.0,208,0.4,25.4,0.95,1005.3,-99,0.0,-99,-99,-99,新北市,06,三峽區,057
24.940806,121.361500,三峽,C0AC60,2018-09-21T05:00:00+08:00,55.0,168,0.9,25.7,0.93,1005.5,-99,0.0,-99,-99,-99,新北市,06,三峽區,057
24.940806,121.361500,三峽,C0AC60,2018-09-21T06:00:00+08:00,55.0,207,0.5,25.4,0.93,1005.8,-99,0.0,-99,-99,-99,新北市,06,三峽區,057
24.940806,121.361500,三峽,C0AC60,2018-09-21T07:00:00+08:00,55.0,196,0.4,25.8,0.92,1005.9,-99,0.0,-99,-99,-99,新北市,06,三峽區,057
24.940806,121.361500,三峽,C0AC60,2018-09-21T08:00:00+08:00,55.0,273,0.3,27.9,0.82,1006.0,-99,0.0,-99,-99,-99,新北市,06,三峽區,057
24.940806,121.361500,三峽,C0AC60,2018-09-21T09:00:00+08:00,55.0,318,1.0,29.3,0.75,1006.1,-99,0.0,-99,-99,-99,新北市,06,三峽區,057
24.940806,121.361500,三峽,C0AC60,2018-09-21T10:00:00+08:00,55.0,237,1.1,31.6,0.6,1005.9,-99,0.0,-99,-99,-99,新北市,06,三峽區,057
24.940806,121.361500,三峽,C0AC60,2018-09-21T11:00:00+08:00,55.0,270,1.6,32.7,0.48,1005.5,-99,0.0,-99,-99,-99,新北市,06,三峽區,057
24.940806,121.361500,三峽,C0AC60,2018-09-21T12:00:00+08:00,55.0,351,1.6,33.1,0.52,1004.9,-99,0.0,-99,-99,-99,新北市,06,三峽區,057
24.940806,121.361500,三峽,C0AC60,2018-09-21T13:00:00+08:00,55.0,307,1.8,33.0,0.56,1004.5,-99,0.0,-99,-99,-99,新北市,06,三峽區,057
24.940806,121.361500,三峽,C0AC60,2018-09-21T14:00:00+08:00,55.0,282,1.5,32.0,0.62,1004.3,-99,0.0,-99,-99,-99,新北市,06,三峽區,057
24.940806,121.361500,三峽,C0AC60,2018-09-21T15:00:00+08:00,55.0,253,1.8,32.0,0.62,1004.1,-99,0.0,-99,-99,-99,新北市,06,三峽區,057
24.940806,121.361500,三峽,C0AC60,2018-09-21T16:00:00+08:00,55.0,225,0.9,31.7,0.62,1004.2,-99,0.0,-99,-99,-99,新北市,06,三峽區,057
24.940806,121.361500,三峽,C0AC60,2018-09-21T17:00:00+08:00,55.0,212,0.9,31.2,0.63,1004.5,-99,0.0,-99,-99,-99,新北市,06,三峽區,057
24.940806,121.361500,三峽,C0AC60,2018-09-21T18:00:00+08:00,55.0,91,0.4,30.8,0.71,1005.2,-99,0.0,-99,-99,-99,新北市,06,三峽區,057
24.940806,121.361500,三峽,C0AC60,2018-09-21T19:00:00+08:00,55.0,67,0.9,30.0,0.74,1006.2,-99,0.0,-99,-99,-99,新北市,06,三峽區,057
24.940806,121.361500,三峽,C0AC60,2018-09-21T20:00:00+08:00,55.0,90,0.7,29.3,0.78,1007.5,-99,0.0,-99,-99,-99,新北市,06,三峽區,057
24.940806,121.361500,三峽,C0AC60,2018-09-21T21:00:00+08:00,55.0,204,0.8,28.1,0.88,1008.1,-99,0.0,-99,-99,-99,新北市,06,三峽區,057
24.940806,121.361500,三峽,C0AC60,2018-09-21T22:00:00+08:00,55.0,179,0.3,27.1,0.92,1008.2,-99,0.0,-99,-99,-99,新北市,06,三峽區,057
24.940806,121.361500,三峽,C0AC60,2018-09-21T23:00:00+08:00,55.0,189,0.3,26.7,0.93,1007.8,-99,0.0,-99,-99,-99,新北市,06,三峽區,057
24.940806,121.361500,三峽,C0AC60,2018-09-22T00:00:00+08:00,55.0,185,0.4,26.6,0.94,1008.6,-99,0.0,-99,-99,-99,新北市,06,三峽區,057
24.940806,121.361500,三峽,C0AC60,2018-09-22T01:00:00+08:00,55.0,213,0.4,26.4,0.93,1008.9,-99,0.0,-99,-99,-99,新北市,06,三峽區,057
24.940806,121.361500,三峽,C0AC60,2018-09-22T02:00:00+08:00,55.0,222,0.9,26.3,0.92,1008.3,-99,0.0,-99,-99,-99,新北市,06,三峽區,057
24.940806,121.361500,三峽,C0AC60,2018-09-22T03:00:00+08:00,55.0,216,0.8,26.2,0.91,1007.8,-99,0.0,-99,-99,-99,新北市,06,三峽區,057
24.940806,121.361500,三峽,C0AC60,2018-09-22T04:00:00+08:00,55.0,219,0.3,26.0,0.91,1007.6,-99,0.0,-99,-99,-99,新北市,06,三峽區,057
24.940806,121.361500,三峽,C0AC60,2018-09-22T05:00:00+08:00,55.0,179,0.3,25.6,0.92,1007.2,-99,0.0,-99,-99,-99,新北市,06,三峽區,057
24.940806,121.361500,三峽,C0AC60,2018-09-22T06:00:00+08:00,55.0,158,0.5,25.3,0.92,1007.3,-99,0.0,-99,-99,-99,新北市,06,三峽區,057
24.940806,121.361500,三峽,C0AC60,2018-09-22T07:00:00+08:00,55.0,184,0.7,25.3,0.91,1007.8,-99,0.0,-99,-99,-99,新北市,06,三峽區,057
24.940806,121.361500,三峽,C0AC60,2018-09-22T08:00:00+08:00,55.0,185,0.3,27.6,0.8,1008.5,-99,0.0,-99,-99,-99,新北市,06,三峽區,057
24.940806,121.361500,三峽,C0AC60,2018-09-22T09:00:00+08:00,55.0,207,1.0,30.0,0.66,1009.0,-99,0.0,-99,-99,-99,新北市,06,三峽區,057
24.940806,121.361500,三峽,C0AC60,2018-09-22T10:00:00+08:00,55.0,247,0.5,31.2,0.58,1008.9,-99,0.0,-99,-99,-99,新北市,06,三峽區,057
24.940806,121.361500,三峽,C0AC60,2018-09-22T11:00:00+08:00,55.0,0,0.2,31.3,0.58,1008.6,-99,0.0,-99,-99,-99,新北市,06,三峽區,057
24.940806,121.361500,三峽,C0AC60,2018-09-22T12:00:00+08:00,55.0,342,1.1,31.5,0.61,1007.9,-99,0.0,-99,-99,-99,新北市,06,三峽區,057
24.940806,121.361500,三峽,C0AC60,2018-09-22T14:00:00+08:00,55.0,0,0.2,30.6,0.66,1006.9,-99,0.0,-99,-99,-99,新北市,06,三峽區,057
24.940806,121.361500,三峽,C0AC60,2018-09-22T16:00:00+08:00,55.0,0,0.0,29.9,0.77,1006.8,-99,0.0,-99,-99,-99,新北市,06,三峽區,057
24.940806,121.361500,三峽,C0AC60,2018-09-22T17:00:00+08:00,55.0,85,1.6,29.1,0.78,1007.2,-99,0.0,-99,-99,-99,新北市,06,三峽區,057
24.940806,121.361500,三峽,C0AC60,2018-09-22T19:00:00+08:00,55.0,0,0.2,28.0,0.89,1007.9,-99,0.0,-99,-99,-99,新北市,06,三峽區,057
24.940806,121.361500,三峽,C0AC60,2018-09-22T20:00:00+08:00,55.0,120,0.6,28.3,0.85,1008.2,-99,0.0,-99,-99,-99,新北市,06,三峽區,057
24.940806,121.361500,三峽,C0AC60,2018-09-22T21:00:00+08:00,55.0,84,1.4,28.1,0.83,1008.4,-99,0.0,-99,-99,-99,新北市,06,三峽區,057
24.940806,121.361500,三峽,C0AC60,2018-09-22T22:00:00+08:00,55.0,99,1.3,27.9,0.83,1008.6,-99,0.0,7.1,76,2018-09-22T21:11:00+08:00,新北市,06,三峽區,057
24.940806,121.361500,三峽,C0AC60,2018-09-22T23:00:00+08:00,55.0,96,0.9,27.7,0.84,1008.7,-99,0.0,-99,-99,-99,新北市,06,三峽區,057
24.940806,121.361500,三峽,C0AC60,2018-09-23T00:00:00+08:00,55.0,160,1.2,26.7,0.91,1008.6,-99,0.0,-99,-99,-99,新北市,06,三峽區,057
24.940806,121.361500,三峽,C0AC60,2018-09-23T01:00:00+08:00,55.0,205,0.3,26.2,0.92,1008.1,-99,0.0,-99,-99,-99,新北市,06,三峽區,057
24.940806,121.361500,三峽,C0AC60,2018-09-23T02:00:00+08:00,55.0,161,1.2,26.1,0.93,1007.5,-99,0.0,-99,-99,-99,新北市,06,三峽區,057
24.940806,121.361500,三峽,C0AC60,2018-09-23T03:00:00+08:00,55.0,171,1.0,25.7,0.95,1007.0,-99,0.0,-99,-99,-99,新北市,06,三峽區,057
24.940806,121.361500,三峽,C0AC60,2018-09-23T04:00:00+08:00,55.0,217,0.9,25.4,0.95,1007.4,-99,0.0,-99,-99,-99,新北市,06,三峽區,057
24.940806,121.361500,三峽,C0AC60,2018-09-23T05:00:00+08:00,55.0,214,0.5,25.1,0.96,1007.2,-99,0.0,-99,-99,-99,新北市,06,三峽區,057
24.940806,121.361500,三峽,C0AC60,2018-09-23T06:00:00+08:00,55.0,204,0.4,25.0,0.95,1007.6,-99,0.0,-99,-99,-99,新北市,06,三峽區,057
24.940806,121.361500,三峽,C0AC60,2018-09-23T07:00:00+08:00,55.0,196,0.6,25.5,0.94,1008.1,-99,0.0,-99,-99,-99,新北市,06,三峽區,057
24.940806,121.361500,三峽,C0AC60,2018-09-23T08:00:00+08:00,55.0,0,0.2,27.5,0.85,1008.5,-99,0.0,-99,-99,-99,新北市,06,三峽區,057
24.940806,121.361500,三峽,C0AC60,2018-09-23T09:00:00+08:00,55.0,0,0.1,29.7,0.7,1008.1,-99,0.0,-99,-99,-99,新北市,06,三峽區,057
24.940806,121.361500,三峽,C0AC60,2018-09-23T10:00:00+08:00,55.0,316,1.6,30.6,0.64,1008.1,-99,0.0,-99,-99,-99,新北市,06,三峽區,057
24.940806,121.361500,三峽,C0AC60,2018-09-23T11:00:00+08:00,55.0,273,0.9,31.6,0.63,1007.6,-99,0.0,-99,-99,-99,新北市,06,三峽區,057
24.940806,121.361500,三峽,C0AC60,2018-09-23T12:00:00+08:00,55.0,246,0.9,32.3,0.61,1006.5,-99,0.0,-99,-99,-99,新北市,06,三峽區,057
24.940806,121.361500,三峽,C0AC60,2018-09-23T13:00:00+08:00,55.0,47,1.3,33.0,0.61,1005.6,-99,0.0,-99,-99,-99,新北市,06,三峽區,057
24.940806,121.361500,三峽,C0AC60,2018-09-23T14:00:00+08:00,55.0,67,1.0,27.2,0.99,1005.4,-99,6.0,7.7,83,2018-09-23T13:06:00+08:00,新北市,06,三峽區,057
24.940806,121.361500,三峽,C0AC60,2018-09-23T15:00:00+08:00,55.0,74,1.6,28.8,0.86,1005.2,-99,6.0,-99,-99,-99,新北市,06,三峽區,057
24.940806,121.361500,三峽,C0AC60,2018-09-23T16:00:00+08:00,55.0,81,1.5,29.4,0.83,1005.3,-99,6.0,6.6,81,2018-09-23T15:22:00+08:00,新北市,06,三峽區,057
24.940806,121.361500,三峽,C0AC60,2018-09-23T19:00:00+08:00,55.0,95,1.4,27.9,0.87,1005.7,-99,6.0,-99,-99,-99,新北市,06,三峽區,057
24.940806,121.361500,三峽,C0AC60,2018-09-23T20:00:00+08:00,55.0,92,0.6,27.5,0.9,1006.5,-99,6.0,-99,-99,-99,新北市,06,三峽區,057
24.940806,121.361500,三峽,C0AC60,2018-09-23T21:00:00+08:00,55.0,81,0.7,27.2,0.92,1007.3,-99,6.0,-99,-99,-99,新北市,06,三峽區,057
24.940806,121.361500,三峽,C0AC60,2018-09-23T22:00:00+08:00,55.0,0,0.0,26.8,0.94,1007.6,-99,6.0,-99,-99,-99,新北市,06,三峽區,057
24.940806,121.361500,三峽,C0AC60,2018-09-23T23:00:00+08:00,55.0,0,0.1,26.6,0.94,1007.5,-99,6.0,-99,-99,-99,新北市,06,三峽區,057
24.940806,121.361500,三峽,C0AC60,2018-09-24T00:00:00+08:00,55.0,195,0.8,26.4,0.94,1007.3,-99,6.0,-99,-99,-99,新北市,06,三峽區,057
24.940806,121.361500,三峽,C0AC60,2018-09-24T01:00:00+08:00,55.0,0,0.0,25.9,0.96,1006.5,-99,0.0,-99,-99,-99,新北市,06,三峽區,057
24.940806,121.361500,三峽,C0AC60,2018-09-24T02:00:00+08:00,55.0,73,0.3,26.2,0.92,1006.0,-99,0.0,-99,-99,-99,新北市,06,三峽區,057
24.940806,121.361500,三峽,C0AC60,2018-09-24T03:00:00+08:00,55.0,0,0.0,25.6,0.98,1005.3,-99,0.5,-99,-99,-99,新北市,06,三峽區,057
24.940806,121.361500,三峽,C0AC60,2018-09-24T04:00:00+08:00,55.0,93,0.9,25.3,0.99,1004.8,-99,1.0,-99,-99,-99,新北市,06,三峽區,057
24.940806,121.361500,三峽,C0AC60,2018-09-24T05:00:00+08:00,55.0,90,0.7,24.9,0.99,1004.9,-99,3.0,-99,-99,-99,新北市,06,三峽區,057
24.940806,121.361500,三峽,C0AC60,2018-09-24T06:00:00+08:00,55.0,90,0.7,24.9,0.99,1005.4,-99,3.0,-99,-99,-99,新北市,06,三峽區,057
24.940806,121.361500,三峽,C0AC60,2018-09-24T07:00:00+08:00,55.0,98,0.8,25.1,0.96,1005.6,-99,3.0,-99,-99,-99,新北市,06,三峽區,057
24.940806,121.361500,三峽,C0AC60,2018-09-24T08:00:00+08:00,55.0,87,0.7,26.0,0.92,1006.3,-99,3.0,-99,-99,-99,新北市,06,三峽區,057
24.940806,121.361500,三峽,C0AC60,2018-09-24T09:00:00+08:00,55.0,0,0.1,26.9,0.89,1006.5,-99,3.0,-99,-99,-99,新北市,06,三峽區,057
24.940806,121.361500,三峽,C0AC60,2018-09-24T10:00:00+08:00,55.0,89,0.6,27.4,0.9,1006.2,-99,3.0,-99,-99,-99,新北市,06,三峽區,057
24.940806,121.361500,三峽,C0AC60,2018-09-24T11:00:00+08:00,55.0,78,0.9,28.5,0.84,1005.7,-99,3.0,-99,-99,-99,新北市,06,三峽區,057
24.940806,121.361500,三峽,C0AC60,2018-09-24T13:00:00+08:00,55.0,94,1.3,29.1,0.72,1004.5,-99,3.0,7.7,66,2018-09-24T12:30:00+08:00,新北市,06,三峽區,057
24.940806,121.361500,三峽,C0AC60,2018-09-24T14:00:00+08:00,55.0,89,1.2,29.0,0.7,1003.8,-99,3.0,-99,-99,-99,新北市,06,三峽區,057
24.940806,121.361500,三峽,C0AC60,2018-09-24T17:00:00+08:00,55.0,94,1.6,27.7,0.73,1003.9,-99,3.0,7.1,104,2018-09-24T16:31:00+08:00,新北市,06,三峽區,057
24.940806,121.361500,三峽,C0AC60,2018-09-24T18:00:00+08:00,55.0,71,2.2,26.2,0.83,1004.3,-99,3.5,-99,-99,-99,新北市,06,三峽區,057
24.940806,121.361500,三峽,C0AC60,2018-09-24T20:00:00+08:00,55.0,101,1.0,25.8,0.89,1004.8,-99,3.5,-99,-99,-99,新北市,06,三峽區,057
24.940806,121.361500,三峽,C0AC60,2018-09-24T21:00:00+08:00,55.0,87,1.5,24.7,0.97,1005.6,-99,6.0,-99,-99,-99,新北市,06,三峽區,057
24.940806,121.361500,三峽,C0AC60,2018-09-24T22:00:00+08:00,55.0,99,1.1,24.2,0.99,1005.4,-99,6.5,-99,-99,-99,新北市,06,三峽區,057
24.940806,121.361500,三峽,C0AC60,2018-09-24T23:00:00+08:00,55.0,14,0.6,24.1,1,1005.3,-99,9.0,-99,-99,-99,新北市,06,三峽區,057
24.940806,121.361500,三峽,C0AC60,2018-09-25T00:00:00+08:00,55.0,0,0.0,24.4,0.99,1004.9,-99,9.0,-99,-99,-99,新北市,06,三峽區,057
24.940806,121.361500,三峽,C0AC60,2018-09-25T01:00:00+08:00,55.0,0,0.0,24.3,0.99,1004.2,-99,0.5,-99,-99,-99,新北市,06,三峽區,057
24.940806,121.361500,三峽,C0AC60,2018-09-25T02:00:00+08:00,55.0,0,0.1,25.2,0.92,1003.6,-99,0.5,-99,-99,-99,新北市,06,三峽區,057
24.940806,121.361500,三峽,C0AC60,2018-09-25T03:00:00+08:00,55.0,0,0.0,24.8,0.97,1003.2,-99,0.5,-99,-99,-99,新北市,06,三峽區,057
24.940806,121.361500,三峽,C0AC60,2018-09-25T04:00:00+08:00,55.0,93,1.5,25.3,0.91,1003.3,-99,0.5,-99,-99,-99,新北市,06,三峽區,057
24.940806,121.361500,三峽,C0AC60,2018-09-25T05:00:00+08:00,55.0,96,1.5,25.4,0.86,1003.5,-99,0.5,-99,-99,-99,新北市,06,三峽區,057
24.940806,121.361500,三峽,C0AC60,2018-09-25T06:00:00+08:00,55.0,103,0.8,25.3,0.87,1003.9,-99,0.5,-99,-99,-99,新北市,06,三峽區,057
24.940806,121.361500,三峽,C0AC60,2018-09-25T07:00:00+08:00,55.0,113,0.7,25.2,0.91,1004.1,-99,0.5,-99,-99,-99,新北市,06,三峽區,057
24.940806,121.361500,三峽,C0AC60,2018-09-25T08:00:00+08:00,55.0,92,2.5,26.7,0.82,1004.7,-99,0.5,-99,-99,-99,新北市,06,三峽區,057
24.940806,121.361500,三峽,C0AC60,2018-09-25T09:00:00+08:00,55.0,100,1.5,28.6,0.69,1004.7,-99,0.5,-99,-99,-99,新北市,06,三峽區,057
24.940806,121.361500,三峽,C0AC60,2018-09-25T10:00:00+08:00,55.0,93,2.3,28.7,0.7,1004.6,-99,0.5,-99,-99,-99,新北市,06,三峽區,057
24.940806,121.361500,三峽,C0AC60,2018-09-25T11:00:00+08:00,55.0,91,2.4,29.8,0.6,1004.4,-99,0.5,7.7,62,2018-09-25T10:16:00+08:00,新北市,06,三峽區,057
24.940806,121.361500,三峽,C0AC60,2018-09-25T12:00:00+08:00,55.0,82,3.3,30.1,0.55,1003.4,-99,0.5,9.3,77,2018-09-25T11:56:00+08:00,新北市,06,三峽區,057
24.940806,121.361500,三峽,C0AC60,2018-09-25T13:00:00+08:00,55.0,96,1.9,28.7,0.66,1003.0,-99,0.5,8.8,66,2018-09-25T12:41:00+08:00,新北市,06,三峽區,057
24.940806,121.361500,三峽,C0AC60,2018-09-25T14:00:00+08:00,55.0,96,1.8,27.7,0.73,1002.3,-99,0.5,7.7,86,2018-09-25T13:45:00+08:00,新北市,06,三峽區,057
24.940806,121.361500,三峽,C0AC60,2018-09-25T15:00:00+08:00,55.0,96,1.2,27.7,0.73,1002.3,-99,0.5,-99,-99,-99,新北市,06,三峽區,057
24.940806,121.361500,三峽,C0AC60,2018-09-25T16:00:00+08:00,55.0,95,0.6,27.6,0.71,1002.0,-99,0.5,-99,-99,-99,新北市,06,三峽區,057
24.940806,121.361500,三峽,C0AC60,2018-09-25T17:00:00+08:00,55.0,100,1.6,27.4,0.72,1002.5,-99,0.5,-99,-99,-99,新北市,06,三峽區,057
24.940806,121.361500,三峽,C0AC60,2018-09-25T18:00:00+08:00,55.0,98,1.5,26.6,0.76,1002.8,-99,0.5,-99,-99,-99,新北市,06,三峽區,057
24.940806,121.361500,三峽,C0AC60,2018-09-25T19:00:00+08:00,55.0,91,0.3,26.4,0.76,1003.0,-99,0.5,-99,-99,-99,新北市,06,三峽區,057
24.940806,121.361500,三峽,C0AC60,2018-09-25T20:00:00+08:00,55.0,94,1.2,26.4,0.76,1003.8,-99,0.5,-99,-99,-99,新北市,06,三峽區,057
24.940806,121.361500,三峽,C0AC60,2018-09-25T21:00:00+08:00,55.0,101,0.6,24.7,0.95,1004.6,-99,0.5,-99,-99,-99,新北市,06,三峽區,057
24.940806,121.361500,三峽,C0AC60,2018-09-25T22:00:00+08:00,55.0,101,0.8,25.0,0.94,1004.8,-99,0.5,-99,-99,-99,新北市,06,三峽區,057
24.940806,121.361500,三峽,C0AC60,2018-09-25T23:00:00+08:00,55.0,85,0.9,24.9,0.93,1004.1,-99,0.5,-99,-99,-99,新北市,06,三峽區,057
24.940806,121.361500,三峽,C0AC60,2018-09-26T00:00:00+08:00,55.0,89,0.5,25.3,0.89,1004.0,-99,0.5,-99,-99,-99,新北市,06,三峽區,057
24.940806,121.361500,三峽,C0AC60,2018-09-26T01:00:00+08:00,55.0,48,0.7,24.6,0.91,1003.4,-99,0.5,-99,-99,-99,新北市,06,三峽區,057
24.940806,121.361500,三峽,C0AC60,2018-09-26T02:00:00+08:00,55.0,88,0.8,24.0,0.98,1003.1,-99,0.5,-99,-99,-99,新北市,06,三峽區,057
24.940806,121.361500,三峽,C0AC60,2018-09-26T03:00:00+08:00,55.0,94,1.0,24.0,0.97,1003.2,-99,0.5,-99,-99,-99,新北市,06,三峽區,057
24.940806,121.361500,三峽,C0AC60,2018-09-26T04:00:00+08:00,55.0,83,1.1,23.8,0.95,1003.1,-99,0.5,-99,-99,-99,新北市,06,三峽區,057
24.940806,121.361500,三峽,C0AC60,2018-09-26T05:00:00+08:00,55.0,105,0.4,23.7,0.94,1003.1,-99,0.5,-99,-99,-99,新北市,06,三峽區,057
24.940806,121.361500,三峽,C0AC60,2018-09-26T06:00:00+08:00,55.0,174,0.6,23.5,0.98,1003.1,-99,0.5,-99,-99,-99,新北市,06,三峽區,057
24.940806,121.361500,三峽,C0AC60,2018-09-26T07:00:00+08:00,55.0,88,0.7,23.3,0.99,1003.7,-99,0.5,-99,-99,-99,新北市,06,三峽區,057
24.940806,121.361500,三峽,C0AC60,2018-09-26T08:00:00+08:00,55.0,0,0.0,23.3,0.99,1004.3,-99,1.0,-99,-99,-99,新北市,06,三峽區,057
24.940806,121.361500,三峽,C0AC60,2018-09-26T09:00:00+08:00,55.0,0,0.0,24.1,0.97,1004.7,-99,1.0,-99,-99,-99,新北市,06,三峽區,057
24.940806,121.361500,三峽,C0AC60,2018-09-26T10:00:00+08:00,55.0,0,0.2,24.6,0.94,1004.8,-99,1.0,-99,-99,-99,新北市,06,三峽區,057
24.940806,121.361500,三峽,C0AC60,2018-09-26T11:00:00+08:00,55.0,84,0.8,25.1,0.89,1004.5,-99,1.0,-99,-99,-99,新北市,06,三峽區,057
24.940806,121.361500,三峽,C0AC60,2018-09-26T12:00:00+08:00,55.0,0,0.1,24.7,0.92,1003.9,-99,2.5,-99,-99,-99,新北市,06,三峽區,057
24.940806,121.361500,三峽,C0AC60,2018-09-26T13:00:00+08:00,55.0,156,0.6,24.1,0.98,1003.1,-99,2.5,-99,-99,-99,新北市,06,三峽區,057
24.940806,121.361500,三峽,C0AC60,2018-09-26T14:00:00+08:00,55.0,0,0.0,24.3,0.99,1002.4,-99,2.5,-99,-99,-99,新北市,06,三峽區,057
24.940806,121.361500,三峽,C0AC60,2018-09-26T15:00:00+08:00,55.0,0,0.2,24.9,0.93,1002.1,-99,2.5,-99,-99,-99,新北市,06,三峽區,057
24.940806,121.361500,三峽,C0AC60,2018-09-26T16:00:00+08:00,55.0,80,0.7,24.3,0.98,1002.3,-99,4.0,-99,-99,-99,新北市,06,三峽區,057
24.940806,121.361500,三峽,C0AC60,2018-09-26T17:00:00+08:00,55.0,31,0.7,24.6,0.97,1002.9,-99,4.5,-99,-99,-99,新北市,06,三峽區,057
24.940806,121.361500,三峽,C0AC60,2018-09-26T18:00:00+08:00,55.0,76,0.4,24.4,0.97,1003.2,-99,5.0,-99,-99,-99,新北市,06,三峽區,057
24.940806,121.361500,三峽,C0AC60,2018-09-26T19:00:00+08:00,55.0,0,0.0,24.4,0.99,1003.7,-99,5.5,-99,-99,-99,新北市,06,三峽區,057
24.940806,121.361500,三峽,C0AC60,2018-09-26T20:00:00+08:00,55.0,0,0.2,24.1,0.99,1004.1,-99,5.5,-99,-99,-99,新北市,06,三峽區,057
24.940806,121.361500,三峽,C0AC60,2018-09-26T21:00:00+08:00,55.0,104,0.3,23.7,0.99,1004.5,-99,8.5,-99,-99,-99,新北市,06,三峽區,057
24.940806,121.361500,三峽,C0AC60,2018-09-26T22:00:00+08:00,55.0,110,0.5,23.6,0.99,1004.5,-99,9.5,-99,-99,-99,新北市,06,三峽區,057
24.940806,121.361500,三峽,C0AC60,2018-09-26T23:00:00+08:00,55.0,0,0.0,23.6,0.99,1004.1,-99,9.5,-99,-99,-99,新北市,06,三峽區,057
24.940806,121.361500,三峽,C0AC60,2018-09-27T00:00:00+08:00,55.0,0,0.2,23.4,0.99,1004.1,-99,10.0,-99,-99,-99,新北市,06,三峽區,057
24.940806,121.361500,三峽,C0AC60,2018-09-27T01:00:00+08:00,55.0,163,0.8,23.1,0.99,1003.7,-99,0.5,-99,-99,-99,新北市,06,三峽區,057
24.940806,121.361500,三峽,C0AC60,2018-09-27T02:00:00+08:00,55.0,0,0.0,23.1,0.99,1003.3,-99,0.5,-99,-99,-99,新北市,06,三峽區,057
24.940806,121.361500,三峽,C0AC60,2018-09-27T03:00:00+08:00,55.0,0,0.2,23.2,0.99,1002.9,-99,0.5,-99,-99,-99,新北市,06,三峽區,057
24.940806,121.361500,三峽,C0AC60,2018-09-27T04:00:00+08:00,55.0,91,0.4,23.3,0.99,1002.6,-99,1.0,-99,-99,-99,新北市,06,三峽區,057
24.940806,121.361500,三峽,C0AC60,2018-09-27T05:00:00+08:00,55.0,115,0.7,23.2,0.99,1002.5,-99,2.5,-99,-99,-99,新北市,06,三峽區,057
24.940806,121.361500,三峽,C0AC60,2018-09-27T08:00:00+08:00,55.0,84,0.5,24.0,0.99,1003.9,-99,3.5,-99,-99,-99,新北市,06,三峽區,057
24.940806,121.361500,三峽,C0AC60,2018-09-27T09:00:00+08:00,55.0,95,0.5,25.4,0.97,1004.4,-99,3.5,-99,-99,-99,新北市,06,三峽區,057
24.940806,121.361500,三峽,C0AC60,2018-09-27T10:00:00+08:00,55.0,75,0.5,26.8,0.85,1004.2,-99,3.5,-99,-99,-99,新北市,06,三峽區,057
24.940806,121.361500,三峽,C0AC60,2018-09-27T11:00:00+08:00,55.0,0,0.2,25.8,0.89,1003.9,-99,5.5,-99,-99,-99,新北市,06,三峽區,057
24.940806,121.361500,三峽,C0AC60,2018-09-27T12:00:00+08:00,55.0,49,0.4,27.3,0.74,1003.2,-99,5.5,-99,-99,-99,新北市,06,三峽區,057
24.940806,121.361500,三峽,C0AC60,2018-09-27T13:00:00+08:00,55.0,37,1.5,27.5,0.73,1002.7,-99,5.5,7.1,38,2018-09-27T12:56:00+08:00,新北市,06,三峽區,057
24.940806,121.361500,三峽,C0AC60,2018-09-27T14:00:00+08:00,55.0,70,2.5,27.8,0.69,1002.4,-99,5.5,7.7,35,2018-09-27T13:56:00+08:00,新北市,06,三峽區,057
24.940806,121.361500,三峽,C0AC60,2018-09-27T15:00:00+08:00,55.0,41,1.7,27.0,0.71,1002.3,-99,5.5,7.7,63,2018-09-27T14:18:00+08:00,新北市,06,三峽區,057
24.940806,121.361500,三峽,C0AC60,2018-09-27T16:00:00+08:00,55.0,51,1.0,25.8,0.81,1002.5,-99,5.5,7.1,58,2018-09-27T15:01:00+08:00,新北市,06,三峽區,057
24.940806,121.361500,三峽,C0AC60,2018-09-27T17:00:00+08:00,55.0,99,0.6,24.9,0.96,1002.6,-99,7.0,-99,-99,-99,新北市,06,三峽區,057
24.940806,121.361500,三峽,C0AC60,2018-09-27T18:00:00+08:00,55.0,89,0.4,24.3,0.99,1003.0,-99,9.0,-99,-99,-99,新北市,06,三峽區,057
24.940806,121.361500,三峽,C0AC60,2018-09-27T19:00:00+08:00,55.0,94,0.7,23.8,0.99,1003.3,-99,11.5,-99,-99,-99,新北市,06,三峽區,057
24.940806,121.361500,三峽,C0AC60,2018-09-27T20:00:00+08:00,55.0,0,0.0,23.7,0.99,1003.7,-99,13.0,-99,-99,-99,新北市,06,三峽區,057
24.940806,121.361500,三峽,C0AC60,2018-09-27T21:00:00+08:00,55.0,0,0.1,23.7,0.99,1004.1,-99,14.0,-99,-99,-99,新北市,06,三峽區,057
24.940806,121.361500,三峽,C0AC60,2018-09-27T22:00:00+08:00,55.0,87,0.7,23.7,0.99,1004.3,-99,14.0,-99,-99,-99,新北市,06,三峽區,057
24.940806,121.361500,三峽,C0AC60,2018-09-27T23:00:00+08:00,55.0,0,0.0,23.9,0.99,1004.2,-99,14.5,-99,-99,-99,新北市,06,三峽區,057
24.940806,121.361500,三峽,C0AC60,2018-09-28T00:00:00+08:00,55.0,87,0.5,23.9,0.99,1004.0,-99,14.5,-99,-99,-99,新北市,06,三峽區,057
24.940806,121.361500,三峽,C0AC60,2018-09-28T01:00:00+08:00,55.0,0,0.1,24.1,0.99,1003.7,-99,0.0,-99,-99,-99,新北市,06,三峽區,057
24.940806,121.361500,三峽,C0AC60,2018-09-28T02:00:00+08:00,55.0,82,0.8,24.2,0.97,1003.5,-99,0.5,-99,-99,-99,新北市,06,三峽區,057
24.940806,121.361500,三峽,C0AC60,2018-09-28T03:00:00+08:00,55.0,0,0.2,23.6,0.99,1003.1,-99,2.0,-99,-99,-99,新北市,06,三峽區,057
24.940806,121.361500,三峽,C0AC60,2018-09-28T04:00:00+08:00,55.0,133,0.4,23.4,0.99,1002.9,-99,3.0,-99,-99,-99,新北市,06,三峽區,057
24.940806,121.361500,三峽,C0AC60,2018-09-28T05:00:00+08:00,55.0,132,0.5,23.4,0.99,1003.1,-99,3.5,-99,-99,-99,新北市,06,三峽區,057
24.940806,121.361500,三峽,C0AC60,2018-09-28T06:00:00+08:00,55.0,83,0.3,23.2,0.99,1003.3,-99,5.0,-99,-99,-99,新北市,06,三峽區,057
24.940806,121.361500,三峽,C0AC60,2018-09-28T07:00:00+08:00,55.0,148,0.4,23.5,0.99,1003.6,-99,6.5,-99,-99,-99,新北市,06,三峽區,057
24.940806,121.361500,三峽,C0AC60,2018-09-28T08:00:00+08:00,55.0,0,0.1,23.8,0.99,1003.7,-99,7.0,-99,-99,-99,新北市,06,三峽區,057
24.940806,121.361500,三峽,C0AC60,2018-09-28T09:00:00+08:00,55.0,0,0.1,24.0,0.99,1003.8,-99,7.5,-99,-99,-99,新北市,06,三峽區,057
24.940806,121.361500,三峽,C0AC60,2018-09-28T10:00:00+08:00,55.0,0,0.0,24.1,0.99,1003.6,-99,9.0,-99,-99,-99,新北市,06,三峽區,057
24.940806,121.361500,三峽,C0AC60,2018-09-28T11:00:00+08:00,55.0,87,0.5,24.2,0.99,1003.1,-99,10.5,-99,-99,-99,新北市,06,三峽區,057
24.940806,121.361500,三峽,C0AC60,2018-09-28T12:00:00+08:00,55.0,83,0.4,24.8,0.99,1002.3,-99,11.0,-99,-99,-99,新北市,06,三峽區,057
24.940806,121.361500,三峽,C0AC60,2018-09-28T13:00:00+08:00,55.0,22,1.1,24.8,0.97,1001.6,-99,11.0,-99,-99,-99,新北市,06,三峽區,057
24.940806,121.361500,三峽,C0AC60,2018-09-28T14:00:00+08:00,55.0,60,0.5,24.6,0.96,1001.3,-99,11.0,-99,-99,-99,新北市,06,三峽區,057
24.940806,121.361500,三峽,C0AC60,2018-09-28T15:00:00+08:00,55.0,37,1.6,24.8,0.93,1001.1,-99,11.0,-99,-99,-99,新北市,06,三峽區,057
24.940806,121.361500,三峽,C0AC60,2018-09-28T16:00:00+08:00,55.0,118,0.3,23.9,0.99,1001.4,-99,11.5,-99,-99,-99,新北市,06,三峽區,057
24.940806,121.361500,三峽,C0AC60,2018-09-28T17:00:00+08:00,55.0,78,0.6,24.1,0.99,1001.6,-99,12.0,-99,-99,-99,新北市,06,三峽區,057
24.940806,121.361500,三峽,C0AC60,2018-09-28T18:00:00+08:00,55.0,0,0.1,24.7,0.94,1001.7,-99,12.5,-99,-99,-99,新北市,06,三峽區,057
24.940806,121.361500,三峽,C0AC60,2018-09-28T19:00:00+08:00,55.0,38,1.2,24.6,0.93,1002.1,-99,12.5,-99,-99,-99,新北市,06,三峽區,057
24.940806,121.361500,三峽,C0AC60,2018-09-28T20:00:00+08:00,55.0,19,1.3,24.3,0.95,1002.5,-99,13.5,-99,-99,-99,新北市,06,三峽區,057
24.940806,121.361500,三峽,C0AC60,2018-09-28T21:00:00+08:00,55.0,13,1.0,24.8,0.9,1002.5,-99,13.5,-99,-99,-99,新北市,06,三峽區,057
24.940806,121.361500,三峽,C0AC60,2018-09-28T22:00:00+08:00,55.0,33,1.2,24.1,0.94,1002.7,-99,13.5,8.8,25,2018-09-28T21:17:00+08:00,新北市,06,三峽區,057
24.940806,121.361500,三峽,C0AC60,2018-09-28T23:00:00+08:00,55.0,352,0.7,23.9,0.93,1002.4,-99,13.5,-99,-99,-99,新北市,06,三峽區,057
24.940806,121.361500,三峽,C0AC60,2018-09-29T00:00:00+08:00,55.0,323,1.0,22.6,0.98,1002.5,-99,14.0,-99,-99,-99,新北市,06,三峽區,057
24.940806,121.361500,三峽,C0AC60,2018-09-29T01:00:00+08:00,55.0,228,2.7,22.0,0.99,1002.1,-99,0.5,-99,-99,-99,新北市,06,三峽區,057
24.940806,121.361500,三峽,C0AC60,2018-09-29T02:00:00+08:00,55.0,225,2.6,21.7,0.99,1001.5,-99,1.0,-99,-99,-99,新北市,06,三峽區,057
24.940806,121.361500,三峽,C0AC60,2018-09-29T03:00:00+08:00,55.0,222,1.5,21.8,0.99,1000.8,-99,1.5,-99,-99,-99,新北市,06,三峽區,057
24.940806,121.361500,三峽,C0AC60,2018-09-29T04:00:00+08:00,55.0,208,1.5,21.7,0.99,1000.8,-99,3.0,-99,-99,-99,新北市,06,三峽區,057
24.940806,121.361500,三峽,C0AC60,2018-09-29T05:00:00+08:00,55.0,297,0.4,21.5,0.99,1001.1,-99,6.0,-99,-99,-99,新北市,06,三峽區,057
24.940806,121.361500,三峽,C0AC60,2018-09-29T06:00:00+08:00,55.0,226,1.6,21.4,0.99,1001.5,-99,6.5,-99,-99,-99,新北市,06,三峽區,057
24.940806,121.361500,三峽,C0AC60,2018-09-29T07:00:00+08:00,55.0,225,1.3,21.2,0.99,1001.8,-99,7.5,-99,-99,-99,新北市,06,三峽區,057
24.940806,121.361500,三峽,C0AC60,2018-09-29T08:00:00+08:00,55.0,208,1.9,21.1,0.99,1002.2,-99,9.5,-99,-99,-99,新北市,06,三峽區,057
24.940806,121.361500,三峽,C0AC60,2018-09-29T09:00:00+08:00,55.0,227,2.3,20.9,0.99,1002.7,-99,12.0,-99,-99,-99,新北市,06,三峽區,057
24.940806,121.361500,三峽,C0AC60,2018-09-29T10:00:00+08:00,55.0,225,1.5,21.1,0.99,1002.7,-99,12.0,-99,-99,-99,新北市,06,三峽區,057
24.940806,121.361500,三峽,C0AC60,2018-09-29T11:00:00+08:00,55.0,216,1.1,21.8,0.98,1002.6,-99,12.0,-99,-99,-99,新北市,06,三峽區,057
24.940806,121.361500,三峽,C0AC60,2018-09-29T12:00:00+08:00,55.0,218,1.7,22.0,0.97,1001.8,-99,12.0,-99,-99,-99,新北市,06,三峽區,057
24.940806,121.361500,三峽,C0AC60,2018-09-29T13:00:00+08:00,55.0,222,1.0,22.6,0.92,1001.1,-99,12.0,-99,-99,-99,新北市,06,三峽區,057
24.940806,121.361500,三峽,C0AC60,2018-09-29T14:00:00+08:00,55.0,210,1.0,22.9,0.89,1001.0,-99,12.0,-99,-99,-99,新北市,06,三峽區,057
24.940806,121.361500,三峽,C0AC60,2018-09-29T15:00:00+08:00,55.0,198,1.1,23.4,0.88,1001.1,-99,12.0,-99,-99,-99,新北市,06,三峽區,057
24.940806,121.361500,三峽,C0AC60,2018-09-29T16:00:00+08:00,55.0,190,1.2,26.2,0.72,1001.0,-99,12.0,-99,-99,-99,新北市,06,三峽區,057
24.940806,121.361500,三峽,C0AC60,2018-09-29T17:00:00+08:00,55.0,0,0.0,27.1,0.61,1001.4,-99,12.0,-99,-99,-99,新北市,06,三峽區,057
24.940806,121.361500,三峽,C0AC60,2018-09-29T18:00:00+08:00,55.0,180,1.0,23.3,0.77,1001.8,-99,12.0,-99,-99,-99,新北市,06,三峽區,057
24.940806,121.361500,三峽,C0AC60,2018-09-29T19:00:00+08:00,55.0,162,1.4,22.2,0.79,1002.1,-99,12.0,-99,-99,-99,新北市,06,三峽區,057
24.940806,121.361500,三峽,C0AC60,2018-09-29T20:00:00+08:00,55.0,183,0.9,21.8,0.78,1002.8,-99,12.0,-99,-99,-99,新北市,06,三峽區,057
24.940806,121.361500,三峽,C0AC60,2018-09-29T21:00:00+08:00,55.0,192,2.0,21.5,0.77,1003.2,-99,12.0,-99,-99,-99,新北市,06,三峽區,057
24.940806,121.361500,三峽,C0AC60,2018-09-29T22:00:00+08:00,55.0,207,1.7,21.6,0.75,1003.4,-99,12.0,-99,-99,-99,新北市,06,三峽區,057
24.940806,121.361500,三峽,C0AC60,2018-09-29T23:00:00+08:00,55.0,207,0.8,21.2,0.78,1003.3,-99,12.0,-99,-99,-99,新北市,06,三峽區,057
24.940806,121.361500,三峽,C0AC60,2018-09-30T00:00:00+08:00,55.0,203,1.7,21.1,0.79,1003.6,-99,12.0,-99,-99,-99,新北市,06,三峽區,057
24.940806,121.361500,三峽,C0AC60,2018-09-30T01:00:00+08:00,55.0,182,1.2,20.9,0.82,1003.5,-99,0.0,-99,-99,-99,新北市,06,三峽區,057
24.940806,121.361500,三峽,C0AC60,2018-09-30T02:00:00+08:00,55.0,195,1.4,20.9,0.83,1003.3,-99,0.0,-99,-99,-99,新北市,06,三峽區,057
24.940806,121.361500,三峽,C0AC60,2018-09-30T03:00:00+08:00,55.0,183,0.9,20.7,0.86,1003.3,-99,0.0,-99,-99,-99,新北市,06,三峽區,057
24.940806,121.361500,三峽,C0AC60,2018-09-30T04:00:00+08:00,55.0,0,0.2,20.1,0.95,1003.8,-99,0.0,-99,-99,-99,新北市,06,三峽區,057
24.940806,121.361500,三峽,C0AC60,2018-09-30T05:00:00+08:00,55.0,163,1.2,19.9,0.95,1004.2,-99,0.0,-99,-99,-99,新北市,06,三峽區,057
24.940806,121.361500,三峽,C0AC60,2018-09-30T06:00:00+08:00,55.0,126,0.6,19.8,0.96,1004.8,-99,0.0,-99,-99,-99,新北市,06,三峽區,057
24.940806,121.361500,三峽,C0AC60,2018-09-30T07:00:00+08:00,55.0,91,0.8,20.6,0.95,1005.5,-99,0.0,-99,-99,-99,新北市,06,三峽區,057
24.940806,121.361500,三峽,C0AC60,2018-09-30T08:00:00+08:00,55.0,86,0.4,23.1,0.88,1006.1,-99,0.0,-99,-99,-99,新北市,06,三峽區,057
24.940806,121.361500,三峽,C0AC60,2018-09-30T09:00:00+08:00,55.0,93,2.3,26.0,0.56,1006.4,-99,0.0,-99,-99,-99,新北市,06,三峽區,057
24.940806,121.361500,三峽,C0AC60,2018-09-30T10:00:00+08:00,55.0,86,2.5,27.4,0.52,1006.3,-99,0.0,7.7,74,2018-09-30T09:57:00+08:00,新北市,06,三峽區,057
24.940806,121.361500,三峽,C0AC60,2018-09-30T11:00:00+08:00,55.0,93,2.2,28.0,0.46,1005.9,-99,0.0,7.7,87,2018-09-30T10:27:00+08:00,新北市,06,三峽區,057
24.940806,121.361500,三峽,C0AC60,2018-09-30T12:00:00+08:00,55.0,102,1.5,28.1,0.45,1005.0,-99,0.0,7.1,75,2018-09-30T11:53:00+08:00,新北市,06,三峽區,057
24.940806,121.361500,三峽,C0AC60,2018-09-30T13:00:00+08:00,55.0,94,2.0,28.9,0.43,1004.2,-99,0.0,-99,-99,-99,新北市,06,三峽區,057
24.940806,121.361500,三峽,C0AC60,2018-09-30T14:00:00+08:00,55.0,92,1.4,28.8,0.44,1004.1,-99,0.0,-99,-99,-99,新北市,06,三峽區,057
24.940806,121.361500,三峽,C0AC60,2018-09-30T15:00:00+08:00,55.0,91,1.9,28.2,0.45,1004.1,-99,0.0,8.2,76,2018-09-30T14:14:00+08:00,新北市,06,三峽區,057
24.940806,121.361500,三峽,C0AC60,2018-09-30T16:00:00+08:00,55.0,91,2.1,27.2,0.47,1004.5,-99,0.0,-99,-99,-99,新北市,06,三峽區,057
24.940806,121.361500,三峽,C0AC60,2018-09-30T17:00:00+08:00,55.0,94,2.0,25.8,0.51,1005.0,-99,0.0,-99,-99,-99,新北市,06,三峽區,057
24.940806,121.361500,三峽,C0AC60,2018-09-30T18:00:00+08:00,55.0,86,1.7,24.3,0.57,1005.6,-99,0.0,-99,-99,-99,新北市,06,三峽區,057
24.940806,121.361500,三峽,C0AC60,2018-09-30T19:00:00+08:00,55.0,91,2.3,23.6,0.6,1006.4,-99,0.0,-99,-99,-99,新北市,06,三峽區,057
24.940806,121.361500,三峽,C0AC60,2018-09-30T20:00:00+08:00,55.0,99,1.3,23.4,0.62,1007.2,-99,0.0,-99,-99,-99,新北市,06,三峽區,057
24.940806,121.361500,三峽,C0AC60,2018-09-30T21:00:00+08:00,55.0,89,1.9,23.5,0.61,1007.5,-99,0.0,-99,-99,-99,新北市,06,三峽區,057
24.940806,121.361500,三峽,C0AC60,2018-09-30T22:00:00+08:00,55.0,96,1.9,23.6,0.57,1007.6,-99,0.0,-99,-99,-99,新北市,06,三峽區,057
24.940806,121.361500,三峽,C0AC60,2018-09-30T23:00:00+08:00,55.0,96,1.7,23.4,0.59,1007.4,-99,0.0,-99,-99,-99,新北市,06,三峽區,057
