24.940806,121.361500,三峽,C0AC60,2018-03-01T00:00:00+08:00,55.0,0,0.1,16.6,0.99,1008.1,-99,14.0,-99,-99,-99,新北市,06,三峽區,057
24.940806,121.361500,三峽,C0AC60,2018-03-01T01:00:00+08:00,55.0,-99,-99,15.6,0.99,1007.9,-99,0.0,-99,-99,-99,新北市,06,三峽區,057
24.940806,121.361500,三峽,C0AC60,2018-03-01T02:00:00+08:00,55.0,97,1.4,15.1,0.99,1007.7,-99,0.0,-99,-99,-99,新北市,06,三峽區,057
24.940806,121.361500,三峽,C0AC60,2018-03-01T03:00:00+08:00,55.0,94,1.2,14.5,0.99,1007.3,-99,0.0,-99,-99,-99,新北市,06,三峽區,057
24.940806,121.361500,三峽,C0AC60,2018-03-01T04:00:00+08:00,55.0,0,0.2,14.5,0.99,1007.2,-99,0.0,-99,-99,-99,新北市,06,三峽區,057
24.940806,121.361500,三峽,C0AC60,2018-03-01T05:00:00+08:00,55.0,0,0.0,15.3,0.99,1007.3,-99,0.0,-99,-99,-99,新北市,06,三峽區,057
24.940806,121.361500,三峽,C0AC60,2018-03-01T06:00:00+08:00,55.0,95,0.3,15.5,0.99,1007.4,-99,0.5,-99,-99,-99,新北市,06,三峽區,057
24.940806,121.361500,三峽,C0AC60,2018-03-01T07:00:00+08:00,55.0,0,0.0,15.5,0.99,1007.9,-99,0.5,-99,-99,-99,新北市,06,三峽區,057
24.940806,121.361500,三峽,C0AC60,2018-03-01T08:00:00+08:00,55.0,169,1.6,15.8,0.99,1008.3,-99,0.5,-99,-99,-99,新北市,06,三峽區,057
24.940806,121.361500,三峽,C0AC60,2018-03-01T09:00:00+08:00,55.0,177,0.6,17.7,0.99,1008.7,-99,0.5,-99,-99,-99,新北市,06,三峽區,057
24.940806,121.361500,三峽,C0AC60,2018-03-01T10:00:00+08:00,55.0,81,0.8,22.9,0.8,1008.6,-99,0.5,-99,-99,-99,新北市,06,三峽區,057
24.940806,121.361500,三峽,C0AC60,2018-03-01T11:00:00+08:00,55.0,79,2.5,24.6,0.71,1007.7,-99,0.5,-99,-99,-99,新北市,06,三峽區,057
24.940806,121.361500,三峽,C0AC60,2018-03-01T12:00:00+08:00,55.0,76,2.6,26.1,0.64,1006.7,-99,0.5,8.8,74,2018-03-01T11:46:00+08:00,新北市,06,三峽區,057
24.940806,121.361500,三峽,C0AC60,2018-03-01T13:00:00+08:00,55.0,69,3.7,25.7,0.66,1005.4,-99,0.5,8.8,99,2018-03-01T12:54:00+08:00,新北市,06,三峽區,057
24.940806,121.361500,三峽,C0AC60,2018-03-01T14:00:00+08:00,55.0,69,3.6,26.0,0.65,1004.5,-99,0.5,10.4,92,2018-03-01T13:24:00+08:00,新北市,06,三峽區,057
24.940806,121.361500,三峽,C0AC60,2018-03-01T15:00:00+08:00,55.0,44,2.5,25.9,0.65,1004.0,-99,0.5,9.9,51,2018-03-01T14:21:00+08:00,新北市,06,三峽區,057
24.940806,121.361500,三峽,C0AC60,2018-03-01T16:00:00+08:00,55.0,63,4.0,25.9,0.64,1004.0,-99,0.5,9.9,53,2018-03-01T15:26:00+08:00,新北市,06,三峽區,057
24.940806,121.361500,三峽,C0AC60,2018-03-01T17:00:00+08:00,55.0,70,3.2,24.9,0.68,1004.3,-99,0.5,-99,-99,-99,新北市,06,三峽區,057
24.940806,121.361500,三峽,C0AC60,2018-03-01T18:00:00+08:00,55.0,76,3.4,22.9,0.76,1004.9,-99,0.5,-99,-99,-99,新北市,06,三峽區,057
24.940806,121.361500,三峽,C0AC60,2018-03-01T19:00:00+08:00,55.0,80,2.8,22.1,0.8,1005.4,-99,0.5,9.9,83,2018-03-01T18:28:00+08:00,新北市,06,三峽區,057
24.940806,121.361500,三峽,C0AC60,2018-03-01T20:00:00+08:00,55.0,74,2.9,21.8,0.82,1006.3,-99,0.5,-99,-99,-99,新北市,06,三峽區,057
24.940806,121.361500,三峽,C0AC60,2018-03-01T21:00:00+08:00,55.0,82,2.8,21.7,0.84,1006.6,-99,0.5,8.8,68,2018-03-01T20:44:00+08:00,新北市,06,三峽區,057
24.940806,121.361500,三峽,C0AC60,2018-03-01T22:00:00+08:00,55.0,77,2.8,21.8,0.84,1007.1,-99,0.5,-99,-99,-99,新北市,06,三峽區,057
24.940806,121.361500,三峽,C0AC60,2018-03-01T23:00:00+08:00,55.0,114,1.2,21.7,0.83,1007.1,-99,0.5,-99,-99,-99,新北市,06,三峽區,057
24.940806,121.361500,三峽,C0AC60,2018-03-02T00:00:00+08:00,55.0,175,1.5,19.8,0.97,1007.1,-99,0.5,-99,-99,-99,新北市,06,三峽區,057
24.940806,121.361500,三峽,C0AC60,2018-03-02T01:00:00+08:00,55.0,161,1.2,19.5,0.99,1006.9,-99,0.0,-99,-99,-99,新北市,06,三峽區,057
24.940806,121.361500,三峽,C0AC60,2018-03-02T02:00:00+08:00,55.0,161,1.1,19.5,0.98,1006.7,-99,0.0,-99,-99,-99,新北市,06,三峽區,057
24.940806,121.361500,三峽,C0AC60,2018-03-02T03:00:00+08:00,55.0,172,1.3,19.4,0.99,1006.6,-99,0.0,-99,-99,-99,新北市,06,三峽區,057
24.940806,121.361500,三峽,C0AC60,2018-03-02T04:00:00+08:00,55.0,160,0.7,18.9,0.99,1006.2,-99,0.0,-99,-99,-99,新北市,06,三峽區,057
24.940806,121.361500,三峽,C0AC60,2018-03-02T05:00:00+08:00,55.0,0,0.0,18.8,0.99,1006.6,-99,0.0,-99,-99,-99,新北市,06,三峽區,057
24.940806,121.361500,三峽,C0AC60,2018-03-02T06:00:00+08:00,55.0,140,0.3,19.0,0.99,1007.0,-99,0.0,-99,-99,-99,新北市,06,三峽區,057
24.940806,121.361500,三峽,C0AC60,2018-03-02T07:00:00+08:00,55.0,0,0.0,18.9,0.99,1007.4,-99,0.0,-99,-99,-99,新北市,06,三峽區,057
24.940806,121.361500,三峽,C0AC60,2018-03-02T08:00:00+08:00,55.0,160,0.3,19.5,0.99,1007.9,-99,0.0,-99,-99,-99,新北市,06,三峽區,057
24.940806,121.361500,三峽,C0AC60,2018-03-02T09:00:00+08:00,55.0,0,0.1,20.7,0.93,1008.4,-99,0.0,-99,-99,-99,新北市,06,三峽區,057
24.940806,121.361500,三峽,C0AC60,2018-03-02T10:00:00+08:00,55.0,0,0.1,21.7,0.89,1008.5,-99,0.0,-99,-99,-99,新北市,06,三峽區,057
24.940806,121.361500,三峽,C0AC60,2018-03-02T11:00:00+08:00,55.0,0,0.0,23.3,0.84,1007.9,-99,0.0,-99,-99,-99,新北市,06,三峽區,057
24.940806,121.361500,三峽,C0AC60,2018-03-02T12:00:00+08:00,55.0,309,1.2,24.6,0.75,1007.3,-99,0.0,-99,-99,-99,新北市,06,三峽區,057
24.940806,121.361500,三峽,C0AC60,2018-03-02T13:00:00+08:00,55.0,330,1.5,23.7,0.79,1006.3,-99,0.0,-99,-99,-99,新北市,06,三峽區,057
24.940806,121.361500,三峽,C0AC60,2018-03-02T14:00:00+08:00,55.0,329,0.8,25.2,0.71,1005.1,-99,0.0,-99,-99,-99,新北市,06,三峽區,057
24.940806,121.361500,三峽,C0AC60,2018-03-02T15:00:00+08:00,55.0,317,1.6,25.9,0.67,1004.5,-99,0.0,-99,-99,-99,新北市,06,三峽區,057
24.940806,121.361500,三峽,C0AC60,2018-03-02T16:00:00+08:00,55.0,310,1.4,24.7,0.72,1004.5,-99,0.0,-99,-99,-99,新北市,06,三峽區,057
24.940806,121.361500,三峽,C0AC60,2018-03-02T17:00:00+08:00,55.0,310,1.3,22.8,0.79,1005.2,-99,0.0,-99,-99,-99,新北市,06,三峽區,057
24.940806,121.361500,三峽,C0AC60,2018-03-02T18:00:00+08:00,55.0,316,1.1,21.4,0.86,1005.3,-99,0.0,-99,-99,-99,新北市,06,三峽區,057
24.940806,121.361500,三峽,C0AC60,2018-03-02T19:00:00+08:00,55.0,315,0.9,20.5,0.93,1005.4,-99,0.0,-99,-99,-99,新北市,06,三峽區,057
24.940806,121.361500,三峽,C0AC60,2018-03-02T20:00:00+08:00,55.0,0,0.0,20.5,0.95,1005.9,-99,0.0,-99,-99,-99,新北市,06,三峽區,057
24.940806,121.361500,三峽,C0AC60,2018-03-02T21:00:00+08:00,55.0,0,0.2,20.0,0.98,1006.1,-99,0.0,-99,-99,-99,新北市,06,三峽區,057
24.940806,121.361500,三峽,C0AC60,2018-03-02T22:00:00+08:00,55.0,0,0.0,19.9,0.99,1005.9,-99,0.0,-99,-99,-99,新北市,06,三峽區,057
24.940806,121.361500,三峽,C0AC60,2018-03-02T23:00:00+08:00,55.0,299,0.3,19.6,0.99,1006.0,-99,0.0,-99,-99,-99,新北市,06,三峽區,057
24.940806,121.361500,三峽,C0AC60,2018-03-03T00:00:00+08:00,55.0,314,0.7,18.3,0.99,1006.3,-99,0.0,-99,-99,-99,新北市,06,三峽區,057
24.940806,121.361500,三峽,C0AC60,2018-03-03T01:00:00+08:00,55.0,316,0.5,18.3,0.99,1005.9,-99,0.0,-99,-99,-99,新北市,06,三峽區,057
24.940806,121.361500,三峽,C0AC60,2018-03-03T02:00:00+08:00,55.0,0,0.0,18.7,0.99,1005.2,-99,0.0,-99,-99,-99,新北市,06,三峽區,057
24.940806,121.361500,三峽,C0AC60,2018-03-03T03:00:00+08:00,55.0,0,0.2,19.0,0.99,1005.0,-99,0.0,-99,-99,-99,新北市,06,三峽區,057
24.940806,121.361500,三峽,C0AC60,2018-03-03T04:00:00+08:00,55.0,0,0.0,18.8,0.99,1004.7,-99,0.0,-99,-99,-99,新北市,06,三峽區,057
24.940806,121.361500,三峽,C0AC60,2018-03-03T05:00:00+08:00,55.0,0,0.1,18.8,0.99,1004.9,-99,0.0,-99,-99,-99,新北市,06,三峽區,057
24.940806,121.361500,三峽,C0AC60,2018-03-03T06:00:00+08:00,55.0,0,0.1,18.8,0.99,1005.2,-99,0.0,-99,-99,-99,新北市,06,三峽區,057
24.940806,121.361500,三峽,C0AC60,2018-03-03T07:00:00+08:00,55.0,295,0.6,18.8,0.99,1006.1,-99,0.0,-99,-99,-99,新北市,06,三峽區,057
24.940806,121.361500,三峽,C0AC60,2018-03-03T08:00:00+08:00,55.0,0,0.1,19.4,0.99,1006.3,-99,0.0,-99,-99,-99,新北市,06,三峽區,057
24.940806,121.361500,三峽,C0AC60,2018-03-03T09:00:00+08:00,55.0,322,0.9,18.6,0.99,1007.0,-99,0.0,-99,-99,-99,新北市,06,三峽區,057
24.940806,121.361500,三峽,C0AC60,2018-03-03T10:00:00+08:00,55.0,340,0.8,18.6,0.99,1007.0,-99,0.0,-99,-99,-99,新北市,06,三峽區,057
24.940806,121.361500,三峽,C0AC60,2018-03-03T11:00:00+08:00,55.0,314,0.7,20.2,0.97,1006.5,-99,0.0,-99,-99,-99,新北市,06,三峽區,057
24.940806,121.361500,三峽,C0AC60,2018-03-03T12:00:00+08:00,55.0,320,1.1,22.8,0.89,1005.4,-99,0.0,-99,-99,-99,新北市,06,三峽區,057
24.940806,121.361500,三峽,C0AC60,2018-03-03T13:00:00+08:00,55.0,0,0.2,22.7,0.9,1005.0,-99,0.0,-99,-99,-99,新北市,06,三峽區,057
24.940806,121.361500,三峽,C0AC60,2018-03-03T14:00:00+08:00,55.0,0,0.0,23.3,0.89,1004.0,-99,0.0,-99,-99,-99,新北市,06,三峽區,057
24.940806,121.361500,三峽,C0AC60,2018-03-03T15:00:00+08:00,55.0,240,0.4,23.8,0.91,1003.6,-99,0.0,-99,-99,-99,新北市,06,三峽區,057
24.940806,121.361500,三峽,C0AC60,2018-03-03T16:00:00+08:00,55.0,201,1.1,25.3,0.86,1003.7,-99,0.0,-99,-99,-99,新北市,06,三峽區,057
24.940806,121.361500,三峽,C0AC60,2018-03-03T17:00:00+08:00,55.0,229,0.7,26.2,0.8,1003.8,-99,0.0,-99,-99,-99,新北市,06,三峽區,057
24.940806,121.361500,三峽,C0AC60,2018-03-03T18:00:00+08:00,55.0,0,0.0,25.2,0.86,1004.2,-99,0.0,-99,-99,-99,新北市,06,三峽區,057
24.940806,121.361500,三峽,C0AC60,2018-03-03T19:00:00+08:00,55.0,318,1.2,22.8,0.95,1005.2,-99,0.0,-99,-99,-99,新北市,06,三峽區,057
24.940806,121.361500,三峽,C0AC60,2018-03-03T20:00:00+08:00,55.0,318,0.9,21.7,0.99,1005.8,-99,0.0,-99,-99,-99,新北市,06,三峽區,057
24.940806,121.361500,三峽,C0AC60,2018-03-03T21:00:00+08:00,55.0,0,0.0,21.6,1,1006.3,-99,0.0,-99,-99,-99,新北市,06,三峽區,057
24.940806,121.361500,三峽,C0AC60,2018-03-03T22:00:00+08:00,55.0,164,0.4,20.9,0.99,1006.6,-99,0.0,-99,-99,-99,新北市,06,三峽區,057
24.940806,121.361500,三峽,C0AC60,2018-03-03T23:00:00+08:00,55.0,0,0.0,20.6,0.99,1006.4,-99,0.0,-99,-99,-99,新北市,06,三峽區,057
24.940806,121.361500,三峽,C0AC60,2018-03-04T00:00:00+08:00,55.0,0,0.0,20.4,0.99,1005.9,-99,0.0,-99,-99,-99,新北市,06,三峽區,057
24.940806,121.361500,三峽,C0AC60,2018-03-04T01:00:00+08:00,55.0,0,0.2,20.4,0.99,1005.9,-99,0.0,-99,-99,-99,新北市,06,三峽區,057
24.940806,121.361500,三峽,C0AC60,2018-03-04T02:00:00+08:00,55.0,0,0.0,20.4,0.99,1006.1,-99,0.0,-99,-99,-99,新北市,06,三峽區,057
24.940806,121.361500,三峽,C0AC60,2018-03-04T03:00:00+08:00,55.0,0,0.0,20.4,0.99,1005.7,-99,0.0,-99,-99,-99,新北市,06,三峽區,057
24.940806,121.361500,三峽,C0AC60,2018-03-04T04:00:00+08:00,55.0,122,0.5,20.3,0.99,1005.2,-99,0.0,-99,-99,-99,新北市,06,三峽區,057
24.940806,121.361500,三峽,C0AC60,2018-03-04T05:00:00+08:00,55.0,0,0.1,20.2,0.99,1005.7,-99,0.0,-99,-99,-99,新北市,06,三峽區,057
24.940806,121.361500,三峽,C0AC60,2018-03-04T06:00:00+08:00,55.0,307,0.4,20.2,0.99,1006.1,-99,0.0,-99,-99,-99,新北市,06,三峽區,057
24.940806,121.361500,三峽,C0AC60,2018-03-04T07:00:00+08:00,55.0,171,1.1,20.3,0.99,1007.4,-99,0.0,-99,-99,-99,新北市,06,三峽區,057
24.940806,121.361500,三峽,C0AC60,2018-03-04T08:00:00+08:00,55.0,0,0.1,21.3,0.99,1007.1,-99,0.0,-99,-99,-99,新北市,06,三峽區,057
24.940806,121.361500,三峽,C0AC60,2018-03-04T09:00:00+08:00,55.0,95,1.6,23.4,0.94,1007.5,-99,0.0,-99,-99,-99,新北市,06,三峽區,057
24.940806,121.361500,三峽,C0AC60,2018-03-04T10:00:00+08:00,55.0,0,0.0,24.8,0.89,1007.5,-99,0.0,-99,-99,-99,新北市,06,三峽區,057
24.940806,121.361500,三峽,C0AC60,2018-03-04T11:00:00+08:00,55.0,0,0.2,27.0,0.75,1007.2,-99,0.0,-99,-99,-99,新北市,06,三峽區,057
24.940806,121.361500,三峽,C0AC60,2018-03-04T12:00:00+08:00,55.0,326,0.5,27.1,0.73,1006.4,-99,0.0,-99,-99,-99,新北市,06,三峽區,057
24.940806,121.361500,三峽,C0AC60,2018-03-04T13:00:00+08:00,55.0,279,0.7,27.7,0.71,1005.4,-99,0.0,-99,-99,-99,新北市,06,三峽區,057
24.940806,121.361500,三峽,C0AC60,2018-03-04T14:00:00+08:00,55.0,348,1.5,27.1,0.74,1005.0,-99,0.0,-99,-99,-99,新北市,06,三峽區,057
24.940806,121.361500,三峽,C0AC60,2018-03-04T15:00:00+08:00,55.0,316,1.2,26.5,0.82,1005.6,-99,0.0,-99,-99,-99,新北市,06,三峽區,057
24.940806,121.361500,三峽,C0AC60,2018-03-04T16:00:00+08:00,55.0,316,1.8,24.3,0.95,1006.9,-99,0.0,-99,-99,-99,新北市,06,三峽區,057
24.940806,121.361500,三峽,C0AC60,2018-03-04T17:00:00+08:00,55.0,233,1.1,24.8,0.92,1006.8,-99,0.0,-99,-99,-99,新北市,06,三峽區,057
24.940806,121.361500,三峽,C0AC60,2018-03-04T18:00:00+08:00,55.0,234,0.3,24.6,0.93,1006.9,-99,0.0,-99,-99,-99,新北市,06,三峽區,057
24.940806,121.361500,三峽,C0AC60,2018-03-04T19:00:00+08:00,55.0,89,1.0,23.6,0.99,1006.2,-99,0.0,-99,-99,-99,新北市,06,三峽區,057
24.940806,121.361500,三峽,C0AC60,2018-03-04T20:00:00+08:00,55.0,86,0.4,23.2,0.99,1005.5,-99,0.0,-99,-99,-99,新北市,06,三峽區,057
24.940806,121.361500,三峽,C0AC60,2018-03-04T21:00:00+08:00,55.0,163,0.7,22.7,0.99,1005.8,-99,0.0,-99,-99,-99,新北市,06,三峽區,057
24.940806,121.361500,三峽,C0AC60,2018-03-04T22:00:00+08:00,55.0,68,0.3,22.8,1,1004.5,-99,0.0,-99,-99,-99,新北市,06,三峽區,057
24.940806,121.361500,三峽,C0AC60,2018-03-04T23:00:00+08:00,55.0,0,0.0,23.3,0.99,1005.2,-99,0.0,-99,-99,-99,新北市,06,三峽區,057
24.940806,121.361500,三峽,C0AC60,2018-03-05T00:00:00+08:00,55.0,0,0.0,22.9,0.99,1005.9,-99,0.0,-99,-99,-99,新北市,06,三峽區,057
24.940806,121.361500,三峽,C0AC60,2018-03-05T01:00:00+08:00,55.0,201,0.3,22.3,0.99,1005.5,-99,0.0,-99,-99,-99,新北市,06,三峽區,057
24.940806,121.361500,三峽,C0AC60,2018-03-05T02:00:00+08:00,55.0,175,1.1,22.1,0.99,1005.6,-99,0.0,-99,-99,-99,新北市,06,三峽區,057
24.940806,121.361500,三峽,C0AC60,2018-03-05T03:00:00+08:00,55.0,0,0.1,21.7,0.99,1005.2,-99,0.0,-99,-99,-99,新北市,06,三峽區,057
24.940806,121.361500,三峽,C0AC60,2018-03-05T04:00:00+08:00,55.0,176,0.5,21.3,0.99,1005.3,-99,0.0,-99,-99,-99,新北市,06,三峽區,057
24.940806,121.361500,三峽,C0AC60,2018-03-05T05:00:00+08:00,55.0,179,1.2,20.9,0.99,1005.6,-99,0.0,-99,-99,-99,新北市,06,三峽區,057
24.940806,121.361500,三峽,C0AC60,2018-03-05T06:00:00+08:00,55.0,0,0.1,21.0,0.99,1005.9,-99,0.0,-99,-99,-99,新北市,06,三峽區,057
24.940806,121.361500,三峽,C0AC60,2018-03-05T07:00:00+08:00,55.0,133,0.3,21.3,0.99,1006.6,-99,0.0,-99,-99,-99,新北市,06,三峽區,057
24.940806,121.361500,三峽,C0AC60,2018-03-05T08:00:00+08:00,55.0,215,1.4,22.6,0.96,1007.1,-99,0.0,-99,-99,-99,新北市,06,三峽區,057
24.940806,121.361500,三峽,C0AC60,2018-03-05T09:00:00+08:00,55.0,316,0.8,24.1,0.93,1007.5,-99,0.0,-99,-99,-99,新北市,06,三峽區,057
24.940806,121.361500,三峽,C0AC60,2018-03-05T10:00:00+08:00,55.0,293,0.9,26.1,0.9,1007.1,-99,0.0,-99,-99,-99,新北市,06,三峽區,057
24.940806,121.361500,三峽,C0AC60,2018-03-05T11:00:00+08:00,55.0,252,2.2,28.3,0.82,1006.7,-99,0.0,-99,-99,-99,新北市,06,三峽區,057
24.940806,121.361500,三峽,C0AC60,2018-03-05T12:00:00+08:00,55.0,265,2.3,29.3,0.72,1006.2,-99,0.0,7.7,250,2018-03-05T11:21:00+08:00,新北市,06,三峽區,057
24.940806,121.361500,三峽,C0AC60,2018-03-05T13:00:00+08:00,55.0,348,2.3,23.7,0.99,1006.1,-99,0.0,9.9,355,2018-03-05T12:54:00+08:00,新北市,06,三峽區,057
24.940806,121.361500,三峽,C0AC60,2018-03-05T14:00:00+08:00,55.0,320,0.4,22.3,0.99,1007.0,-99,0.0,6.0,324,2018-03-05T13:47:00+08:00,新北市,06,三峽區,057
24.940806,121.361500,三峽,C0AC60,2018-03-05T15:00:00+08:00,55.0,0,0.0,22.6,0.99,1006.5,-99,0.0,-99,-99,-99,新北市,06,三峽區,057
24.940806,121.361500,三峽,C0AC60,2018-03-05T16:00:00+08:00,55.0,0,0.1,24.8,0.99,1006.6,-99,0.0,-99,-99,-99,新北市,06,三峽區,057
24.940806,121.361500,三峽,C0AC60,2018-03-05T17:00:00+08:00,55.0,292,0.7,24.2,0.99,1007.3,-99,0.0,-99,-99,-99,新北市,06,三峽區,057
24.940806,121.361500,三峽,C0AC60,2018-03-05T18:00:00+08:00,55.0,81,3.5,21.1,0.97,1009.2,-99,0.0,-99,-99,-99,新北市,06,三峽區,057
24.940806,121.361500,三峽,C0AC60,2018-03-05T19:00:00+08:00,55.0,92,3.1,18.9,0.97,1010.7,-99,0.0,8.8,71,2018-03-05T18:43:00+08:00,新北市,06,三峽區,057
24.940806,121.361500,三峽,C0AC60,2018-03-05T20:00:00+08:00,55.0,96,3.0,17.4,0.99,1012.2,-99,0.0,9.9,90,2018-03-05T19:19:00+08:00,新北市,06,三峽區,057
24.940806,121.361500,三峽,C0AC60,2018-03-05T21:00:00+08:00,55.0,89,2.5,16.4,0.99,1013.2,-99,0.0,9.3,90,2018-03-05T20:17:00+08:00,新北市,06,三峽區,057
24.940806,121.361500,三峽,C0AC60,2018-03-05T22:00:00+08:00,55.0,91,3.3,16.2,0.98,1013.8,-99,0.0,10.4,74,2018-03-05T21:34:00+08:00,新北市,06,三峽區,057
24.940806,121.361500,三峽,C0AC60,2018-03-05T23:00:00+08:00,55.0,90,2.2,16.2,0.99,1013.8,-99,0.0,8.8,71,2018-03-05T23:00:00+08:00,新北市,06,三峽區,057
24.940806,121.361500,三峽,C0AC60,2018-03-06T00:00:00+08:00,55.0,96,2.5,16.0,0.99,1013.8,-99,0.0,-99,-99,-99,新北市,06,三峽區,057
24.940806,121.361500,三峽,C0AC60,2018-03-06T01:00:00+08:00,55.0,90,2.4,16.1,0.97,1013.6,-99,0.0,8.2,75,2018-03-06T00:28:00+08:00,新北市,06,三峽區,057
24.940806,121.361500,三峽,C0AC60,2018-03-06T02:00:00+08:00,55.0,91,2.0,16.0,0.97,1013.5,-99,0.0,8.8,59,2018-03-06T01:15:00+08:00,新北市,06,三峽區,057
24.940806,121.361500,三峽,C0AC60,2018-03-06T03:00:00+08:00,55.0,95,2.2,15.9,0.97,1013.3,-99,0.0,8.2,85,2018-03-06T02:38:00+08:00,新北市,06,三峽區,057
24.940806,121.361500,三峽,C0AC60,2018-03-06T04:00:00+08:00,55.0,98,2.5,15.8,0.98,1013.8,-99,0.0,8.2,103,2018-03-06T03:24:00+08:00,新北市,06,三峽區,057
24.940806,121.361500,三峽,C0AC60,2018-03-06T05:00:00+08:00,55.0,82,2.3,15.9,0.96,1013.4,-99,0.0,7.7,64,2018-03-06T04:56:00+08:00,新北市,06,三峽區,057
24.940806,121.361500,三峽,C0AC60,2018-03-06T06:00:00+08:00,55.0,84,3.0,15.9,0.97,1014.4,-99,0.0,10.4,73,2018-03-06T05:13:00+08:00,新北市,06,三峽區,057
24.940806,121.361500,三峽,C0AC60,2018-03-06T07:00:00+08:00,55.0,84,2.8,16.0,0.97,1014.7,-99,0.0,8.8,95,2018-03-06T06:37:00+08:00,新北市,06,三峽區,057
24.940806,121.361500,三峽,C0AC60,2018-03-06T08:00:00+08:00,55.0,86,3.0,16.2,0.96,1015.1,-99,0.0,10.4,75,2018-03-06T07:11:00+08:00,新北市,06,三峽區,057
24.940806,121.361500,三峽,C0AC60,2018-03-06T09:00:00+08:00,55.0,78,3.2,17.1,0.91,1015.4,-99,0.0,11.0,73,2018-03-06T08:53:00+08:00,新北市,06,三峽區,057
24.940806,121.361500,三峽,C0AC60,2018-03-06T10:00:00+08:00,55.0,80,2.7,17.2,0.92,1016.2,-99,0.0,10.4,59,2018-03-06T09:15:00+08:00,新北市,06,三峽區,057
24.940806,121.361500,三峽,C0AC60,2018-03-06T11:00:00+08:00,55.0,85,2.6,17.6,0.92,1016.0,-99,0.0,9.3,81,2018-03-06T10:21:00+08:00,新北市,06,三峽區,057
24.940806,121.361500,三峽,C0AC60,2018-03-06T12:00:00+08:00,55.0,81,2.7,18.0,0.89,1015.2,-99,0.0,9.9,86,2018-03-06T11:35:00+08:00,新北市,06,三峽區,057
24.940806,121.361500,三峽,C0AC60,2018-03-06T13:00:00+08:00,55.0,81,2.9,18.7,0.86,1014.2,-99,0.0,11.0,60,2018-03-06T12:09:00+08:00,新北市,06,三峽區,057
24.940806,121.361500,三峽,C0AC60,2018-03-06T14:00:00+08:00,55.0,78,2.7,18.6,0.83,1013.4,-99,0.0,11.0,85,2018-03-06T13:42:00+08:00,新北市,06,三峽區,057
24.940806,121.361500,三峽,C0AC60,2018-03-06T15:00:00+08:00,55.0,84,2.1,18.2,0.85,1013.2,-99,0.0,10.4,41,2018-03-06T14:32:00+08:00,新北市,06,三峽區,057
24.940806,121.361500,三峽,C0AC60,2018-03-06T16:00:00+08:00,55.0,77,2.6,17.9,0.87,1013.0,-99,0.0,8.2,73,2018-03-06T15:17:00+08:00,新北市,06,三峽區,057
24.940806,121.361500,三峽,C0AC60,2018-03-06T17:00:00+08:00,55.0,89,2.6,17.6,0.88,1013.1,-99,0.0,9.9,49,2018-03-06T16:42:00+08:00,新北市,06,三峽區,057
24.940806,121.361500,三峽,C0AC60,2018-03-06T18:00:00+08:00,55.0,75,4.2,17.2,0.93,1013.0,-99,0.0,10.4,44,2018-03-06T17:57:00+08:00,新北市,06,三峽區,057
24.940806,121.361500,三峽,C0AC60,2018-03-06T19:00:00+08:00,55.0,86,3.7,17.2,0.92,1013.1,-99,0.0,11.0,69,2018-03-06T18:01:00+08:00,新北市,06,三峽區,057
24.940806,121.361500,三峽,C0AC60,2018-03-06T20:00:00+08:00,55.0,79,3.4,17.3,0.91,1013.4,-99,0.0,12.6,77,2018-03-06T19:21:00+08:00,新北市,06,三峽區,057
24.940806,121.361500,三峽,C0AC60,2018-03-06T21:00:00+08:00,55.0,73,4.6,17.2,0.94,1013.8,-99,0.0,11.0,73,2018-03-06T20:41:00+08:00,新北市,06,三峽區,057
24.940806,121.361500,三峽,C0AC60,2018-03-06T22:00:00+08:00,55.0,76,4.0,17.2,0.95,1013.8,-99,0.0,12.1,79,2018-03-06T21:40:00+08:00,新北市,06,三峽區,057
24.940806,121.361500,三峽,C0AC60,2018-03-06T23:00:00+08:00,55.0,72,4.3,17.2,0.96,1013.5,-99,0.0,12.1,84,2018-03-06T22:06:00+08:00,新北市,06,三峽區,057
24.940806,121.361500,三峽,C0AC60,2018-03-07T00:00:00+08:00,55.0,72,4.1,17.4,0.96,1013.3,-99,0.0,10.4,57,2018-03-06T23:59:00+08:00,新北市,06,三峽區,057
24.940806,121.361500,三峽,C0AC60,2018-03-07T01:00:00+08:00,55.0,73,4.0,17.5,0.95,1013.4,-99,0.0,9.3,75,2018-03-07T00:52:00+08:00,新北市,06,三峽區,057
24.940806,121.361500,三峽,C0AC60,2018-03-07T02:00:00+08:00,55.0,79,2.1,17.3,0.97,1012.8,-99,0.0,9.9,85,2018-03-07T01:34:00+08:00,新北市,06,三峽區,057
24.940806,121.361500,三峽,C0AC60,2018-03-07T03:00:00+08:00,55.0,76,2.8,17.1,0.99,1012.9,-99,0.0,9.3,94,2018-03-07T02:16:00+08:00,新北市,06,三峽區,057
24.940806,121.361500,三峽,C0AC60,2018-03-07T04:00:00+08:00,55.0,82,2.3,17.1,0.99,1012.7,-99,0.0,-99,-99,-99,新北市,06,三峽區,057
24.940806,121.361500,三峽,C0AC60,2018-03-07T05:00:00+08:00,55.0,79,2.8,17.3,0.98,1012.3,-99,0.0,8.2,77,2018-03-07T04:39:00+08:00,新北市,06,三峽區,057
24.940806,121.361500,三峽,C0AC60,2018-03-07T06:00:00+08:00,55.0,78,3.1,17.4,0.97,1011.6,-99,0.0,8.8,45,2018-03-07T05:23:00+08:00,新北市,06,三峽區,057
24.940806,121.361500,三峽,C0AC60,2018-03-07T07:00:00+08:00,55.0,81,3.6,17.9,0.92,1011.4,-99,0.0,9.9,74,2018-03-07T06:33:00+08:00,新北市,06,三峽區,057
24.940806,121.361500,三峽,C0AC60,2018-03-07T08:00:00+08:00,55.0,82,4.3,18.9,0.87,1011.3,-99,0.0,11.5,109,2018-03-07T07:49:00+08:00,新北市,06,三峽區,057
24.940806,121.361500,三峽,C0AC60,2018-03-07T09:00:00+08:00,55.0,77,3.5,19.7,0.79,1011.5,-99,0.0,11.0,71,2018-03-07T08:05:00+08:00,新北市,06,三峽區,057
24.940806,121.361500,三峽,C0AC60,2018-03-07T10:00:00+08:00,55.0,54,1.5,20.6,0.77,1011.5,-99,0.0,-99,-99,-99,新北市,06,三峽區,057
24.940806,121.361500,三峽,C0AC60,2018-03-07T11:00:00+08:00,55.0,84,1.1,22.1,0.73,1011.2,-99,0.0,-99,-99,-99,新北市,06,三峽區,057
24.940806,121.361500,三峽,C0AC60,2018-03-07T12:00:00+08:00,55.0,172,0.4,23.4,0.7,1010.0,-99,0.0,-99,-99,-99,新北市,06,三峽區,057
24.940806,121.361500,三峽,C0AC60,2018-03-07T13:00:00+08:00,55.0,107,0.9,24.5,0.66,1008.9,-99,0.0,-99,-99,-99,新北市,06,三峽區,057
24.940806,121.361500,三峽,C0AC60,2018-03-07T14:00:00+08:00,55.0,97,0.5,24.2,0.68,1008.0,-99,0.0,-99,-99,-99,新北市,06,三峽區,057
24.940806,121.361500,三峽,C0AC60,2018-03-07T15:00:00+08:00,55.0,67,0.4,24.8,0.66,1007.1,-99,0.0,-99,-99,-99,新北市,06,三峽區,057
24.940806,121.361500,三峽,C0AC60,2018-03-07T16:00:00+08:00,55.0,319,2.2,22.7,0.74,1007.6,-99,0.0,-99,-99,-99,新北市,06,三峽區,057
24.940806,121.361500,三峽,C0AC60,2018-03-07T17:00:00+08:00,55.0,318,1.7,19.6,0.9,1009.1,-99,0.0,-99,-99,-99,新北市,06,三峽區,057
24.940806,121.361500,三峽,C0AC60,2018-03-07T18:00:00+08:00,55.0,324,1.4,16.4,0.99,1010.7,-99,0.5,-99,-99,-99,新北市,06,三峽區,057
24.940806,121.361500,三峽,C0AC60,2018-03-07T19:00:00+08:00,55.0,308,0.7,16.0,0.99,1010.8,-99,0.5,-99,-99,-99,新北市,06,三峽區,057
24.940806,121.361500,三峽,C0AC60,2018-03-07T20:00:00+08:00,55.0,0,0.0,16.1,0.99,1010.9,-99,1.0,-99,-99,-99,新北市,06,三峽區,057
24.940806,121.361500,三峽,C0AC60,2018-03-07T21:00:00+08:00,55.0,357,0.8,16.4,0.99,1011.2,-99,1.0,-99,-99,-99,新北市,06,三峽區,057
24.940806,121.361500,三峽,C0AC60,2018-03-07T22:00:00+08:00,55.0,88,1.1,16.6,0.99,1011.4,-99,1.0,-99,-99,-99,新北市,06,三峽區,057
24.940806,121.361500,三峽,C0AC60,2018-03-07T23:00:00+08:00,55.0,0,0.2,16.7,0.99,1011.3,-99,1.0,-99,-99,-99,新北市,06,三峽區,057
24.940806,121.361500,三峽,C0AC60,2018-03-08T00:00:00+08:00,55.0,0,0.0,16.5,0.99,1011.3,-99,1.5,-99,-99,-99,新北市,06,三峽區,057
24.940806,121.361500,三峽,C0AC60,2018-03-08T01:00:00+08:00,55.0,0,0.0,16.5,0.99,1010.8,-99,1.5,-99,-99,-99,新北市,06,三峽區,057
24.940806,121.361500,三峽,C0AC60,2018-03-08T02:00:00+08:00,55.0,0,0.0,16.4,0.99,1010.5,-99,5.5,-99,-99,-99,新北市,06,三峽區,057
24.940806,121.361500,三峽,C0AC60,2018-03-08T03:00:00+08:00,55.0,118,0.3,16.2,0.99,1010.0,-99,8.5,-99,-99,-99,新北市,06,三峽區,057
24.940806,121.361500,三峽,C0AC60,2018-03-08T04:00:00+08:00,55.0,318,1.2,15.2,0.99,1010.8,-99,11.0,-99,-99,-99,新北市,06,三峽區,057
24.940806,121.361500,三峽,C0AC60,2018-03-08T05:00:00+08:00,55.0,36,1.1,14.5,0.99,1011.3,-99,13.5,-99,-99,-99,新北市,06,三峽區,057
24.940806,121.361500,三峽,C0AC60,2018-03-08T06:00:00+08:00,55.0,142,0.7,14.1,0.99,1012.5,-99,14.0,-99,-99,-99,新北市,06,三峽區,057
24.940806,121.361500,三峽,C0AC60,2018-03-08T07:00:00+08:00,55.0,96,1.4,13.5,0.99,1013.4,-99,14.0,-99,-99,-99,新北市,06,三峽區,057
24.940806,121.361500,三峽,C0AC60,2018-03-08T08:00:00+08:00,55.0,87,0.9,13.4,0.99,1014.5,-99,14.0,-99,-99,-99,新北市,06,三峽區,057
24.940806,121.361500,三峽,C0AC60,2018-03-08T09:00:00+08:00,55.0,75,1.7,13.0,0.99,1015.6,-99,14.0,-99,-99,-99,新北市,06,三峽區,057
24.940806,121.361500,三峽,C0AC60,2018-03-08T10:00:00+08:00,55.0,93,0.4,13.7,0.99,1015.2,-99,14.0,-99,-99,-99,新北市,06,三峽區,057
24.940806,121.361500,三峽,C0AC60,2018-03-08T11:00:00+08:00,55.0,78,1.2,13.1,0.99,1015.4,-99,17.0,-99,-99,-99,新北市,06,三峽區,057
24.940806,121.361500,三峽,C0AC60,2018-03-08T12:00:00+08:00,55.0,61,0.8,13.1,0.97,1015.5,-99,17.5,-99,-99,-99,新北市,06,三峽區,057
24.940806,121.361500,三峽,C0AC60,2018-03-08T13:00:00+08:00,55.0,62,1.3,12.9,0.95,1014.9,-99,17.5,-99,-99,-99,新北市,06,三峽區,057
24.940806,121.361500,三峽,C0AC60,2018-03-08T14:00:00+08:00,55.0,66,1.0,12.3,0.94,1016.0,-99,17.5,6.6,74,2018-03-08T13:04:00+08:00,新北市,06,三峽區,057
24.940806,121.361500,三峽,C0AC60,2018-03-08T15:00:00+08:00,55.0,71,2.3,12.3,0.89,1015.6,-99,18.0,-99,-99,-99,新北市,06,三峽區,057
24.940806,121.361500,三峽,C0AC60,2018-03-08T16:00:00+08:00,55.0,87,1.5,12.0,0.96,1015.3,-99,18.0,-99,-99,-99,新北市,06,三峽區,057
24.940806,121.361500,三峽,C0AC60,2018-03-08T17:00:00+08:00,55.0,47,1.8,11.6,0.99,1016.6,-99,20.0,-99,-99,-99,新北市,06,三峽區,057
24.940806,121.361500,三峽,C0AC60,2018-03-08T18:00:00+08:00,55.0,67,1.0,11.6,0.98,1017.7,-99,21.5,6.6,57,2018-03-08T17:34:00+08:00,新北市,06,三峽區,057
24.940806,121.361500,三峽,C0AC60,2018-03-08T19:00:00+08:00,55.0,72,1.6,11.4,0.98,1017.9,-99,23.5,-99,-99,-99,新北市,06,三峽區,057
24.940806,121.361500,三峽,C0AC60,2018-03-08T20:00:00+08:00,55.0,54,0.9,10.9,0.99,1018.8,-99,24.5,-99,-99,-99,新北市,06,三峽區,057
24.940806,121.361500,三峽,C0AC60,2018-03-08T21:00:00+08:00,55.0,86,1.0,11.0,0.99,1019.1,-99,25.0,-99,-99,-99,新北市,06,三峽區,057
24.940806,121.361500,三峽,C0AC60,2018-03-08T22:00:00+08:00,55.0,87,1.1,10.8,0.99,1019.0,-99,26.5,-99,-99,-99,新北市,06,三峽區,057
24.940806,121.361500,三峽,C0AC60,2018-03-08T23:00:00+08:00,55.0,75,0.4,10.7,0.99,1019.1,-99,27.0,-99,-99,-99,新北市,06,三峽區,057
24.940806,121.361500,三峽,C0AC60,2018-03-09T00:00:00+08:00,55.0,74,1.0,10.7,0.99,1018.8,-99,27.0,-99,-99,-99,新北市,06,三峽區,057
24.940806,121.361500,三峽,C0AC60,2018-03-09T01:00:00+08:00,55.0,0,0.0,11.2,0.98,1018.5,-99,0.0,-99,-99,-99,新北市,06,三峽區,057
24.940806,121.361500,三峽,C0AC60,2018-03-09T02:00:00+08:00,55.0,88,0.8,11.0,0.99,1017.9,-99,0.0,-99,-99,-99,新北市,06,三峽區,057
24.940806,121.361500,三峽,C0AC60,2018-03-09T03:00:00+08:00,55.0,87,1.2,11.0,0.95,1017.7,-99,0.0,-99,-99,-99,新北市,06,三峽區,057
24.940806,121.361500,三峽,C0AC60,2018-03-09T04:00:00+08:00,55.0,85,1.0,10.7,0.97,1017.2,-99,0.0,-99,-99,-99,新北市,06,三峽區,057
24.940806,121.361500,三峽,C0AC60,2018-03-09T05:00:00+08:00,55.0,92,1.2,10.8,0.91,1017.3,-99,0.0,-99,-99,-99,新北市,06,三峽區,057
24.940806,121.361500,三峽,C0AC60,2018-03-09T06:00:00+08:00,55.0,93,0.4,10.9,0.91,1017.5,-99,0.0,-99,-99,-99,新北市,06,三峽區,057
24.940806,121.361500,三峽,C0AC60,2018-03-09T07:00:00+08:00,55.0,0,0.0,11.5,0.87,1018.0,-99,0.0,-99,-99,-99,新北市,06,三峽區,057
24.940806,121.361500,三峽,C0AC60,2018-03-09T08:00:00+08:00,55.0,85,1.1,12.5,0.74,1018.6,-99,0.0,-99,-99,-99,新北市,06,三峽區,057
24.940806,121.361500,三峽,C0AC60,2018-03-09T09:00:00+08:00,55.0,95,2.3,13.4,0.67,1018.8,-99,0.0,-99,-99,-99,新北市,06,三峽區,057
24.940806,121.361500,三峽,C0AC60,2018-03-09T10:00:00+08:00,55.0,92,1.8,13.8,0.6,1019.0,-99,0.0,7.7,79,2018-03-09T09:49:00+08:00,新北市,06,三峽區,057
24.940806,121.361500,三峽,C0AC60,2018-03-09T11:00:00+08:00,55.0,87,3.6,13.7,0.55,1018.8,-99,0.0,11.0,82,2018-03-09T10:18:00+08:00,新北市,06,三峽區,057
24.940806,121.361500,三峽,C0AC60,2018-03-09T12:00:00+08:00,55.0,92,3.4,13.9,0.53,1018.1,-99,0.0,8.8,80,2018-03-09T11:18:00+08:00,新北市,06,三峽區,057
24.940806,121.361500,三峽,C0AC60,2018-03-09T13:00:00+08:00,55.0,80,2.9,14.1,0.49,1017.4,-99,0.0,9.3,76,2018-03-09T12:25:00+08:00,新北市,06,三峽區,057
24.940806,121.361500,三峽,C0AC60,2018-03-09T14:00:00+08:00,55.0,90,2.4,13.9,0.56,1017.0,-99,0.0,11.0,56,2018-03-09T13:29:00+08:00,新北市,06,三峽區,057
24.940806,121.361500,三峽,C0AC60,2018-03-09T15:00:00+08:00,55.0,86,2.0,14.8,0.53,1016.7,-99,0.0,9.9,69,2018-03-09T14:36:00+08:00,新北市,06,三峽區,057
24.940806,121.361500,三峽,C0AC60,2018-03-09T16:00:00+08:00,55.0,83,2.8,15.2,0.54,1016.8,-99,0.0,8.8,73,2018-03-09T15:10:00+08:00,新北市,06,三峽區,057
24.940806,121.361500,三峽,C0AC60,2018-03-09T17:00:00+08:00,55.0,87,2.4,13.6,0.63,1017.1,-99,0.0,8.8,89,2018-03-09T16:10:00+08:00,新北市,06,三峽區,057
24.940806,121.361500,三峽,C0AC60,2018-03-09T18:00:00+08:00,55.0,94,2.6,13.1,0.7,1017.3,-99,0.0,-99,-99,-99,新北市,06,三峽區,057
24.940806,121.361500,三峽,C0AC60,2018-03-09T19:00:00+08:00,55.0,92,2.9,13.1,0.72,1017.7,-99,0.0,-99,-99,-99,新北市,06,三峽區,057
24.940806,121.361500,三峽,C0AC60,2018-03-09T20:00:00+08:00,55.0,94,2.1,13.1,0.7,1018.0,-99,0.0,-99,-99,-99,新北市,06,三峽區,057
24.940806,121.361500,三峽,C0AC60,2018-03-09T21:00:00+08:00,55.0,97,2.2,13.1,0.67,1018.1,-99,0.0,-99,-99,-99,新北市,06,三峽區,057
24.940806,121.361500,三峽,C0AC60,2018-03-09T22:00:00+08:00,55.0,94,2.2,13.0,0.63,1017.9,-99,0.0,-99,-99,-99,新北市,06,三峽區,057
24.940806,121.361500,三峽,C0AC60,2018-03-09T23:00:00+08:00,55.0,93,1.7,13.0,0.61,1017.7,-99,0.0,-99,-99,-99,新北市,06,三峽區,057
24.940806,121.361500,三峽,C0AC60,2018-03-10T00:00:00+08:00,55.0,94,1.7,13.0,0.62,1017.4,-99,0.0,-99,-99,-99,新北市,06,三峽區,057
24.940806,121.361500,三峽,C0AC60,2018-03-10T01:00:00+08:00,55.0,97,1.4,13.2,0.6,1017.1,-99,0.0,-99,-99,-99,新北市,06,三峽區,057
24.940806,121.361500,三峽,C0AC60,2018-03-10T02:00:00+08:00,55.0,93,1.6,12.5,0.68,1016.8,-99,0.0,-99,-99,-99,新北市,06,三峽區,057
24.940806,121.361500,三峽,C0AC60,2018-03-10T03:00:00+08:00,55.0,96,1.4,12.5,0.67,1016.4,-99,0.0,-99,-99,-99,新北市,06,三峽區,057
24.940806,121.361500,三峽,C0AC60,2018-03-10T04:00:00+08:00,55.0,89,1.4,12.5,0.66,1016.3,-99,0.0,-99,-99,-99,新北市,06,三峽區,057
24.940806,121.361500,三峽,C0AC60,2018-03-10T05:00:00+08:00,55.0,82,1.0,12.5,0.65,1016.4,-99,0.0,-99,-99,-99,新北市,06,三峽區,057
24.940806,121.361500,三峽,C0AC60,2018-03-10T06:00:00+08:00,55.0,84,1.5,12.5,0.65,1016.7,-99,0.0,-99,-99,-99,新北市,06,三峽區,057
24.940806,121.361500,三峽,C0AC60,2018-03-10T07:00:00+08:00,55.0,93,1.1,12.8,0.66,1017.3,-99,0.0,-99,-99,-99,新北市,06,三峽區,057
24.940806,121.361500,三峽,C0AC60,2018-03-10T08:00:00+08:00,55.0,93,2.9,14.9,0.59,1017.8,-99,0.0,-99,-99,-99,新北市,06,三峽區,057
24.940806,121.361500,三峽,C0AC60,2018-03-10T09:00:00+08:00,55.0,75,3.2,16.2,0.57,1017.9,-99,0.0,9.9,78,2018-03-10T08:30:00+08:00,新北市,06,三峽區,057
24.940806,121.361500,三峽,C0AC60,2018-03-10T10:00:00+08:00,55.0,74,3.0,17.9,0.48,1017.6,-99,0.0,8.8,98,2018-03-10T09:40:00+08:00,新北市,06,三峽區,057
24.940806,121.361500,三峽,C0AC60,2018-03-10T11:00:00+08:00,55.0,78,3.5,19.0,0.46,1017.2,-99,0.0,9.3,80,2018-03-10T10:16:00+08:00,新北市,06,三峽區,057
24.940806,121.361500,三峽,C0AC60,2018-03-10T12:00:00+08:00,55.0,72,3.4,19.8,0.43,1016.3,-99,0.0,9.3,99,2018-03-10T11:26:00+08:00,新北市,06,三峽區,057
24.940806,121.361500,三峽,C0AC60,2018-03-10T13:00:00+08:00,55.0,67,3.5,20.5,0.42,1015.3,-99,0.0,9.9,83,2018-03-10T12:34:00+08:00,新北市,06,三峽區,057
24.940806,121.361500,三峽,C0AC60,2018-03-10T14:00:00+08:00,55.0,73,3.3,20.6,0.41,1014.7,-99,0.0,9.3,80,2018-03-10T13:05:00+08:00,新北市,06,三峽區,057
24.940806,121.361500,三峽,C0AC60,2018-03-10T15:00:00+08:00,55.0,83,3.6,20.6,0.41,1014.3,-99,0.0,9.3,46,2018-03-10T14:03:00+08:00,新北市,06,三峽區,057
24.940806,121.361500,三峽,C0AC60,2018-03-10T16:00:00+08:00,55.0,75,3.7,20.2,0.43,1014.5,-99,0.0,11.5,83,2018-03-10T15:26:00+08:00,新北市,06,三峽區,057
24.940806,121.361500,三峽,C0AC60,2018-03-10T17:00:00+08:00,55.0,72,4.1,19.2,0.47,1014.5,-99,0.0,9.9,78,2018-03-10T16:45:00+08:00,新北市,06,三峽區,057
24.940806,121.361500,三峽,C0AC60,2018-03-10T18:00:00+08:00,55.0,77,3.0,17.6,0.53,1014.8,-99,0.0,11.5,91,2018-03-10T17:51:00+08:00,新北市,06,三峽區,057
24.940806,121.361500,三峽,C0AC60,2018-03-10T19:00:00+08:00,55.0,77,3.8,16.3,0.56,1015.2,-99,0.0,11.5,93,2018-03-10T18:33:00+08:00,新北市,06,三峽區,057
24.940806,121.361500,三峽,C0AC60,2018-03-10T20:00:00+08:00,55.0,81,2.9,15.7,0.59,1015.9,-99,0.0,8.8,88,2018-03-10T19:03:00+08:00,新北市,06,三峽區,057
24.940806,121.361500,三峽,C0AC60,2018-03-10T21:00:00+08:00,55.0,84,3.2,15.4,0.62,1016.3,-99,0.0,8.8,83,2018-03-10T20:24:00+08:00,新北市,06,三峽區,057
24.940806,121.361500,三峽,C0AC60,2018-03-10T22:00:00+08:00,55.0,86,2.6,15.2,0.62,1016.5,-99,0.0,9.9,77,2018-03-10T21:15:00+08:00,新北市,06,三峽區,057
24.940806,121.361500,三峽,C0AC60,2018-03-10T23:00:00+08:00,55.0,88,1.9,15.1,0.62,1016.1,-99,0.0,-99,-99,-99,新北市,06,三峽區,057
24.940806,121.361500,三峽,C0AC60,2018-03-11T00:00:00+08:00,55.0,97,2.0,14.9,0.63,1015.8,-99,0.0,7.7,76,2018-03-10T23:58:00+08:00,新北市,06,三峽區,057
24.940806,121.361500,三峽,C0AC60,2018-03-11T01:00:00+08:00,55.0,186,1.4,12.5,0.79,1015.5,-99,0.0,-99,-99,-99,新北市,06,三峽區,057
24.940806,121.361500,三峽,C0AC60,2018-03-11T02:00:00+08:00,55.0,162,0.8,-99,0.84,1015.1,-99,0.0,-99,-99,-99,新北市,06,三峽區,057
24.940806,121.361500,三峽,C0AC60,2018-03-11T03:00:00+08:00,55.0,159,1.5,-99,0.86,1014.9,-99,0.0,-99,-99,-99,新北市,06,三峽區,057
24.940806,121.361500,三峽,C0AC60,2018-03-11T04:00:00+08:00,55.0,156,1.6,-99,0.86,1014.8,-99,0.0,-99,-99,-99,新北市,06,三峽區,057
24.940806,121.361500,三峽,C0AC60,2018-03-11T05:00:00+08:00,55.0,164,1.5,-99,0.86,1015.2,-99,0.0,-99,-99,-99,新北市,06,三峽區,057
24.940806,121.361500,三峽,C0AC60,2018-03-11T06:00:00+08:00,55.0,165,1.5,-99,0.86,1015.8,-99,0.0,-99,-99,-99,新北市,06,三峽區,057
24.940806,121.361500,三峽,C0AC60,2018-03-11T07:00:00+08:00,55.0,172,1.6,-99,0.85,1016.3,-99,0.0,-99,-99,-99,新北市,06,三峽區,057
24.940806,121.361500,三峽,C0AC60,2018-03-11T08:00:00+08:00,55.0,162,1.6,-99,0.7,1016.9,-99,0.0,-99,-99,-99,新北市,06,三峽區,057
24.940806,121.361500,三峽,C0AC60,2018-03-11T09:00:00+08:00,55.0,82,2.7,18.9,0.52,1016.7,-99,0.0,-99,-99,-99,新北市,06,三峽區,057
24.940806,121.361500,三峽,C0AC60,2018-03-11T10:00:00+08:00,55.0,82,1.3,21.6,0.39,1016.2,-99,0.0,-99,-99,-99,新北市,06,三峽區,057
24.940806,121.361500,三峽,C0AC60,2018-03-11T11:00:00+08:00,55.0,57,2.0,22.4,0.36,1015.8,-99,0.0,-99,-99,-99,新北市,06,三峽區,057
24.940806,121.361500,三峽,C0AC60,2018-03-11T12:00:00+08:00,55.0,57,1.6,23.4,0.35,1015.0,-99,0.0,-99,-99,-99,新北市,06,三峽區,057
24.940806,121.361500,三峽,C0AC60,2018-03-11T13:00:00+08:00,55.0,33,1.8,23.6,0.37,1014.2,-99,0.0,7.1,53,2018-03-11T12:52:00+08:00,新北市,06,三峽區,057
24.940806,121.361500,三峽,C0AC60,2018-03-11T14:00:00+08:00,55.0,67,2.5,24.9,0.36,1013.3,-99,0.0,-99,-99,-99,新北市,06,三峽區,057
24.940806,121.361500,三峽,C0AC60,2018-03-11T15:00:00+08:00,55.0,55,1.1,25.0,0.37,1012.8,-99,0.0,7.1,48,2018-03-11T14:31:00+08:00,新北市,06,三峽區,057
24.940806,121.361500,三峽,C0AC60,2018-03-11T16:00:00+08:00,55.0,35,0.5,25.1,0.38,1012.9,-99,0.0,13.2,335,2018-03-11T15:41:00+08:00,新北市,06,三峽區,057
24.940806,121.361500,三峽,C0AC60,2018-03-11T17:00:00+08:00,55.0,54,1.4,23.9,0.42,1013.0,-99,0.0,-99,-99,-99,新北市,06,三峽區,057
24.940806,121.361500,三峽,C0AC60,2018-03-11T18:00:00+08:00,55.0,50,0.9,21.4,0.48,1013.3,-99,0.0,-99,-99,-99,新北市,06,三峽區,057
24.940806,121.361500,三峽,C0AC60,2018-03-11T19:00:00+08:00,55.0,98,0.8,19.9,0.53,1013.9,-99,0.0,-99,-99,-99,新北市,06,三峽區,057
24.940806,121.361500,三峽,C0AC60,2018-03-11T20:00:00+08:00,55.0,0,0.0,18.3,0.69,1014.4,-99,0.0,-99,-99,-99,新北市,06,三峽區,057
24.940806,121.361500,三峽,C0AC60,2018-03-11T21:00:00+08:00,55.0,167,0.3,17.2,0.72,1014.8,-99,0.0,-99,-99,-99,新北市,06,三峽區,057
24.940806,121.361500,三峽,C0AC60,2018-03-11T22:00:00+08:00,55.0,155,2.5,15.8,0.76,1015.4,-99,0.0,-99,-99,-99,新北市,06,三峽區,057
24.940806,121.361500,三峽,C0AC60,2018-03-11T23:00:00+08:00,55.0,163,0.8,14.9,0.82,1015.2,-99,0.0,-99,-99,-99,新北市,06,三峽區,057
24.940806,121.361500,三峽,C0AC60,2018-03-12T00:00:00+08:00,55.0,156,2.4,14.2,0.86,1014.9,-99,0.0,-99,-99,-99,新北市,06,三峽區,057
24.940806,121.361500,三峽,C0AC60,2018-03-12T03:00:00+08:00,55.0,171,0.3,13.4,0.86,1013.1,-99,0.0,-99,-99,-99,新北市,06,三峽區,057
24.940806,121.361500,三峽,C0AC60,2018-03-12T04:00:00+08:00,55.0,212,0.6,13.1,0.8,1013.0,-99,0.0,-99,-99,-99,新北市,06,三峽區,057
24.940806,121.361500,三峽,C0AC60,2018-03-12T05:00:00+08:00,55.0,0,0.1,13.1,0.83,1013.3,-99,0.0,-99,-99,-99,新北市,06,三峽區,057
24.940806,121.361500,三峽,C0AC60,2018-03-12T06:00:00+08:00,55.0,157,0.4,12.3,0.82,1013.7,-99,0.0,-99,-99,-99,新北市,06,三峽區,057
24.940806,121.361500,三峽,C0AC60,2018-03-12T07:00:00+08:00,55.0,200,1.6,12.8,0.75,1014.0,-99,0.0,-99,-99,-99,新北市,06,三峽區,057
24.940806,121.361500,三峽,C0AC60,2018-03-12T08:00:00+08:00,55.0,0,0.0,14.7,0.71,1014.4,-99,0.0,-99,-99,-99,新北市,06,三峽區,057
24.940806,121.361500,三峽,C0AC60,2018-03-12T09:00:00+08:00,55.0,325,0.4,17.7,0.6,1014.8,-99,0.0,-99,-99,-99,新北市,06,三峽區,057
24.940806,121.361500,三峽,C0AC60,2018-03-12T10:00:00+08:00,55.0,334,0.5,20.0,0.42,1014.6,-99,0.0,-99,-99,-99,新北市,06,三峽區,057
24.940806,121.361500,三峽,C0AC60,2018-03-12T11:00:00+08:00,55.0,10,0.4,22.5,0.36,1014.0,-99,0.0,-99,-99,-99,新北市,06,三峽區,057
24.940806,121.361500,三峽,C0AC60,2018-03-12T12:00:00+08:00,55.0,323,0.9,24.0,0.25,1013.1,-99,0.0,-99,-99,-99,新北市,06,三峽區,057
24.940806,121.361500,三峽,C0AC60,2018-03-12T13:00:00+08:00,55.0,227,1.7,25.0,0.26,1011.9,-99,0.0,-99,-99,-99,新北市,06,三峽區,057
24.940806,121.361500,三峽,C0AC60,2018-03-12T14:00:00+08:00,55.0,337,1.9,24.2,0.43,1011.0,-99,0.0,-99,-99,-99,新北市,06,三峽區,057
24.940806,121.361500,三峽,C0AC60,2018-03-12T15:00:00+08:00,55.0,328,1.2,24.1,0.43,1010.6,-99,0.0,-99,-99,-99,新北市,06,三峽區,057
24.940806,121.361500,三峽,C0AC60,2018-03-12T16:00:00+08:00,55.0,323,1.6,23.6,0.45,1010.6,-99,0.0,-99,-99,-99,新北市,06,三峽區,057
24.940806,121.361500,三峽,C0AC60,2018-03-12T17:00:00+08:00,55.0,309,1.0,23.3,0.43,1010.8,-99,0.0,-99,-99,-99,新北市,06,三峽區,057
24.940806,121.361500,三峽,C0AC60,2018-03-12T18:00:00+08:00,55.0,340,0.6,21.3,0.52,1011.4,-99,0.0,-99,-99,-99,新北市,06,三峽區,057
24.940806,121.361500,三峽,C0AC60,2018-03-12T19:00:00+08:00,55.0,199,0.5,19.4,0.66,1012.1,-99,0.0,-99,-99,-99,新北市,06,三峽區,057
24.940806,121.361500,三峽,C0AC60,2018-03-12T20:00:00+08:00,55.0,156,0.7,17.7,0.78,1012.6,-99,0.0,-99,-99,-99,新北市,06,三峽區,057
24.940806,121.361500,三峽,C0AC60,2018-03-12T21:00:00+08:00,55.0,208,1.2,16.7,0.83,1013.0,-99,0.0,-99,-99,-99,新北市,06,三峽區,057
24.940806,121.361500,三峽,C0AC60,2018-03-12T22:00:00+08:00,55.0,196,0.3,15.9,0.88,1012.8,-99,0.0,-99,-99,-99,新北市,06,三峽區,057
24.940806,121.361500,三峽,C0AC60,2018-03-12T23:00:00+08:00,55.0,205,0.5,15.7,0.88,1012.8,-99,0.0,-99,-99,-99,新北市,06,三峽區,057
24.940806,121.361500,三峽,C0AC60,2018-03-13T00:00:00+08:00,55.0,194,0.3,15.2,0.9,1012.3,-99,0.0,-99,-99,-99,新北市,06,三峽區,057
24.940806,121.361500,三峽,C0AC60,2018-03-13T01:00:00+08:00,55.0,190,0.9,14.6,0.94,1012.2,-99,0.0,-99,-99,-99,新北市,06,三峽區,057
24.940806,121.361500,三峽,C0AC60,2018-03-13T02:00:00+08:00,55.0,179,0.3,14.5,0.95,1011.7,-99,0.0,-99,-99,-99,新北市,06,三峽區,057
24.940806,121.361500,三峽,C0AC60,2018-03-13T03:00:00+08:00,55.0,164,0.6,14.1,0.95,1011.1,-99,0.0,-99,-99,-99,新北市,06,三峽區,057
24.940806,121.361500,三峽,C0AC60,2018-03-13T04:00:00+08:00,55.0,201,0.3,13.9,0.96,1010.8,-99,0.0,-99,-99,-99,新北市,06,三峽區,057
24.940806,121.361500,三峽,C0AC60,2018-03-13T05:00:00+08:00,55.0,0,0.1,14.0,0.94,1010.9,-99,0.0,-99,-99,-99,新北市,06,三峽區,057
24.940806,121.361500,三峽,C0AC60,2018-03-13T06:00:00+08:00,55.0,199,0.4,13.7,0.94,1011.7,-99,0.0,-99,-99,-99,新北市,06,三峽區,057
24.940806,121.361500,三峽,C0AC60,2018-03-13T07:00:00+08:00,55.0,0,0.0,14.0,0.94,1012.4,-99,0.0,-99,-99,-99,新北市,06,三峽區,057
24.940806,121.361500,三峽,C0AC60,2018-03-13T08:00:00+08:00,55.0,194,0.3,15.6,0.78,1013.0,-99,0.0,-99,-99,-99,新北市,06,三峽區,057
24.940806,121.361500,三峽,C0AC60,2018-03-13T09:00:00+08:00,55.0,0,0.0,19.4,0.63,1013.2,-99,0.0,-99,-99,-99,新北市,06,三峽區,057
24.940806,121.361500,三峽,C0AC60,2018-03-13T10:00:00+08:00,55.0,108,0.3,21.4,0.56,1013.0,-99,0.0,-99,-99,-99,新北市,06,三峽區,057
24.940806,121.361500,三峽,C0AC60,2018-03-13T11:00:00+08:00,55.0,65,0.6,23.7,0.48,1012.5,-99,0.0,-99,-99,-99,新北市,06,三峽區,057
24.940806,121.361500,三峽,C0AC60,2018-03-13T12:00:00+08:00,55.0,343,0.8,25.1,0.4,1011.1,-99,0.0,-99,-99,-99,新北市,06,三峽區,057
24.940806,121.361500,三峽,C0AC60,2018-03-13T13:00:00+08:00,55.0,312,2.3,24.5,0.61,1010.1,-99,0.0,-99,-99,-99,新北市,06,三峽區,057
24.940806,121.361500,三峽,C0AC60,2018-03-13T14:00:00+08:00,55.0,311,2.0,24.7,0.58,1009.6,-99,0.0,-99,-99,-99,新北市,06,三峽區,057
24.940806,121.361500,三峽,C0AC60,2018-03-13T15:00:00+08:00,55.0,314,2.7,23.9,0.57,1009.4,-99,0.0,-99,-99,-99,新北市,06,三峽區,057
24.940806,121.361500,三峽,C0AC60,2018-03-13T16:00:00+08:00,55.0,311,1.7,24.0,0.53,1009.4,-99,0.0,-99,-99,-99,新北市,06,三峽區,057
24.940806,121.361500,三峽,C0AC60,2018-03-13T17:00:00+08:00,55.0,289,1.2,22.9,0.59,1009.5,-99,0.0,-99,-99,-99,新北市,06,三峽區,057
24.940806,121.361500,三峽,C0AC60,2018-03-13T18:00:00+08:00,55.0,310,1.1,21.9,0.62,1009.6,-99,0.0,-99,-99,-99,新北市,06,三峽區,057
24.940806,121.361500,三峽,C0AC60,2018-03-13T19:00:00+08:00,55.0,222,0.5,20.9,0.72,1010.4,-99,0.0,-99,-99,-99,新北市,06,三峽區,057
24.940806,121.361500,三峽,C0AC60,2018-03-13T20:00:00+08:00,55.0,195,0.6,19.0,0.83,1010.6,-99,0.0,-99,-99,-99,新北市,06,三峽區,057
24.940806,121.361500,三峽,C0AC60,2018-03-13T21:00:00+08:00,55.0,161,0.5,18.0,0.9,1011.3,-99,0.0,-99,-99,-99,新北市,06,三峽區,057
24.940806,121.361500,三峽,C0AC60,2018-03-13T22:00:00+08:00,55.0,175,1.0,17.9,0.91,1011.4,-99,0.0,-99,-99,-99,新北市,06,三峽區,057
24.940806,121.361500,三峽,C0AC60,2018-03-13T23:00:00+08:00,55.0,201,1.2,17.2,0.93,1011.7,-99,0.0,-99,-99,-99,新北市,06,三峽區,057
24.940806,121.361500,三峽,C0AC60,2018-03-14T00:00:00+08:00,55.0,179,0.5,17.2,0.94,1011.3,-99,0.0,-99,-99,-99,新北市,06,三峽區,057
24.940806,121.361500,三峽,C0AC60,2018-03-14T01:00:00+08:00,55.0,157,1.7,16.7,0.96,1010.9,-99,0.0,-99,-99,-99,新北市,06,三峽區,057
24.940806,121.361500,三峽,C0AC60,2018-03-14T02:00:00+08:00,55.0,155,0.6,16.6,0.96,1010.2,-99,0.0,-99,-99,-99,新北市,06,三峽區,057
24.940806,121.361500,三峽,C0AC60,2018-03-14T03:00:00+08:00,55.0,91,0.4,16.7,0.96,1009.3,-99,0.0,-99,-99,-99,新北市,06,三峽區,057
24.940806,121.361500,三峽,C0AC60,2018-03-14T04:00:00+08:00,55.0,142,0.6,16.8,0.96,1009.3,-99,0.0,-99,-99,-99,新北市,06,三峽區,057
24.940806,121.361500,三峽,C0AC60,2018-03-14T05:00:00+08:00,55.0,156,0.6,16.6,0.97,1009.8,-99,0.0,-99,-99,-99,新北市,06,三峽區,057
24.940806,121.361500,三峽,C0AC60,2018-03-14T06:00:00+08:00,55.0,0,0.1,16.4,0.98,1010.2,-99,0.0,-99,-99,-99,新北市,06,三峽區,057
24.940806,121.361500,三峽,C0AC60,2018-03-14T07:00:00+08:00,55.0,0,0.0,16.4,0.99,1010.4,-99,0.0,-99,-99,-99,新北市,06,三峽區,057
24.940806,121.361500,三峽,C0AC60,2018-03-14T08:00:00+08:00,55.0,163,0.4,18.1,0.93,1010.8,-99,0.0,-99,-99,-99,新北市,06,三峽區,057
24.940806,121.361500,三峽,C0AC60,2018-03-14T09:00:00+08:00,55.0,242,2.0,19.9,0.83,1011.9,-99,0.0,-99,-99,-99,新北市,06,三峽區,057
24.940806,121.361500,三峽,C0AC60,2018-03-14T10:00:00+08:00,55.0,277,0.3,22.5,0.7,1011.0,-99,0.0,-99,-99,-99,新北市,06,三峽區,057
24.940806,121.361500,三峽,C0AC60,2018-03-14T11:00:00+08:00,55.0,260,0.4,24.5,0.61,1010.8,-99,0.0,-99,-99,-99,新北市,06,三峽區,057
24.940806,121.361500,三峽,C0AC60,2018-03-14T12:00:00+08:00,55.0,256,0.4,26.0,0.49,1010.1,-99,0.0,-99,-99,-99,新北市,06,三峽區,057
24.940806,121.361500,三峽,C0AC60,2018-03-14T13:00:00+08:00,55.0,236,0.7,27.9,0.38,1008.9,-99,0.0,-99,-99,-99,新北市,06,三峽區,057
24.940806,121.361500,三峽,C0AC60,2018-03-14T14:00:00+08:00,55.0,350,1.3,27.2,0.37,1008.4,-99,0.0,-99,-99,-99,新北市,06,三峽區,057
24.940806,121.361500,三峽,C0AC60,2018-03-14T15:00:00+08:00,55.0,332,1.1,26.7,0.42,1008.3,-99,0.0,-99,-99,-99,新北市,06,三峽區,057
24.940806,121.361500,三峽,C0AC60,2018-03-14T16:00:00+08:00,55.0,332,0.7,25.7,0.51,1008.1,-99,0.0,-99,-99,-99,新北市,06,三峽區,057
24.940806,121.361500,三峽,C0AC60,2018-03-14T17:00:00+08:00,55.0,0,0.1,25.6,0.48,1007.8,-99,0.0,-99,-99,-99,新北市,06,三峽區,057
24.940806,121.361500,三峽,C0AC60,2018-03-14T18:00:00+08:00,55.0,311,0.4,23.9,0.65,1008.3,-99,0.0,-99,-99,-99,新北市,06,三峽區,057
24.940806,121.361500,三峽,C0AC60,2018-03-14T19:00:00+08:00,55.0,283,1.0,21.7,0.83,1009.9,-99,0.0,-99,-99,-99,新北市,06,三峽區,057
24.940806,121.361500,三峽,C0AC60,2018-03-14T20:00:00+08:00,55.0,96,1.0,21.2,0.89,1009.6,-99,0.0,-99,-99,-99,新北市,06,三峽區,057
24.940806,121.361500,三峽,C0AC60,2018-03-14T21:00:00+08:00,55.0,100,0.7,21.2,0.93,1007.8,-99,0.0,-99,-99,-99,新北市,06,三峽區,057
24.940806,121.361500,三峽,C0AC60,2018-03-14T22:00:00+08:00,55.0,0,0.2,21.6,0.89,1009.3,-99,0.0,-99,-99,-99,新北市,06,三峽區,057
24.940806,121.361500,三峽,C0AC60,2018-03-14T23:00:00+08:00,55.0,179,1.0,20.4,0.93,1009.5,-99,0.0,-99,-99,-99,新北市,06,三峽區,057
24.940806,121.361500,三峽,C0AC60,2018-03-15T00:00:00+08:00,55.0,163,2.5,20.1,0.93,1009.3,-99,0.0,-99,-99,-99,新北市,06,三峽區,057
24.940806,121.361500,三峽,C0AC60,2018-03-15T17:00:00+08:00,55.0,258,0.3,21.0,0.76,1008.5,-99,0.0,-99,-99,-99,新北市,06,三峽區,057
24.940806,121.361500,三峽,C0AC60,2018-03-15T18:00:00+08:00,55.0,93,1.0,20.4,0.83,1008.3,-99,0.0,-99,-99,-99,新北市,06,三峽區,057
24.940806,121.361500,三峽,C0AC60,2018-03-15T19:00:00+08:00,55.0,0,0.0,20.1,0.91,1009.0,-99,0.0,-99,-99,-99,新北市,06,三峽區,057
24.940806,121.361500,三峽,C0AC60,2018-03-15T20:00:00+08:00,55.0,0,0.0,19.0,0.99,1009.7,-99,1.0,-99,-99,-99,新北市,06,三峽區,057
24.940806,121.361500,三峽,C0AC60,2018-03-15T21:00:00+08:00,55.0,154,0.3,18.6,0.99,1009.9,-99,2.5,-99,-99,-99,新北市,06,三峽區,057
24.940806,121.361500,三峽,C0AC60,2018-03-15T22:00:00+08:00,55.0,0,0.1,18.5,0.99,1009.2,-99,3.0,-99,-99,-99,新北市,06,三峽區,057
24.940806,121.361500,三峽,C0AC60,2018-03-15T23:00:00+08:00,55.0,0,0.0,18.3,0.99,1009.4,-99,3.5,-99,-99,-99,新北市,06,三峽區,057
24.940806,121.361500,三峽,C0AC60,2018-03-16T00:00:00+08:00,55.0,88,0.5,18.3,0.99,1008.8,-99,4.0,-99,-99,-99,新北市,06,三峽區,057
24.940806,121.361500,三峽,C0AC60,2018-03-16T01:00:00+08:00,55.0,0,0.2,18.4,0.99,1008.2,-99,0.0,-99,-99,-99,新北市,06,三峽區,057
24.940806,121.361500,三峽,C0AC60,2018-03-16T02:00:00+08:00,55.0,156,0.4,18.3,0.99,1007.1,-99,0.0,-99,-99,-99,新北市,06,三峽區,057
24.940806,121.361500,三峽,C0AC60,2018-03-16T03:00:00+08:00,55.0,86,1.4,18.0,0.99,1006.1,-99,0.0,-99,-99,-99,新北市,06,三峽區,057
24.940806,121.361500,三峽,C0AC60,2018-03-16T04:00:00+08:00,55.0,166,0.4,18.2,0.99,1006.5,-99,0.0,-99,-99,-99,新北市,06,三峽區,057
24.940806,121.361500,三峽,C0AC60,2018-03-16T05:00:00+08:00,55.0,183,0.8,18.4,0.99,1008.0,-99,0.0,-99,-99,-99,新北市,06,三峽區,057
24.940806,121.361500,三峽,C0AC60,2018-03-16T06:00:00+08:00,55.0,214,1.1,18.5,0.99,1008.8,-99,0.0,-99,-99,-99,新北市,06,三峽區,057
24.940806,121.361500,三峽,C0AC60,2018-03-16T07:00:00+08:00,55.0,0,0.2,18.7,0.99,1009.2,-99,0.0,-99,-99,-99,新北市,06,三峽區,057
24.940806,121.361500,三峽,C0AC60,2018-03-16T08:00:00+08:00,55.0,203,1.3,18.9,0.99,1010.0,-99,0.0,-99,-99,-99,新北市,06,三峽區,057
24.940806,121.361500,三峽,C0AC60,2018-03-16T09:00:00+08:00,55.0,191,0.4,19.9,0.98,1010.2,-99,0.0,-99,-99,-99,新北市,06,三峽區,057
24.940806,121.361500,三峽,C0AC60,2018-03-16T10:00:00+08:00,55.0,0,0.0,20.9,0.97,1010.9,-99,0.0,-99,-99,-99,新北市,06,三峽區,057
24.940806,121.361500,三峽,C0AC60,2018-03-16T11:00:00+08:00,55.0,0,0.2,22.9,0.84,1010.6,-99,0.0,-99,-99,-99,新北市,06,三峽區,057
24.940806,121.361500,三峽,C0AC60,2018-03-16T12:00:00+08:00,55.0,42,1.2,24.4,0.73,1009.9,-99,0.0,-99,-99,-99,新北市,06,三峽區,057
24.940806,121.361500,三峽,C0AC60,2018-03-16T13:00:00+08:00,55.0,29,0.7,23.6,0.73,1009.6,-99,0.0,-99,-99,-99,新北市,06,三峽區,057
24.940806,121.361500,三峽,C0AC60,2018-03-16T14:00:00+08:00,55.0,42,1.8,23.7,0.76,1009.2,-99,0.0,-99,-99,-99,新北市,06,三峽區,057
24.940806,121.361500,三峽,C0AC60,2018-03-16T15:00:00+08:00,55.0,91,1.5,21.5,0.87,1009.4,-99,0.0,-99,-99,-99,新北市,06,三峽區,057
24.940806,121.361500,三峽,C0AC60,2018-03-16T16:00:00+08:00,55.0,94,1.7,20.6,0.92,1009.8,-99,0.0,-99,-99,-99,新北市,06,三峽區,057
24.940806,121.361500,三峽,C0AC60,2018-03-16T17:00:00+08:00,55.0,92,2.0,19.8,0.88,1010.7,-99,0.0,-99,-99,-99,新北市,06,三峽區,057
24.940806,121.361500,三峽,C0AC60,2018-03-16T18:00:00+08:00,55.0,99,1.1,19.1,0.91,1011.3,-99,0.0,-99,-99,-99,新北市,06,三峽區,057
24.940806,121.361500,三峽,C0AC60,2018-03-16T19:00:00+08:00,55.0,91,3.0,18.7,0.95,1012.1,-99,0.0,-99,-99,-99,新北市,06,三峽區,057
24.940806,121.361500,三峽,C0AC60,2018-03-16T20:00:00+08:00,55.0,94,2.4,18.5,0.94,1013.0,-99,0.0,-99,-99,-99,新北市,06,三峽區,057
24.940806,121.361500,三峽,C0AC60,2018-03-16T21:00:00+08:00,55.0,93,2.9,18.3,0.95,1014.0,-99,0.0,-99,-99,-99,新北市,06,三峽區,057
24.940806,121.361500,三峽,C0AC60,2018-03-16T22:00:00+08:00,55.0,91,2.2,17.5,0.99,1014.3,-99,0.0,-99,-99,-99,新北市,06,三峽區,057
24.940806,121.361500,三峽,C0AC60,2018-03-16T23:00:00+08:00,55.0,98,2.5,17.4,0.99,1014.3,-99,0.0,-99,-99,-99,新北市,06,三峽區,057
24.940806,121.361500,三峽,C0AC60,2018-03-17T00:00:00+08:00,55.0,90,2.5,17.5,0.99,1013.9,-99,0.0,-99,-99,-99,新北市,06,三峽區,057
24.940806,121.361500,三峽,C0AC60,2018-03-17T01:00:00+08:00,55.0,83,3.3,17.5,0.98,1013.1,-99,0.0,9.3,83,2018-03-17T00:53:00+08:00,新北市,06,三峽區,057
24.940806,121.361500,三峽,C0AC60,2018-03-17T02:00:00+08:00,55.0,79,2.5,17.5,0.99,1012.4,-99,0.0,8.8,95,2018-03-17T01:28:00+08:00,新北市,06,三峽區,057
24.940806,121.361500,三峽,C0AC60,2018-03-17T03:00:00+08:00,55.0,79,3.3,17.7,0.99,1012.2,-99,0.0,11.0,67,2018-03-17T02:12:00+08:00,新北市,06,三峽區,057
24.940806,121.361500,三峽,C0AC60,2018-03-17T04:00:00+08:00,55.0,78,2.3,17.9,0.98,1012.0,-99,0.0,9.3,71,2018-03-17T03:20:00+08:00,新北市,06,三峽區,057
24.940806,121.361500,三峽,C0AC60,2018-03-17T05:00:00+08:00,55.0,82,2.6,18.0,0.98,1012.9,-99,0.0,8.2,79,2018-03-17T04:32:00+08:00,新北市,06,三峽區,057
24.940806,121.361500,三峽,C0AC60,2018-03-17T06:00:00+08:00,55.0,87,1.7,17.9,0.99,1013.2,-99,0.0,-99,-99,-99,新北市,06,三峽區,057
24.940806,121.361500,三峽,C0AC60,2018-03-17T07:00:00+08:00,55.0,97,1.7,18.1,0.98,1013.7,-99,0.0,-99,-99,-99,新北市,06,三峽區,057
24.940806,121.361500,三峽,C0AC60,2018-03-17T08:00:00+08:00,55.0,92,1.8,18.7,0.95,1014.4,-99,0.0,-99,-99,-99,新北市,06,三峽區,057
24.940806,121.361500,三峽,C0AC60,2018-03-17T09:00:00+08:00,55.0,88,1.7,18.7,0.96,1014.7,-99,0.0,-99,-99,-99,新北市,06,三峽區,057
24.940806,121.361500,三峽,C0AC60,2018-03-17T10:00:00+08:00,55.0,83,3.7,19.6,0.91,1014.6,-99,0.0,8.8,67,2018-03-17T09:09:00+08:00,新北市,06,三峽區,057
24.940806,121.361500,三峽,C0AC60,2018-03-17T11:00:00+08:00,55.0,84,3.1,21.6,0.8,1014.0,-99,0.0,10.4,96,2018-03-17T10:12:00+08:00,新北市,06,三峽區,057
24.940806,121.361500,三峽,C0AC60,2018-03-17T12:00:00+08:00,55.0,71,5.2,21.7,0.77,1013.3,-99,0.0,12.6,60,2018-03-17T11:52:00+08:00,新北市,06,三峽區,057
24.940806,121.361500,三峽,C0AC60,2018-03-17T13:00:00+08:00,55.0,77,3.6,22.4,0.75,1012.6,-99,0.0,12.1,74,2018-03-17T12:13:00+08:00,新北市,06,三峽區,057
24.940806,121.361500,三峽,C0AC60,2018-03-17T14:00:00+08:00,55.0,72,4.5,21.9,0.77,1011.7,-99,0.0,13.2,71,2018-03-17T13:04:00+08:00,新北市,06,三峽區,057
24.940806,121.361500,三峽,C0AC60,2018-03-17T15:00:00+08:00,55.0,73,4.1,22.0,0.77,1010.9,-99,0.0,12.1,96,2018-03-17T14:05:00+08:00,新北市,06,三峽區,057
24.940806,121.361500,三峽,C0AC60,2018-03-17T16:00:00+08:00,55.0,79,4.4,21.6,0.79,1010.5,-99,0.0,12.6,51,2018-03-17T15:40:00+08:00,新北市,06,三峽區,057
24.940806,121.361500,三峽,C0AC60,2018-03-17T17:00:00+08:00,55.0,76,3.5,21.1,0.81,1010.5,-99,0.0,11.5,78,2018-03-17T16:12:00+08:00,新北市,06,三峽區,057
24.940806,121.361500,三峽,C0AC60,2018-03-17T18:00:00+08:00,55.0,77,5.1,20.4,0.86,1010.9,-99,0.0,12.1,66,2018-03-17T17:44:00+08:00,新北市,06,三峽區,057
24.940806,121.361500,三峽,C0AC60,2018-03-17T19:00:00+08:00,55.0,78,4.0,19.9,0.94,1011.6,-99,0.0,11.5,65,2018-03-17T18:07:00+08:00,新北市,06,三峽區,057
24.940806,121.361500,三峽,C0AC60,2018-03-17T20:00:00+08:00,55.0,78,4.3,19.9,0.95,1011.6,-99,0.0,11.5,58,2018-03-17T19:50:00+08:00,新北市,06,三峽區,057
24.940806,121.361500,三峽,C0AC60,2018-03-17T21:00:00+08:00,55.0,80,3.9,20.0,0.96,1011.7,-99,0.0,11.5,79,2018-03-17T20:05:00+08:00,新北市,06,三峽區,057
24.940806,121.361500,三峽,C0AC60,2018-03-17T22:00:00+08:00,55.0,82,2.9,20.3,0.94,1011.9,-99,0.0,9.9,72,2018-03-17T21:10:00+08:00,新北市,06,三峽區,057
24.940806,121.361500,三峽,C0AC60,2018-03-17T23:00:00+08:00,55.0,96,1.5,20.1,0.97,1011.9,-99,0.0,-99,-99,-99,新北市,06,三峽區,057
24.940806,121.361500,三峽,C0AC60,2018-03-18T00:00:00+08:00,55.0,167,1.9,17.9,0.99,1011.7,-99,0.0,-99,-99,-99,新北市,06,三峽區,057
24.940806,121.361500,三峽,C0AC60,2018-03-18T14:00:00+08:00,55.0,-99,-99,-99,-99,-99,-99,-99,-99,-99,-99,新北市,06,三峽區,057
24.940806,121.361500,三峽,C0AC60,2018-03-18T15:00:00+08:00,55.0,310,2.5,24.3,0.77,1008.3,-99,0.0,-99,-99,-99,新北市,06,三峽區,057
24.940806,121.361500,三峽,C0AC60,2018-03-18T16:00:00+08:00,55.0,322,1.3,23.7,0.79,1008.5,-99,0.0,-99,-99,-99,新北市,06,三峽區,057
24.940806,121.361500,三峽,C0AC60,2018-03-18T17:00:00+08:00,55.0,336,1.3,23.0,0.81,1008.6,-99,0.0,-99,-99,-99,新北市,06,三峽區,057
24.940806,121.361500,三峽,C0AC60,2018-03-18T18:00:00+08:00,55.0,295,0.3,22.3,0.85,1008.7,-99,0.0,-99,-99,-99,新北市,06,三峽區,057
24.940806,121.361500,三峽,C0AC60,2018-03-18T19:00:00+08:00,55.0,303,0.5,21.9,0.89,1009.1,-99,0.0,-99,-99,-99,新北市,06,三峽區,057
24.940806,121.361500,三峽,C0AC60,2018-03-18T20:00:00+08:00,55.0,0,0.0,21.4,0.97,1009.0,-99,0.0,-99,-99,-99,新北市,06,三峽區,057
24.940806,121.361500,三峽,C0AC60,2018-03-18T21:00:00+08:00,55.0,168,1.0,20.6,0.99,1009.6,-99,0.0,-99,-99,-99,新北市,06,三峽區,057
24.940806,121.361500,三峽,C0AC60,2018-03-18T22:00:00+08:00,55.0,0,0.0,20.4,0.99,1009.3,-99,0.0,-99,-99,-99,新北市,06,三峽區,057
24.940806,121.361500,三峽,C0AC60,2018-03-18T23:00:00+08:00,55.0,156,1.1,19.8,0.99,1009.1,-99,0.0,-99,-99,-99,新北市,06,三峽區,057
24.940806,121.361500,三峽,C0AC60,2018-03-19T00:00:00+08:00,55.0,160,1.3,19.6,0.99,1008.9,-99,0.0,-99,-99,-99,新北市,06,三峽區,057
24.940806,121.361500,三峽,C0AC60,2018-03-19T01:00:00+08:00,55.0,0,0.1,19.5,0.99,1008.5,-99,0.0,-99,-99,-99,新北市,06,三峽區,057
24.940806,121.361500,三峽,C0AC60,2018-03-19T02:00:00+08:00,55.0,159,0.5,19.1,0.99,1008.1,-99,0.0,-99,-99,-99,新北市,06,三峽區,057
24.940806,121.361500,三峽,C0AC60,2018-03-19T03:00:00+08:00,55.0,0,0.2,19.0,0.99,1008.0,-99,0.0,-99,-99,-99,新北市,06,三峽區,057
24.940806,121.361500,三峽,C0AC60,2018-03-19T04:00:00+08:00,55.0,162,1.3,18.8,0.99,1007.4,-99,0.0,-99,-99,-99,新北市,06,三峽區,057
24.940806,121.361500,三峽,C0AC60,2018-03-19T05:00:00+08:00,55.0,0,0.0,18.9,0.99,1007.6,-99,0.0,-99,-99,-99,新北市,06,三峽區,057
24.940806,121.361500,三峽,C0AC60,2018-03-19T06:00:00+08:00,55.0,127,0.8,18.5,0.99,1006.6,-99,0.0,-99,-99,-99,新北市,06,三峽區,057
24.940806,121.361500,三峽,C0AC60,2018-03-19T07:00:00+08:00,55.0,89,0.9,18.9,0.99,1007.0,-99,0.0,-99,-99,-99,新北市,06,三峽區,057
24.940806,121.361500,三峽,C0AC60,2018-03-19T08:00:00+08:00,55.0,89,0.8,20.9,0.96,1007.4,-99,0.0,-99,-99,-99,新北市,06,三峽區,057
24.940806,121.361500,三峽,C0AC60,2018-03-19T09:00:00+08:00,55.0,173,0.4,22.9,0.87,1007.3,-99,0.0,-99,-99,-99,新北市,06,三峽區,057
24.940806,121.361500,三峽,C0AC60,2018-03-19T10:00:00+08:00,55.0,0,0.2,24.7,0.69,1007.1,-99,0.0,-99,-99,-99,新北市,06,三峽區,057
24.940806,121.361500,三峽,C0AC60,2018-03-19T11:00:00+08:00,55.0,112,0.3,27.2,0.57,1006.2,-99,0.0,-99,-99,-99,新北市,06,三峽區,057
24.940806,121.361500,三峽,C0AC60,2018-03-19T12:00:00+08:00,55.0,317,0.5,28.0,0.51,1005.4,-99,0.0,-99,-99,-99,新北市,06,三峽區,057
24.940806,121.361500,三峽,C0AC60,2018-03-19T13:00:00+08:00,55.0,322,1.5,27.6,0.6,1005.2,-99,0.0,7.7,1,2018-03-19T12:50:00+08:00,新北市,06,三峽區,057
24.940806,121.361500,三峽,C0AC60,2018-03-19T14:00:00+08:00,55.0,304,2.7,27.2,0.61,1004.4,-99,0.0,-99,-99,-99,新北市,06,三峽區,057
24.940806,121.361500,三峽,C0AC60,2018-03-19T15:00:00+08:00,55.0,315,1.4,25.9,0.71,1003.6,-99,0.0,-99,-99,-99,新北市,06,三峽區,057
24.940806,121.361500,三峽,C0AC60,2018-03-19T16:00:00+08:00,55.0,314,1.8,25.9,0.71,1003.2,-99,0.0,-99,-99,-99,新北市,06,三峽區,057
24.940806,121.361500,三峽,C0AC60,2018-03-19T17:00:00+08:00,55.0,352,1.8,24.7,0.8,1003.9,-99,0.0,-99,-99,-99,新北市,06,三峽區,057
24.940806,121.361500,三峽,C0AC60,2018-03-19T18:00:00+08:00,55.0,0,0.0,23.7,0.91,1004.2,-99,0.0,-99,-99,-99,新北市,06,三峽區,057
24.940806,121.361500,三峽,C0AC60,2018-03-19T19:00:00+08:00,55.0,0,0.1,23.2,0.97,1005.3,-99,0.0,-99,-99,-99,新北市,06,三峽區,057
24.940806,121.361500,三峽,C0AC60,2018-03-19T20:00:00+08:00,55.0,0,0.0,22.8,0.98,1006.2,-99,0.0,-99,-99,-99,新北市,06,三峽區,057
24.940806,121.361500,三峽,C0AC60,2018-03-19T21:00:00+08:00,55.0,200,1.1,22.5,0.99,1007.0,-99,0.0,-99,-99,-99,新北市,06,三峽區,057
24.940806,121.361500,三峽,C0AC60,2018-03-19T22:00:00+08:00,55.0,170,0.8,22.2,0.99,1006.8,-99,0.0,-99,-99,-99,新北市,06,三峽區,057
24.940806,121.361500,三峽,C0AC60,2018-03-19T23:00:00+08:00,55.0,191,0.8,21.7,0.99,1006.5,-99,0.0,-99,-99,-99,新北市,06,三峽區,057
24.940806,121.361500,三峽,C0AC60,2018-03-20T00:00:00+08:00,55.0,0,0.0,21.6,0.99,1006.4,-99,0.0,-99,-99,-99,新北市,06,三峽區,057
24.940806,121.361500,三峽,C0AC60,2018-03-20T01:00:00+08:00,55.0,0,0.1,21.4,0.99,1005.7,-99,0.0,-99,-99,-99,新北市,06,三峽區,057
24.940806,121.361500,三峽,C0AC60,2018-03-20T02:00:00+08:00,55.0,0,0.2,21.4,0.99,1005.0,-99,0.0,-99,-99,-99,新北市,06,三峽區,057
24.940806,121.361500,三峽,C0AC60,2018-03-20T03:00:00+08:00,55.0,157,0.6,21.1,0.99,1004.4,-99,0.0,-99,-99,-99,新北市,06,三峽區,057
24.940806,121.361500,三峽,C0AC60,2018-03-20T04:00:00+08:00,55.0,0,0.1,21.0,0.99,1003.8,-99,0.0,-99,-99,-99,新北市,06,三峽區,057
24.940806,121.361500,三峽,C0AC60,2018-03-20T05:00:00+08:00,55.0,208,0.4,21.0,0.99,1003.8,-99,0.0,-99,-99,-99,新北市,06,三峽區,057
24.940806,121.361500,三峽,C0AC60,2018-03-20T06:00:00+08:00,55.0,149,0.6,20.9,0.99,1004.1,-99,0.0,-99,-99,-99,新北市,06,三峽區,057
24.940806,121.361500,三峽,C0AC60,2018-03-20T07:00:00+08:00,55.0,89,2.1,21.1,0.99,1003.9,-99,0.0,-99,-99,-99,新北市,06,三峽區,057
24.940806,121.361500,三峽,C0AC60,2018-03-20T08:00:00+08:00,55.0,93,1.0,21.8,0.99,1004.7,-99,0.0,-99,-99,-99,新北市,06,三峽區,057
24.940806,121.361500,三峽,C0AC60,2018-03-20T09:00:00+08:00,55.0,234,1.2,22.1,0.99,1005.0,-99,0.0,-99,-99,-99,新北市,06,三峽區,057
24.940806,121.361500,三峽,C0AC60,2018-03-20T10:00:00+08:00,55.0,306,1.3,19.0,0.99,1006.4,-99,1.0,10.4,335,2018-03-20T09:08:00+08:00,新北市,06,三峽區,057
24.940806,121.361500,三峽,C0AC60,2018-03-20T11:00:00+08:00,55.0,310,1.4,18.2,0.99,1007.5,-99,1.5,7.1,1,2018-03-20T10:59:00+08:00,新北市,06,三峽區,057
24.940806,121.361500,三峽,C0AC60,2018-03-20T12:00:00+08:00,55.0,0,0.2,17.8,0.99,1006.8,-99,2.5,6.6,336,2018-03-20T11:16:00+08:00,新北市,06,三峽區,057
24.940806,121.361500,三峽,C0AC60,2018-03-20T13:00:00+08:00,55.0,206,0.4,18.0,0.99,1006.1,-99,3.5,-99,-99,-99,新北市,06,三峽區,057
24.940806,121.361500,三峽,C0AC60,2018-03-20T14:00:00+08:00,55.0,0,0.0,17.8,0.99,1005.7,-99,9.0,-99,-99,-99,新北市,06,三峽區,057
24.940806,121.361500,三峽,C0AC60,2018-03-20T15:00:00+08:00,55.0,91,0.4,17.8,0.99,1005.8,-99,9.0,-99,-99,-99,新北市,06,三峽區,057
24.940806,121.361500,三峽,C0AC60,2018-03-20T16:00:00+08:00,55.0,333,0.8,17.5,0.99,1006.0,-99,9.0,-99,-99,-99,新北市,06,三峽區,057
24.940806,121.361500,三峽,C0AC60,2018-03-20T17:00:00+08:00,55.0,353,0.5,17.2,0.99,1006.6,-99,10.0,-99,-99,-99,新北市,06,三峽區,057
24.940806,121.361500,三峽,C0AC60,2018-03-20T18:00:00+08:00,55.0,311,0.8,16.3,0.99,1007.4,-99,10.0,-99,-99,-99,新北市,06,三峽區,057
24.940806,121.361500,三峽,C0AC60,2018-03-20T19:00:00+08:00,55.0,20,1.3,15.8,0.99,1008.1,-99,10.0,-99,-99,-99,新北市,06,三峽區,057
24.940806,121.361500,三峽,C0AC60,2018-03-20T20:00:00+08:00,55.0,311,1.0,14.8,0.99,1009.0,-99,10.5,-99,-99,-99,新北市,06,三峽區,057
24.940806,121.361500,三峽,C0AC60,2018-03-20T21:00:00+08:00,55.0,0,0.0,14.8,0.99,1009.7,-99,11.0,-99,-99,-99,新北市,06,三峽區,057
24.940806,121.361500,三峽,C0AC60,2018-03-20T22:00:00+08:00,55.0,0,0.0,14.6,0.99,1010.5,-99,11.0,-99,-99,-99,新北市,06,三峽區,057
24.940806,121.361500,三峽,C0AC60,2018-03-20T23:00:00+08:00,55.0,0,0.2,14.5,0.99,1010.7,-99,12.0,-99,-99,-99,新北市,06,三峽區,057
24.940806,121.361500,三峽,C0AC60,2018-03-21T00:00:00+08:00,55.0,85,1.3,14.4,0.99,1010.5,-99,13.0,-99,-99,-99,新北市,06,三峽區,057
24.940806,121.361500,三峽,C0AC60,2018-03-21T01:00:00+08:00,55.0,192,0.9,14.0,0.99,1010.0,-99,0.0,-99,-99,-99,新北市,06,三峽區,057
24.940806,121.361500,三峽,C0AC60,2018-03-21T02:00:00+08:00,55.0,195,0.8,13.9,0.99,1010.2,-99,0.0,-99,-99,-99,新北市,06,三峽區,057
24.940806,121.361500,三峽,C0AC60,2018-03-21T03:00:00+08:00,55.0,0,0.2,14.0,0.99,1009.9,-99,1.5,-99,-99,-99,新北市,06,三峽區,057
24.940806,121.361500,三峽,C0AC60,2018-03-21T04:00:00+08:00,55.0,206,1.9,14.1,0.99,1009.9,-99,1.5,-99,-99,-99,新北市,06,三峽區,057
24.940806,121.361500,三峽,C0AC60,2018-03-21T05:00:00+08:00,55.0,0,0.1,13.8,0.99,1010.3,-99,2.0,-99,-99,-99,新北市,06,三峽區,057
24.940806,121.361500,三峽,C0AC60,2018-03-21T06:00:00+08:00,55.0,0,0.2,13.8,0.99,1010.4,-99,2.0,-99,-99,-99,新北市,06,三峽區,057
24.940806,121.361500,三峽,C0AC60,2018-03-21T07:00:00+08:00,55.0,207,1.1,13.7,0.99,1010.7,-99,2.0,-99,-99,-99,新北市,06,三峽區,057
24.940806,121.361500,三峽,C0AC60,2018-03-21T08:00:00+08:00,55.0,201,1.4,14.1,0.99,1011.4,-99,2.0,-99,-99,-99,新北市,06,三峽區,057
24.940806,121.361500,三峽,C0AC60,2018-03-21T09:00:00+08:00,55.0,0,0.2,14.7,0.93,1011.2,-99,2.0,-99,-99,-99,新北市,06,三峽區,057
24.940806,121.361500,三峽,C0AC60,2018-03-21T10:00:00+08:00,55.0,343,0.5,15.4,0.72,1011.9,-99,2.0,-99,-99,-99,新北市,06,三峽區,057
24.940806,121.361500,三峽,C0AC60,2018-03-21T11:00:00+08:00,55.0,348,0.9,15.7,0.66,1012.4,-99,2.0,-99,-99,-99,新北市,06,三峽區,057
24.940806,121.361500,三峽,C0AC60,2018-03-21T12:00:00+08:00,55.0,335,0.6,15.7,0.71,1012.1,-99,2.0,-99,-99,-99,新北市,06,三峽區,057
24.940806,121.361500,三峽,C0AC60,2018-03-21T13:00:00+08:00,55.0,352,0.6,15.1,0.75,1011.6,-99,2.0,-99,-99,-99,新北市,06,三峽區,057
24.940806,121.361500,三峽,C0AC60,2018-03-21T14:00:00+08:00,55.0,4,0.6,15.1,0.7,1011.2,-99,2.0,-99,-99,-99,新北市,06,三峽區,057
24.940806,121.361500,三峽,C0AC60,2018-03-21T15:00:00+08:00,55.0,0,0.1,15.0,0.68,1011.4,-99,2.0,5.5,45,2018-03-21T14:43:00+08:00,新北市,06,三峽區,057
24.940806,121.361500,三峽,C0AC60,2018-03-21T16:00:00+08:00,55.0,67,0.3,15.1,0.65,1011.8,-99,2.0,-99,-99,-99,新北市,06,三峽區,057
24.940806,121.361500,三峽,C0AC60,2018-03-21T17:00:00+08:00,55.0,36,0.9,14.9,0.63,1012.1,-99,2.0,-99,-99,-99,新北市,06,三峽區,057
24.940806,121.361500,三峽,C0AC60,2018-03-21T18:00:00+08:00,55.0,18,0.5,14.7,0.64,1012.3,-99,2.0,-99,-99,-99,新北市,06,三峽區,057
24.940806,121.361500,三峽,C0AC60,2018-03-21T19:00:00+08:00,55.0,334,0.5,13.7,0.67,1012.5,-99,2.0,-99,-99,-99,新北市,06,三峽區,057
24.940806,121.361500,三峽,C0AC60,2018-03-21T20:00:00+08:00,55.0,90,0.9,12.4,0.82,1013.1,-99,2.0,-99,-99,-99,新北市,06,三峽區,057
24.940806,121.361500,三峽,C0AC60,2018-03-21T21:00:00+08:00,55.0,0,0.0,11.7,0.89,1013.7,-99,2.0,-99,-99,-99,新北市,06,三峽區,057
24.940806,121.361500,三峽,C0AC60,2018-03-21T22:00:00+08:00,55.0,87,1.8,11.5,0.85,1013.8,-99,2.0,-99,-99,-99,新北市,06,三峽區,057
24.940806,121.361500,三峽,C0AC60,2018-03-21T23:00:00+08:00,55.0,88,0.9,11.5,0.85,1013.7,-99,2.0,-99,-99,-99,新北市,06,三峽區,057
24.940806,121.361500,三峽,C0AC60,2018-03-22T00:00:00+08:00,55.0,88,0.9,11.4,0.85,1013.4,-99,2.0,-99,-99,-99,新北市,06,三峽區,057
24.940806,121.361500,三峽,C0AC60,2018-03-22T01:00:00+08:00,55.0,85,0.3,11.3,0.86,1013.0,-99,0.0,-99,-99,-99,新北市,06,三峽區,057
24.940806,121.361500,三峽,C0AC60,2018-03-22T02:00:00+08:00,55.0,86,0.7,10.9,0.92,1012.9,-99,0.0,-99,-99,-99,新北市,06,三峽區,057
24.940806,121.361500,三峽,C0AC60,2018-03-22T03:00:00+08:00,55.0,0,0.2,10.6,0.96,1012.4,-99,0.0,-99,-99,-99,新北市,06,三峽區,057
24.940806,121.361500,三峽,C0AC60,2018-03-22T04:00:00+08:00,55.0,88,0.8,10.5,0.95,1012.1,-99,0.0,-99,-99,-99,新北市,06,三峽區,057
24.940806,121.361500,三峽,C0AC60,2018-03-22T05:00:00+08:00,55.0,0,0.2,10.5,0.95,1012.6,-99,0.0,-99,-99,-99,新北市,06,三峽區,057
24.940806,121.361500,三峽,C0AC60,2018-03-22T06:00:00+08:00,55.0,93,1.0,10.9,0.9,1012.6,-99,0.0,-99,-99,-99,新北市,06,三峽區,057
24.940806,121.361500,三峽,C0AC60,2018-03-22T07:00:00+08:00,55.0,93,1.6,12.5,0.72,1012.9,-99,0.0,-99,-99,-99,新北市,06,三峽區,057
24.940806,121.361500,三峽,C0AC60,2018-03-22T08:00:00+08:00,55.0,93,2.1,14.0,0.63,1013.4,-99,0.0,-99,-99,-99,新北市,06,三峽區,057
24.940806,121.361500,三峽,C0AC60,2018-03-22T09:00:00+08:00,55.0,96,2.2,15.1,0.58,1013.3,-99,0.0,8.2,81,2018-03-22T08:33:00+08:00,新北市,06,三峽區,057
24.940806,121.361500,三峽,C0AC60,2018-03-22T10:00:00+08:00,55.0,101,1.4,16.5,0.51,1012.7,-99,0.0,-99,-99,-99,新北市,06,三峽區,057
24.940806,121.361500,三峽,C0AC60,2018-03-22T11:00:00+08:00,55.0,56,3.3,17.1,0.46,1012.2,-99,0.0,-99,-99,-99,新北市,06,三峽區,057
24.940806,121.361500,三峽,C0AC60,2018-03-22T12:00:00+08:00,55.0,78,2.5,18.0,0.4,1011.8,-99,0.0,-99,-99,-99,新北市,06,三峽區,057
24.940806,121.361500,三峽,C0AC60,2018-03-22T13:00:00+08:00,55.0,95,2.4,19.0,0.4,1010.8,-99,0.0,8.8,86,2018-03-22T12:24:00+08:00,新北市,06,三峽區,057
24.940806,121.361500,三峽,C0AC60,2018-03-22T14:00:00+08:00,55.0,64,1.4,18.4,0.43,1010.2,-99,0.0,-99,-99,-99,新北市,06,三峽區,057
24.940806,121.361500,三峽,C0AC60,2018-03-22T15:00:00+08:00,55.0,90,1.8,19.3,0.41,1010.1,-99,0.0,-99,-99,-99,新北市,06,三峽區,057
24.940806,121.361500,三峽,C0AC60,2018-03-22T16:00:00+08:00,55.0,80,2.0,18.1,0.45,1010.1,-99,0.0,7.1,82,2018-03-22T15:58:00+08:00,新北市,06,三峽區,057
24.940806,121.361500,三峽,C0AC60,2018-03-22T17:00:00+08:00,55.0,91,1.9,16.9,0.48,1010.3,-99,0.0,-99,-99,-99,新北市,06,三峽區,057
24.940806,121.361500,三峽,C0AC60,2018-03-22T18:00:00+08:00,55.0,96,1.9,15.8,0.56,1010.8,-99,0.0,7.1,53,2018-03-22T17:43:00+08:00,新北市,06,三峽區,057
24.940806,121.361500,三峽,C0AC60,2018-03-22T19:00:00+08:00,55.0,87,1.7,15.2,0.6,1011.3,-99,0.0,-99,-99,-99,新北市,06,三峽區,057
24.940806,121.361500,三峽,C0AC60,2018-03-22T20:00:00+08:00,55.0,85,1.9,14.6,0.64,1011.8,-99,0.0,-99,-99,-99,新北市,06,三峽區,057
24.940806,121.361500,三峽,C0AC60,2018-03-22T21:00:00+08:00,55.0,91,1.6,13.4,0.71,1012.4,-99,0.0,-99,-99,-99,新北市,06,三峽區,057
24.940806,121.361500,三峽,C0AC60,2018-03-22T22:00:00+08:00,55.0,99,0.4,12.6,0.8,1012.4,-99,0.0,-99,-99,-99,新北市,06,三峽區,057
24.940806,121.361500,三峽,C0AC60,2018-03-22T23:00:00+08:00,55.0,160,1.6,11.3,0.91,1012.5,-99,0.0,-99,-99,-99,新北市,06,三峽區,057
24.940806,121.361500,三峽,C0AC60,2018-03-23T00:00:00+08:00,55.0,159,1.9,11.1,0.87,1012.3,-99,0.0,-99,-99,-99,新北市,06,三峽區,057
24.940806,121.361500,三峽,C0AC60,2018-03-23T01:00:00+08:00,55.0,160,2.1,10.9,0.79,1012.4,-99,0.0,-99,-99,-99,新北市,06,三峽區,057
24.940806,121.361500,三峽,C0AC60,2018-03-23T10:00:00+08:00,55.0,92,0.9,19.9,0.4,1014.2,-99,0.0,-99,-99,-99,新北市,06,三峽區,057
24.940806,121.361500,三峽,C0AC60,2018-03-23T11:00:00+08:00,55.0,68,1.8,22.0,0.31,1013.9,-99,0.0,-99,-99,-99,新北市,06,三峽區,057
24.940806,121.361500,三峽,C0AC60,2018-03-23T12:00:00+08:00,55.0,89,1.6,23.9,0.27,1013.1,-99,0.0,-99,-99,-99,新北市,06,三峽區,057
24.940806,121.361500,三峽,C0AC60,2018-03-23T13:00:00+08:00,55.0,87,1.6,24.5,0.27,1012.4,-99,0.0,-99,-99,-99,新北市,06,三峽區,057
24.940806,121.361500,三峽,C0AC60,2018-03-23T14:00:00+08:00,55.0,55,0.9,25.3,0.24,1011.9,-99,0.0,-99,-99,-99,新北市,06,三峽區,057
24.940806,121.361500,三峽,C0AC60,2018-03-23T15:00:00+08:00,55.0,74,1.2,25.6,0.2,1011.9,-99,0.0,-99,-99,-99,新北市,06,三峽區,057
24.940806,121.361500,三峽,C0AC60,2018-03-23T16:00:00+08:00,55.0,76,2.5,24.5,0.29,1012.1,-99,0.0,7.7,232,2018-03-23T15:32:00+08:00,新北市,06,三峽區,057
24.940806,121.361500,三峽,C0AC60,2018-03-23T17:00:00+08:00,55.0,84,2.2,23.3,0.35,1012.6,-99,0.0,-99,-99,-99,新北市,06,三峽區,057
24.940806,121.361500,三峽,C0AC60,2018-03-23T18:00:00+08:00,55.0,82,2.1,21.2,0.4,1012.9,-99,0.0,7.7,70,2018-03-23T17:45:00+08:00,新北市,06,三峽區,057
24.940806,121.361500,三峽,C0AC60,2018-03-23T19:00:00+08:00,55.0,94,1.3,19.6,0.58,1013.3,-99,0.0,-99,-99,-99,新北市,06,三峽區,057
24.940806,121.361500,三峽,C0AC60,2018-03-23T20:00:00+08:00,55.0,89,1.4,18.6,0.63,1013.8,-99,0.0,-99,-99,-99,新北市,06,三峽區,057
24.940806,121.361500,三峽,C0AC60,2018-03-23T21:00:00+08:00,55.0,102,1.0,17.5,0.68,1014.1,-99,0.0,-99,-99,-99,新北市,06,三峽區,057
24.940806,121.361500,三峽,C0AC60,2018-03-23T22:00:00+08:00,55.0,0,0.1,16.2,0.78,1014.3,-99,0.0,-99,-99,-99,新北市,06,三峽區,057
24.940806,121.361500,三峽,C0AC60,2018-03-23T23:00:00+08:00,55.0,150,0.6,14.9,0.84,1014.2,-99,0.0,-99,-99,-99,新北市,06,三峽區,057
24.940806,121.361500,三峽,C0AC60,2018-03-24T00:00:00+08:00,55.0,161,1.4,14.4,0.83,1014.1,-99,0.0,-99,-99,-99,新北市,06,三峽區,057
24.940806,121.361500,三峽,C0AC60,2018-03-24T01:00:00+08:00,55.0,160,2.2,13.7,0.84,1014.0,-99,0.0,-99,-99,-99,新北市,06,三峽區,057
24.940806,121.361500,三峽,C0AC60,2018-03-24T02:00:00+08:00,55.0,162,2.1,13.3,0.83,1014.0,-99,0.0,-99,-99,-99,新北市,06,三峽區,057
24.940806,121.361500,三峽,C0AC60,2018-03-24T03:00:00+08:00,55.0,156,2.9,12.8,0.81,1014.1,-99,0.0,-99,-99,-99,新北市,06,三峽區,057
24.940806,121.361500,三峽,C0AC60,2018-03-24T04:00:00+08:00,55.0,160,2.1,12.2,0.8,1014.2,-99,0.0,-99,-99,-99,新北市,06,三峽區,057
24.940806,121.361500,三峽,C0AC60,2018-03-24T05:00:00+08:00,55.0,156,2.7,12.4,0.76,1014.2,-99,0.0,-99,-99,-99,新北市,06,三峽區,057
24.940806,121.361500,三峽,C0AC60,2018-03-24T06:00:00+08:00,55.0,158,1.9,11.9,0.76,1014.5,-99,0.0,-99,-99,-99,新北市,06,三峽區,057
24.940806,121.361500,三峽,C0AC60,2018-03-24T07:00:00+08:00,55.0,167,1.4,12.2,0.74,1015.1,-99,0.0,-99,-99,-99,新北市,06,三峽區,057
24.940806,121.361500,三峽,C0AC60,2018-03-24T08:00:00+08:00,55.0,164,1.1,15.0,0.68,1015.2,-99,0.0,-99,-99,-99,新北市,06,三峽區,057
24.940806,121.361500,三峽,C0AC60,2018-03-24T09:00:00+08:00,55.0,174,0.5,19.6,0.6,1015.2,-99,0.0,-99,-99,-99,新北市,06,三峽區,057
24.940806,121.361500,三峽,C0AC60,2018-03-24T10:00:00+08:00,55.0,0,0.1,22.4,0.52,1015.1,-99,0.0,-99,-99,-99,新北市,06,三峽區,057
24.940806,121.361500,三峽,C0AC60,2018-03-24T11:00:00+08:00,55.0,234,0.5,25.1,0.33,1014.6,-99,0.0,-99,-99,-99,新北市,06,三峽區,057
24.940806,121.361500,三峽,C0AC60,2018-03-24T12:00:00+08:00,55.0,89,0.3,25.9,0.35,1013.7,-99,0.0,-99,-99,-99,新北市,06,三峽區,057
24.940806,121.361500,三峽,C0AC60,2018-03-24T13:00:00+08:00,55.0,63,1.6,26.2,0.38,1012.5,-99,0.0,-99,-99,-99,新北市,06,三峽區,057
24.940806,121.361500,三峽,C0AC60,2018-03-24T14:00:00+08:00,55.0,58,1.9,26.9,0.4,1011.4,-99,0.0,-99,-99,-99,新北市,06,三峽區,057
24.940806,121.361500,三峽,C0AC60,2018-03-24T15:00:00+08:00,55.0,34,1.5,26.0,0.43,1010.8,-99,0.0,-99,-99,-99,新北市,06,三峽區,057
24.940806,121.361500,三峽,C0AC60,2018-03-24T16:00:00+08:00,55.0,74,2.1,25.9,0.44,1010.8,-99,0.0,-99,-99,-99,新北市,06,三峽區,057
24.940806,121.361500,三峽,C0AC60,2018-03-24T17:00:00+08:00,55.0,71,2.6,24.1,0.49,1011.1,-99,0.0,-99,-99,-99,新北市,06,三峽區,057
24.940806,121.361500,三峽,C0AC60,2018-03-24T19:00:00+08:00,55.0,77,3.1,20.9,0.59,1012.3,-99,0.0,-99,-99,-99,新北市,06,三峽區,057
24.940806,121.361500,三峽,C0AC60,2018-03-24T20:00:00+08:00,55.0,86,2.3,20.5,0.62,1013.1,-99,0.0,8.2,85,2018-03-24T19:08:00+08:00,新北市,06,三峽區,057
24.940806,121.361500,三峽,C0AC60,2018-03-24T21:00:00+08:00,55.0,80,1.9,20.2,0.63,1013.4,-99,0.0,-99,-99,-99,新北市,06,三峽區,057
24.940806,121.361500,三峽,C0AC60,2018-03-24T22:00:00+08:00,55.0,75,2.5,19.9,0.64,1013.6,-99,0.0,-99,-99,-99,新北市,06,三峽區,057
24.940806,121.361500,三峽,C0AC60,2018-03-24T23:00:00+08:00,55.0,61,1.8,19.8,0.65,1013.5,-99,0.0,-99,-99,-99,新北市,06,三峽區,057
24.940806,121.361500,三峽,C0AC60,2018-03-25T00:00:00+08:00,55.0,163,0.7,18.7,0.7,1013.0,-99,0.0,-99,-99,-99,新北市,06,三峽區,057
24.940806,121.361500,三峽,C0AC60,2018-03-25T01:00:00+08:00,55.0,168,2.3,16.6,0.83,1012.7,-99,0.0,-99,-99,-99,新北市,06,三峽區,057
24.940806,121.361500,三峽,C0AC60,2018-03-25T02:00:00+08:00,55.0,161,2.6,15.8,0.86,1012.6,-99,0.0,-99,-99,-99,新北市,06,三峽區,057
24.940806,121.361500,三峽,C0AC60,2018-03-25T03:00:00+08:00,55.0,159,1.3,-99,0.86,1012.7,-99,0.0,-99,-99,-99,新北市,06,三峽區,057
24.940806,121.361500,三峽,C0AC60,2018-03-25T04:00:00+08:00,55.0,0,0.1,-99,0.89,1011.8,-99,0.0,-99,-99,-99,新北市,06,三峽區,057
24.940806,121.361500,三峽,C0AC60,2018-03-25T05:00:00+08:00,55.0,0,0.1,-99,0.9,1012.4,-99,0.0,-99,-99,-99,新北市,06,三峽區,057
24.940806,121.361500,三峽,C0AC60,2018-03-25T06:00:00+08:00,55.0,170,0.8,-99,0.88,1013.4,-99,0.0,-99,-99,-99,新北市,06,三峽區,057
24.940806,121.361500,三峽,C0AC60,2018-03-25T07:00:00+08:00,55.0,0,0.0,-99,0.91,1014.3,-99,0.0,-99,-99,-99,新北市,06,三峽區,057
24.940806,121.361500,三峽,C0AC60,2018-03-25T08:00:00+08:00,55.0,0,0.0,18.3,0.75,1015.1,-99,0.0,-99,-99,-99,新北市,06,三峽區,057
24.940806,121.361500,三峽,C0AC60,2018-03-25T09:00:00+08:00,55.0,169,0.5,20.4,0.67,1015.1,-99,0.0,-99,-99,-99,新北市,06,三峽區,057
24.940806,121.361500,三峽,C0AC60,2018-03-25T10:00:00+08:00,55.0,63,1.3,23.7,0.52,1014.9,-99,0.0,-99,-99,-99,新北市,06,三峽區,057
24.940806,121.361500,三峽,C0AC60,2018-03-25T11:00:00+08:00,55.0,64,2.2,25.1,0.46,1014.5,-99,0.0,-99,-99,-99,新北市,06,三峽區,057
24.940806,121.361500,三峽,C0AC60,2018-03-25T12:00:00+08:00,55.0,37,1.6,26.0,0.44,1013.6,-99,0.0,-99,-99,-99,新北市,06,三峽區,057
24.940806,121.361500,三峽,C0AC60,2018-03-25T13:00:00+08:00,55.0,46,2.3,26.0,0.45,1012.6,-99,0.0,-99,-99,-99,新北市,06,三峽區,057
24.940806,121.361500,三峽,C0AC60,2018-03-25T14:00:00+08:00,55.0,71,1.9,26.7,0.42,1011.8,-99,0.0,-99,-99,-99,新北市,06,三峽區,057
24.940806,121.361500,三峽,C0AC60,2018-03-25T15:00:00+08:00,55.0,56,1.7,26.1,0.45,1011.2,-99,0.0,-99,-99,-99,新北市,06,三峽區,057
24.940806,121.361500,三峽,C0AC60,2018-03-25T16:00:00+08:00,55.0,88,1.3,26.3,0.46,1011.2,-99,0.0,-99,-99,-99,新北市,06,三峽區,057
24.940806,121.361500,三峽,C0AC60,2018-03-25T17:00:00+08:00,55.0,62,2.2,24.0,0.53,1011.4,-99,0.0,-99,-99,-99,新北市,06,三峽區,057
24.940806,121.361500,三峽,C0AC60,2018-03-25T18:00:00+08:00,55.0,71,1.6,23.1,0.55,1011.9,-99,0.0,-99,-99,-99,新北市,06,三峽區,057
24.940806,121.361500,三峽,C0AC60,2018-03-25T19:00:00+08:00,55.0,73,1.4,22.5,0.57,1012.3,-99,0.0,-99,-99,-99,新北市,06,三峽區,057
24.940806,121.361500,三峽,C0AC60,2018-03-25T20:00:00+08:00,55.0,97,0.7,21.8,0.6,1012.8,-99,0.0,-99,-99,-99,新北市,06,三峽區,057
24.940806,121.361500,三峽,C0AC60,2018-03-25T21:00:00+08:00,55.0,95,0.7,21.3,0.62,1013.0,-99,0.0,-99,-99,-99,新北市,06,三峽區,057
24.940806,121.361500,三峽,C0AC60,2018-03-25T22:00:00+08:00,55.0,187,1.1,19.9,0.74,1012.9,-99,0.0,-99,-99,-99,新北市,06,三峽區,057
24.940806,121.361500,三峽,C0AC60,2018-03-25T23:00:00+08:00,55.0,160,1.3,18.9,0.79,1012.8,-99,0.0,-99,-99,-99,新北市,06,三峽區,057
24.940806,121.361500,三峽,C0AC60,2018-03-26T00:00:00+08:00,55.0,158,2.0,17.9,0.85,1012.7,-99,0.0,-99,-99,-99,新北市,06,三峽區,057
24.940806,121.361500,三峽,C0AC60,2018-03-26T01:00:00+08:00,55.0,161,2.3,17.6,0.84,1012.0,-99,0.0,-99,-99,-99,新北市,06,三峽區,057
24.940806,121.361500,三峽,C0AC60,2018-03-26T02:00:00+08:00,55.0,151,0.5,17.5,0.83,1011.7,-99,0.0,-99,-99,-99,新北市,06,三峽區,057
24.940806,121.361500,三峽,C0AC60,2018-03-26T03:00:00+08:00,55.0,159,2.7,16.5,0.92,1011.5,-99,0.0,-99,-99,-99,新北市,06,三峽區,057
24.940806,121.361500,三峽,C0AC60,2018-03-26T04:00:00+08:00,55.0,202,0.4,16.5,0.89,1011.3,-99,0.0,-99,-99,-99,新北市,06,三峽區,057
24.940806,121.361500,三峽,C0AC60,2018-03-26T05:00:00+08:00,55.0,156,1.4,15.9,0.92,1011.5,-99,0.0,-99,-99,-99,新北市,06,三峽區,057
24.940806,121.361500,三峽,C0AC60,2018-03-26T06:00:00+08:00,55.0,0,0.0,16.1,0.96,1012.3,-99,0.0,-99,-99,-99,新北市,06,三峽區,057
24.940806,121.361500,三峽,C0AC60,2018-03-26T07:00:00+08:00,55.0,180,0.9,16.7,0.88,1013.0,-99,0.0,-99,-99,-99,新北市,06,三峽區,057
24.940806,121.361500,三峽,C0AC60,2018-03-26T08:00:00+08:00,55.0,0,0.0,19.0,0.73,1013.1,-99,0.0,-99,-99,-99,新北市,06,三峽區,057
24.940806,121.361500,三峽,C0AC60,2018-03-26T09:00:00+08:00,55.0,0,0.2,21.8,0.63,1013.4,-99,0.0,-99,-99,-99,新北市,06,三峽區,057
24.940806,121.361500,三峽,C0AC60,2018-03-26T10:00:00+08:00,55.0,353,0.8,23.6,0.61,1013.3,-99,0.0,-99,-99,-99,新北市,06,三峽區,057
24.940806,121.361500,三峽,C0AC60,2018-03-26T11:00:00+08:00,55.0,234,1.0,25.1,0.59,1012.6,-99,0.0,-99,-99,-99,新北市,06,三峽區,057
24.940806,121.361500,三峽,C0AC60,2018-03-26T12:00:00+08:00,55.0,294,1.7,25.9,0.5,1011.7,-99,0.0,-99,-99,-99,新北市,06,三峽區,057
24.940806,121.361500,三峽,C0AC60,2018-03-26T13:00:00+08:00,55.0,347,2.3,25.1,0.61,1010.9,-99,0.0,-99,-99,-99,新北市,06,三峽區,057
24.940806,121.361500,三峽,C0AC60,2018-03-26T14:00:00+08:00,55.0,320,2.3,25.7,0.55,1010.2,-99,0.0,7.7,348,2018-03-26T13:17:00+08:00,新北市,06,三峽區,057
24.940806,121.361500,三峽,C0AC60,2018-03-26T15:00:00+08:00,55.0,312,2.7,25.2,0.52,1009.9,-99,0.0,-99,-99,-99,新北市,06,三峽區,057
24.940806,121.361500,三峽,C0AC60,2018-03-26T16:00:00+08:00,55.0,341,1.3,24.5,0.52,1010.1,-99,0.0,-99,-99,-99,新北市,06,三峽區,057
24.940806,121.361500,三峽,C0AC60,2018-03-26T17:00:00+08:00,55.0,344,0.9,24.4,0.48,1010.2,-99,0.0,-99,-99,-99,新北市,06,三峽區,057
24.940806,121.361500,三峽,C0AC60,2018-03-26T18:00:00+08:00,55.0,319,0.6,23.2,0.57,1010.4,-99,0.0,-99,-99,-99,新北市,06,三峽區,057
24.940806,121.361500,三峽,C0AC60,2018-03-26T19:00:00+08:00,55.0,0,0.1,22.0,0.68,1010.9,-99,0.0,-99,-99,-99,新北市,06,三峽區,057
24.940806,121.361500,三峽,C0AC60,2018-03-26T20:00:00+08:00,55.0,197,0.6,20.0,0.78,1011.4,-99,0.0,-99,-99,-99,新北市,06,三峽區,057
24.940806,121.361500,三峽,C0AC60,2018-03-26T21:00:00+08:00,55.0,169,0.3,19.4,0.83,1011.9,-99,0.0,-99,-99,-99,新北市,06,三峽區,057
24.940806,121.361500,三峽,C0AC60,2018-03-26T22:00:00+08:00,55.0,168,1.1,18.7,0.86,1011.8,-99,0.0,-99,-99,-99,新北市,06,三峽區,057
24.940806,121.361500,三峽,C0AC60,2018-03-26T23:00:00+08:00,55.0,184,0.5,18.0,0.9,1011.4,-99,0.0,-99,-99,-99,新北市,06,三峽區,057
24.940806,121.361500,三峽,C0AC60,2018-03-27T00:00:00+08:00,55.0,0,0.2,17.9,0.93,1011.3,-99,0.0,-99,-99,-99,新北市,06,三峽區,057
24.940806,121.361500,三峽,C0AC60,2018-03-27T01:00:00+08:00,55.0,0,0.1,17.6,0.95,1010.8,-99,0.0,-99,-99,-99,新北市,06,三峽區,057
24.940806,121.361500,三峽,C0AC60,2018-03-27T02:00:00+08:00,55.0,157,1.8,17.5,0.96,1010.3,-99,0.0,-99,-99,-99,新北市,06,三峽區,057
24.940806,121.361500,三峽,C0AC60,2018-03-27T03:00:00+08:00,55.0,152,1.4,17.3,0.97,1009.8,-99,0.0,-99,-99,-99,新北市,06,三峽區,057
24.940806,121.361500,三峽,C0AC60,2018-03-27T04:00:00+08:00,55.0,155,0.3,16.9,0.99,1009.3,-99,0.0,-99,-99,-99,新北市,06,三峽區,057
24.940806,121.361500,三峽,C0AC60,2018-03-27T05:00:00+08:00,55.0,166,0.5,16.7,0.99,1009.9,-99,0.0,-99,-99,-99,新北市,06,三峽區,057
24.940806,121.361500,三峽,C0AC60,2018-03-27T06:00:00+08:00,55.0,190,0.9,16.4,0.99,1010.4,-99,0.0,-99,-99,-99,新北市,06,三峽區,057
24.940806,121.361500,三峽,C0AC60,2018-03-27T07:00:00+08:00,55.0,165,1.0,17.0,0.95,1010.9,-99,0.0,-99,-99,-99,新北市,06,三峽區,057
24.940806,121.361500,三峽,C0AC60,2018-03-27T08:00:00+08:00,55.0,167,0.8,19.3,0.84,1011.4,-99,0.0,-99,-99,-99,新北市,06,三峽區,057
24.940806,121.361500,三峽,C0AC60,2018-03-27T09:00:00+08:00,55.0,0,0.0,21.6,0.7,1011.4,-99,0.0,-99,-99,-99,新北市,06,三峽區,057
24.940806,121.361500,三峽,C0AC60,2018-03-27T10:00:00+08:00,55.0,346,0.3,23.9,0.64,1011.2,-99,0.0,-99,-99,-99,新北市,06,三峽區,057
24.940806,121.361500,三峽,C0AC60,2018-03-27T11:00:00+08:00,55.0,306,1.5,24.5,0.6,1010.7,-99,0.0,-99,-99,-99,新北市,06,三峽區,057
24.940806,121.361500,三峽,C0AC60,2018-03-27T12:00:00+08:00,55.0,335,1.7,23.5,0.72,1010.4,-99,0.0,-99,-99,-99,新北市,06,三峽區,057
24.940806,121.361500,三峽,C0AC60,2018-03-27T13:00:00+08:00,55.0,325,1.8,23.4,0.71,1009.7,-99,0.0,-99,-99,-99,新北市,06,三峽區,057
24.940806,121.361500,三峽,C0AC60,2018-03-27T14:00:00+08:00,55.0,19,0.9,22.5,0.75,1009.2,-99,0.0,-99,-99,-99,新北市,06,三峽區,057
24.940806,121.361500,三峽,C0AC60,2018-03-27T15:00:00+08:00,55.0,41,2.0,21.9,0.78,1009.1,-99,0.0,-99,-99,-99,新北市,06,三峽區,057
24.940806,121.361500,三峽,C0AC60,2018-03-27T16:00:00+08:00,55.0,35,1.1,21.7,0.81,1009.2,-99,0.0,-99,-99,-99,新北市,06,三峽區,057
24.940806,121.361500,三峽,C0AC60,2018-03-27T17:00:00+08:00,55.0,84,0.5,21.5,0.86,1009.3,-99,0.0,-99,-99,-99,新北市,06,三峽區,057
24.940806,121.361500,三峽,C0AC60,2018-03-27T18:00:00+08:00,55.0,179,0.8,20.5,0.98,1009.5,-99,0.0,-99,-99,-99,新北市,06,三峽區,057
24.940806,121.361500,三峽,C0AC60,2018-03-27T19:00:00+08:00,55.0,89,1.0,20.4,0.98,1009.7,-99,0.0,-99,-99,-99,新北市,06,三峽區,057
24.940806,121.361500,三峽,C0AC60,2018-03-27T20:00:00+08:00,55.0,94,0.8,20.4,0.96,1010.2,-99,0.0,-99,-99,-99,新北市,06,三峽區,057
24.940806,121.361500,三峽,C0AC60,2018-03-27T21:00:00+08:00,55.0,95,1.8,20.4,0.95,1010.6,-99,0.0,-99,-99,-99,新北市,06,三峽區,057
24.940806,121.361500,三峽,C0AC60,2018-03-27T22:00:00+08:00,55.0,97,1.1,20.2,0.97,1010.6,-99,0.0,-99,-99,-99,新北市,06,三峽區,057
24.940806,121.361500,三峽,C0AC60,2018-03-27T23:00:00+08:00,55.0,97,0.8,20.3,0.96,1010.3,-99,0.0,-99,-99,-99,新北市,06,三峽區,057
24.940806,121.361500,三峽,C0AC60,2018-03-28T00:00:00+08:00,55.0,88,0.7,19.8,0.97,1009.8,-99,0.0,-99,-99,-99,新北市,06,三峽區,057
24.940806,121.361500,三峽,C0AC60,2018-03-28T01:00:00+08:00,55.0,0,0.0,19.5,0.99,1009.1,-99,0.0,-99,-99,-99,新北市,06,三峽區,057
24.940806,121.361500,三峽,C0AC60,2018-03-28T02:00:00+08:00,55.0,89,0.6,19.1,0.99,1008.6,-99,0.0,-99,-99,-99,新北市,06,三峽區,057
24.940806,121.361500,三峽,C0AC60,2018-03-28T03:00:00+08:00,55.0,145,0.9,18.8,0.99,1008.0,-99,0.0,-99,-99,-99,新北市,06,三峽區,057
24.940806,121.361500,三峽,C0AC60,2018-03-28T04:00:00+08:00,55.0,157,1.7,17.8,0.99,1007.8,-99,0.0,-99,-99,-99,新北市,06,三峽區,057
24.940806,121.361500,三峽,C0AC60,2018-03-28T05:00:00+08:00,55.0,165,1.6,17.1,0.99,1008.3,-99,0.0,-99,-99,-99,新北市,06,三峽區,057
24.940806,121.361500,三峽,C0AC60,2018-03-28T06:00:00+08:00,55.0,175,1.1,16.7,0.99,1009.0,-99,0.0,-99,-99,-99,新北市,06,三峽區,057
24.940806,121.361500,三峽,C0AC60,2018-03-28T07:00:00+08:00,55.0,0,0.0,17.3,0.99,1009.5,-99,0.0,-99,-99,-99,新北市,06,三峽區,057
24.940806,121.361500,三峽,C0AC60,2018-03-28T08:00:00+08:00,55.0,183,0.5,19.7,0.91,1009.7,-99,0.0,-99,-99,-99,新北市,06,三峽區,057
24.940806,121.361500,三峽,C0AC60,2018-03-28T09:00:00+08:00,55.0,51,0.3,22.5,0.75,1009.9,-99,0.0,-99,-99,-99,新北市,06,三峽區,057
24.940806,121.361500,三峽,C0AC60,2018-03-28T10:00:00+08:00,55.0,73,1.0,24.8,0.64,1009.6,-99,0.0,-99,-99,-99,新北市,06,三峽區,057
24.940806,121.361500,三峽,C0AC60,2018-03-28T11:00:00+08:00,55.0,47,0.9,26.6,0.56,1008.9,-99,0.0,-99,-99,-99,新北市,06,三峽區,057
24.940806,121.361500,三峽,C0AC60,2018-03-28T12:00:00+08:00,55.0,53,1.3,25.5,0.61,1008.1,-99,0.0,-99,-99,-99,新北市,06,三峽區,057
24.940806,121.361500,三峽,C0AC60,2018-03-28T13:00:00+08:00,55.0,86,0.9,26.1,0.6,1007.3,-99,0.0,-99,-99,-99,新北市,06,三峽區,057
24.940806,121.361500,三峽,C0AC60,2018-03-28T14:00:00+08:00,55.0,71,1.5,25.6,0.65,1006.8,-99,0.0,-99,-99,-99,新北市,06,三峽區,057
24.940806,121.361500,三峽,C0AC60,2018-03-28T15:00:00+08:00,55.0,78,2.2,25.5,0.66,1006.4,-99,0.0,-99,-99,-99,新北市,06,三峽區,057
24.940806,121.361500,三峽,C0AC60,2018-03-28T16:00:00+08:00,55.0,76,1.9,25.4,0.67,1006.3,-99,0.0,-99,-99,-99,新北市,06,三峽區,057
24.940806,121.361500,三峽,C0AC60,2018-03-28T17:00:00+08:00,55.0,63,2.4,24.6,0.7,1006.4,-99,0.0,8.8,81,2018-03-28T16:46:00+08:00,新北市,06,三峽區,057
24.940806,121.361500,三峽,C0AC60,2018-03-28T18:00:00+08:00,55.0,76,2.4,24.0,0.71,1006.8,-99,0.0,-99,-99,-99,新北市,06,三峽區,057
24.940806,121.361500,三峽,C0AC60,2018-03-28T19:00:00+08:00,55.0,86,2.3,23.6,0.67,1007.2,-99,0.0,-99,-99,-99,新北市,06,三峽區,057
24.940806,121.361500,三峽,C0AC60,2018-03-28T20:00:00+08:00,55.0,87,1.5,23.0,0.71,1007.7,-99,0.0,6.6,62,2018-03-28T19:54:00+08:00,新北市,06,三峽區,057
24.940806,121.361500,三峽,C0AC60,2018-03-28T21:00:00+08:00,55.0,87,2.3,22.6,0.72,1008.0,-99,0.0,-99,-99,-99,新北市,06,三峽區,057
24.940806,121.361500,三峽,C0AC60,2018-03-28T22:00:00+08:00,55.0,81,2.6,22.2,0.77,1008.0,-99,0.0,-99,-99,-99,新北市,06,三峽區,057
24.940806,121.361500,三峽,C0AC60,2018-03-28T23:00:00+08:00,55.0,180,0.3,21.2,0.82,1007.9,-99,0.0,8.8,45,2018-03-28T22:38:00+08:00,新北市,06,三峽區,057
24.940806,121.361500,三峽,C0AC60,2018-03-29T00:00:00+08:00,55.0,173,1.4,19.2,0.96,1007.9,-99,0.0,-99,-99,-99,新北市,06,三峽區,057
24.940806,121.361500,三峽,C0AC60,2018-03-29T01:00:00+08:00,55.0,154,1.7,-99,0.98,1007.5,-99,0.0,-99,-99,-99,新北市,06,三峽區,057
24.940806,121.361500,三峽,C0AC60,2018-03-29T02:00:00+08:00,55.0,152,1.7,-99,0.99,1007.2,-99,0.0,-99,-99,-99,新北市,06,三峽區,057
24.940806,121.361500,三峽,C0AC60,2018-03-29T03:00:00+08:00,55.0,161,0.9,-99,0.98,1006.9,-99,0.0,-99,-99,-99,新北市,06,三峽區,057
24.940806,121.361500,三峽,C0AC60,2018-03-29T04:00:00+08:00,55.0,163,1.3,-99,0.99,1007.2,-99,0.0,-99,-99,-99,新北市,06,三峽區,057
24.940806,121.361500,三峽,C0AC60,2018-03-29T05:00:00+08:00,55.0,160,2.8,-99,0.99,1007.5,-99,0.0,-99,-99,-99,新北市,06,三峽區,057
24.940806,121.361500,三峽,C0AC60,2018-03-29T06:00:00+08:00,55.0,158,1.8,17.5,0.99,1008.0,-99,0.0,-99,-99,-99,新北市,06,三峽區,057
24.940806,121.361500,三峽,C0AC60,2018-03-29T07:00:00+08:00,55.0,190,0.7,17.8,0.98,1008.6,-99,0.0,-99,-99,-99,新北市,06,三峽區,057
24.940806,121.361500,三峽,C0AC60,2018-03-29T08:00:00+08:00,55.0,0,0.1,20.5,0.88,1009.1,-99,0.0,-99,-99,-99,新北市,06,三峽區,057
24.940806,121.361500,三峽,C0AC60,2018-03-29T09:00:00+08:00,55.0,0,0.2,23.2,0.72,1009.1,-99,0.0,-99,-99,-99,新北市,06,三峽區,057
24.940806,121.361500,三峽,C0AC60,2018-03-29T10:00:00+08:00,55.0,35,0.6,25.6,0.63,1008.8,-99,0.0,-99,-99,-99,新北市,06,三峽區,057
24.940806,121.361500,三峽,C0AC60,2018-03-29T11:00:00+08:00,55.0,70,2.6,28.4,0.48,1008.0,-99,0.0,-99,-99,-99,新北市,06,三峽區,057
24.940806,121.361500,三峽,C0AC60,2018-03-29T12:00:00+08:00,55.0,44,1.7,29.1,0.45,1007.2,-99,0.0,7.7,53,2018-03-29T11:20:00+08:00,新北市,06,三峽區,057
24.940806,121.361500,三峽,C0AC60,2018-03-29T13:00:00+08:00,55.0,13,2.0,29.2,0.42,1006.6,-99,0.0,8.2,80,2018-03-29T12:38:00+08:00,新北市,06,三峽區,057
24.940806,121.361500,三峽,C0AC60,2018-03-29T14:00:00+08:00,55.0,77,2.1,29.6,0.43,1005.8,-99,0.0,-99,-99,-99,新北市,06,三峽區,057
24.940806,121.361500,三峽,C0AC60,2018-03-29T15:00:00+08:00,55.0,109,0.6,29.9,0.42,1005.7,-99,0.0,-99,-99,-99,新北市,06,三峽區,057
24.940806,121.361500,三峽,C0AC60,2018-03-29T16:00:00+08:00,55.0,95,1.6,28.1,0.43,1005.9,-99,0.0,-99,-99,-99,新北市,06,三峽區,057
24.940806,121.361500,三峽,C0AC60,2018-03-29T17:00:00+08:00,55.0,90,1.5,28.1,0.42,1005.8,-99,0.0,-99,-99,-99,新北市,06,三峽區,057
24.940806,121.361500,三峽,C0AC60,2018-03-29T18:00:00+08:00,55.0,70,1.8,26.1,0.47,1006.2,-99,0.0,-99,-99,-99,新北市,06,三峽區,057
24.940806,121.361500,三峽,C0AC60,2018-03-29T19:00:00+08:00,55.0,82,2.0,24.2,0.55,1006.9,-99,0.0,-99,-99,-99,新北市,06,三峽區,057
24.940806,121.361500,三峽,C0AC60,2018-03-29T20:00:00+08:00,55.0,74,2.6,23.6,0.58,1007.5,-99,0.0,7.7,84,2018-03-29T19:42:00+08:00,新北市,06,三峽區,057
24.940806,121.361500,三峽,C0AC60,2018-03-29T21:00:00+08:00,55.0,111,0.8,23.0,0.63,1008.0,-99,0.0,-99,-99,-99,新北市,06,三峽區,057
24.940806,121.361500,三峽,C0AC60,2018-03-29T22:00:00+08:00,55.0,99,1.0,22.7,0.67,1008.1,-99,0.0,-99,-99,-99,新北市,06,三峽區,057
24.940806,121.361500,三峽,C0AC60,2018-03-29T23:00:00+08:00,55.0,84,2.5,23.0,0.66,1008.2,-99,0.0,7.7,81,2018-03-29T22:03:00+08:00,新北市,06,三峽區,057
24.940806,121.361500,三峽,C0AC60,2018-03-30T00:00:00+08:00,55.0,87,2.1,22.7,0.69,1007.9,-99,0.0,-99,-99,-99,新北市,06,三峽區,057
24.940806,121.361500,三峽,C0AC60,2018-03-30T01:00:00+08:00,55.0,188,0.5,21.1,0.73,1007.6,-99,0.0,-99,-99,-99,新北市,06,三峽區,057
24.940806,121.361500,三峽,C0AC60,2018-03-30T02:00:00+08:00,55.0,175,0.9,19.1,0.83,1007.4,-99,0.0,-99,-99,-99,新北市,06,三峽區,057
24.940806,121.361500,三峽,C0AC60,2018-03-30T03:00:00+08:00,55.0,167,2.3,-99,0.85,1007.1,-99,0.0,-99,-99,-99,新北市,06,三峽區,057
24.940806,121.361500,三峽,C0AC60,2018-03-30T04:00:00+08:00,55.0,164,2.4,-99,0.85,1007.1,-99,0.0,-99,-99,-99,新北市,06,三峽區,057
24.940806,121.361500,三峽,C0AC60,2018-03-30T05:00:00+08:00,55.0,160,2.2,-99,0.86,1007.4,-99,0.0,-99,-99,-99,新北市,06,三峽區,057
24.940806,121.361500,三峽,C0AC60,2018-03-30T06:00:00+08:00,55.0,166,2.0,17.9,0.86,1007.9,-99,0.0,-99,-99,-99,新北市,06,三峽區,057
24.940806,121.361500,三峽,C0AC60,2018-03-30T07:00:00+08:00,55.0,171,1.6,18.4,0.84,1008.5,-99,0.0,-99,-99,-99,新北市,06,三峽區,057
24.940806,121.361500,三峽,C0AC60,2018-03-30T08:00:00+08:00,55.0,77,3.0,-99,0.66,1009.0,-99,0.0,-99,-99,-99,新北市,06,三峽區,057
24.940806,121.361500,三峽,C0AC60,2018-03-30T09:00:00+08:00,55.0,76,3.9,-99,0.67,1009.8,-99,0.0,9.9,97,2018-03-30T09:00:00+08:00,新北市,06,三峽區,057
24.940806,121.361500,三峽,C0AC60,2018-03-30T10:00:00+08:00,55.0,76,3.8,23.0,0.75,1010.8,-99,0.0,11.0,83,2018-03-30T09:10:00+08:00,新北市,06,三峽區,057
24.940806,121.361500,三峽,C0AC60,2018-03-30T11:00:00+08:00,55.0,98,1.6,23.6,0.63,1010.6,-99,0.0,10.4,75,2018-03-30T10:17:00+08:00,新北市,06,三峽區,057
24.940806,121.361500,三峽,C0AC60,2018-03-30T12:00:00+08:00,55.0,93,2.5,24.9,0.55,1010.0,-99,0.0,-99,-99,-99,新北市,06,三峽區,057
24.940806,121.361500,三峽,C0AC60,2018-03-30T13:00:00+08:00,55.0,92,3.2,26.7,0.47,1009.4,-99,0.0,9.9,102,2018-03-30T12:46:00+08:00,新北市,06,三峽區,057
24.940806,121.361500,三峽,C0AC60,2018-03-30T14:00:00+08:00,55.0,95,2.6,26.8,0.46,1008.6,-99,0.0,9.9,85,2018-03-30T13:48:00+08:00,新北市,06,三峽區,057
24.940806,121.361500,三峽,C0AC60,2018-03-30T15:00:00+08:00,55.0,88,2.1,27.5,0.41,1008.1,-99,0.0,9.9,89,2018-03-30T14:19:00+08:00,新北市,06,三峽區,057
24.940806,121.361500,三峽,C0AC60,2018-03-30T16:00:00+08:00,55.0,98,3.1,27.0,0.41,1007.8,-99,0.0,8.2,68,2018-03-30T15:58:00+08:00,新北市,06,三峽區,057
24.940806,121.361500,三峽,C0AC60,2018-03-30T17:00:00+08:00,55.0,93,3.0,26.3,0.46,1008.1,-99,0.0,8.8,73,2018-03-30T16:20:00+08:00,新北市,06,三峽區,057
24.940806,121.361500,三峽,C0AC60,2018-03-30T18:00:00+08:00,55.0,95,2.5,24.4,0.56,1008.2,-99,0.0,9.3,67,2018-03-30T17:04:00+08:00,新北市,06,三峽區,057
24.940806,121.361500,三峽,C0AC60,2018-03-30T19:00:00+08:00,55.0,94,2.0,23.2,0.59,1008.6,-99,0.0,7.7,32,2018-03-30T18:40:00+08:00,新北市,06,三峽區,057
24.940806,121.361500,三峽,C0AC60,2018-03-30T20:00:00+08:00,55.0,88,2.1,22.6,0.59,1009.1,-99,0.0,7.7,56,2018-03-30T19:51:00+08:00,新北市,06,三峽區,057
24.940806,121.361500,三峽,C0AC60,2018-03-30T21:00:00+08:00,55.0,89,2.3,22.3,0.56,1009.5,-99,0.0,8.2,78,2018-03-30T20:08:00+08:00,新北市,06,三峽區,057
24.940806,121.361500,三峽,C0AC60,2018-03-30T22:00:00+08:00,55.0,90,2.6,22.4,0.56,1009.7,-99,0.0,7.7,54,2018-03-30T21:51:00+08:00,新北市,06,三峽區,057
24.940806,121.361500,三峽,C0AC60,2018-03-30T23:00:00+08:00,55.0,98,1.7,22.5,0.55,1009.8,-99,0.0,8.2,89,2018-03-30T22:22:00+08:00,新北市,06,三峽區,057
24.940806,121.361500,三峽,C0AC60,2018-03-31T01:00:00+08:00,55.0,91,1.9,22.0,0.58,1009.4,-99,0.0,-99,-99,-99,新北市,06,三峽區,057
24.940806,121.361500,三峽,C0AC60,2018-03-31T02:00:00+08:00,55.0,86,1.3,21.3,0.63,1008.6,-99,0.0,-99,-99,-99,新北市,06,三峽區,057
24.940806,121.361500,三峽,C0AC60,2018-03-31T03:00:00+08:00,55.0,87,2.0,20.6,0.68,1008.0,-99,0.0,7.1,72,2018-03-31T02:41:00+08:00,新北市,06,三峽區,057
24.940806,121.361500,三峽,C0AC60,2018-03-31T04:00:00+08:00,55.0,92,1.3,20.3,0.72,1008.1,-99,0.0,7.1,36,2018-03-31T03:28:00+08:00,新北市,06,三峽區,057
24.940806,121.361500,三峽,C0AC60,2018-03-31T05:00:00+08:00,55.0,94,1.5,20.3,0.73,1008.3,-99,0.0,-99,-99,-99,新北市,06,三峽區,057
24.940806,121.361500,三峽,C0AC60,2018-03-31T06:00:00+08:00,55.0,89,1.6,20.3,0.74,1009.0,-99,0.0,-99,-99,-99,新北市,06,三峽區,057
24.940806,121.361500,三峽,C0AC60,2018-03-31T07:00:00+08:00,55.0,80,2.9,21.2,0.71,1009.5,-99,0.0,-99,-99,-99,新北市,06,三峽區,057
24.940806,121.361500,三峽,C0AC60,2018-03-31T08:00:00+08:00,55.0,76,2.6,23.0,0.65,1009.9,-99,0.0,8.8,89,2018-03-31T07:54:00+08:00,新北市,06,三峽區,057
24.940806,121.361500,三峽,C0AC60,2018-03-31T09:00:00+08:00,55.0,81,3.3,24.3,0.58,1010.0,-99,0.0,8.8,82,2018-03-31T08:15:00+08:00,新北市,06,三峽區,057
24.940806,121.361500,三峽,C0AC60,2018-03-31T10:00:00+08:00,55.0,96,3.1,25.7,0.5,1009.7,-99,0.0,9.3,73,2018-03-31T09:07:00+08:00,新北市,06,三峽區,057
24.940806,121.361500,三峽,C0AC60,2018-03-31T11:00:00+08:00,55.0,86,2.8,26.8,0.45,1009.2,-99,0.0,11.0,93,2018-03-31T10:44:00+08:00,新北市,06,三峽區,057
24.940806,121.361500,三峽,C0AC60,2018-03-31T12:00:00+08:00,55.0,94,2.9,27.1,0.46,1008.3,-99,0.0,11.0,72,2018-03-31T11:23:00+08:00,新北市,06,三峽區,057
24.940806,121.361500,三峽,C0AC60,2018-03-31T13:00:00+08:00,55.0,104,2.4,27.7,0.41,1007.0,-99,0.0,10.4,76,2018-03-31T12:16:00+08:00,新北市,06,三峽區,057
24.940806,121.361500,三峽,C0AC60,2018-03-31T14:00:00+08:00,55.0,94,2.4,28.4,0.38,1006.0,-99,0.0,9.3,79,2018-03-31T13:26:00+08:00,新北市,06,三峽區,057
24.940806,121.361500,三峽,C0AC60,2018-03-31T15:00:00+08:00,55.0,95,3.2,27.8,0.4,1005.4,-99,0.0,12.1,77,2018-03-31T14:02:00+08:00,新北市,06,三峽區,057
24.940806,121.361500,三峽,C0AC60,2018-03-31T16:00:00+08:00,55.0,91,2.9,27.4,0.42,1005.3,-99,0.0,9.9,80,2018-03-31T15:53:00+08:00,新北市,06,三峽區,057
24.940806,121.361500,三峽,C0AC60,2018-03-31T17:00:00+08:00,55.0,88,2.4,26.5,0.46,1005.3,-99,0.0,9.3,85,2018-03-31T16:12:00+08:00,新北市,06,三峽區,057
24.940806,121.361500,三峽,C0AC60,2018-03-31T18:00:00+08:00,55.0,91,2.3,24.8,0.53,1005.7,-99,0.0,9.9,81,2018-03-31T17:23:00+08:00,新北市,06,三峽區,057
24.940806,121.361500,三峽,C0AC60,2018-03-31T19:00:00+08:00,55.0,76,3.2,23.8,0.61,1006.5,-99,0.0,-99,-99,-99,新北市,06,三峽區,057
24.940806,121.361500,三峽,C0AC60,2018-03-31T20:00:00+08:00,55.0,80,2.9,23.1,0.66,1007.1,-99,0.0,8.2,83,2018-03-31T19:11:00+08:00,新北市,06,三峽區,057
24.940806,121.361500,三峽,C0AC60,2018-03-31T21:00:00+08:00,55.0,85,3.1,22.7,0.64,1007.8,-99,0.0,8.8,80,2018-03-31T20:16:00+08:00,新北市,06,三峽區,057
24.940806,121.361500,三峽,C0AC60,2018-03-31T22:00:00+08:00,55.0,83,2.1,22.5,0.65,1007.9,-99,0.0,7.7,79,2018-03-31T21:44:00+08:00,新北市,06,三峽區,057
24.940806,121.361500,三峽,C0AC60,2018-03-31T23:00:00+08:00,55.0,81,3.4,22.3,0.66,1008.0,-99,0.0,8.8,82,2018-03-31T22:46:00+08:00,新北市,06,三峽區,057
