24.940806,121.361500,三峽,C0AC60,2017-08-01T00:00:00+08:00,55.0,88,0.4,26.0,0.89,996.5,-99,7.0,-99,-99,-99,新北市,06,三峽區,057
24.940806,121.361500,三峽,C0AC60,2017-08-01T01:00:00+08:00,55.0,178,1.7,25.6,0.88,996.2,-99,0.0,-99,-99,-99,新北市,06,三峽區,057
24.940806,121.361500,三峽,C0AC60,2017-08-01T02:00:00+08:00,55.0,162,1.3,25.4,0.88,995.9,-99,0.0,-99,-99,-99,新北市,06,三峽區,057
24.940806,121.361500,三峽,C0AC60,2017-08-01T03:00:00+08:00,55.0,0,0.0,25.5,0.86,996.0,-99,0.0,-99,-99,-99,新北市,06,三峽區,057
24.940806,121.361500,三峽,C0AC60,2017-08-01T04:00:00+08:00,55.0,160,1.7,25.2,0.87,995.9,-99,0.0,-99,-99,-99,新北市,06,三峽區,057
24.940806,121.361500,三峽,C0AC60,2017-08-01T05:00:00+08:00,55.0,159,1.3,25.1,0.88,996.5,-99,0.0,-99,-99,-99,新北市,06,三峽區,057
24.940806,121.361500,三峽,C0AC60,2017-08-01T06:00:00+08:00,55.0,162,1.6,25.1,0.88,997.2,-99,0.0,-99,-99,-99,新北市,06,三峽區,057
24.940806,121.361500,三峽,C0AC60,2017-08-01T07:00:00+08:00,55.0,322,1.5,25.6,0.89,998.1,-99,0.0,-99,-99,-99,新北市,06,三峽區,057
24.940806,121.361500,三峽,C0AC60,2017-08-01T08:00:00+08:00,55.0,0,0.1,27.9,0.8,998.5,-99,0.0,-99,-99,-99,新北市,06,三峽區,057
24.940806,121.361500,三峽,C0AC60,2017-08-01T09:00:00+08:00,55.0,321,0.8,28.9,0.72,998.4,-99,0.0,-99,-99,-99,新北市,06,三峽區,057
24.940806,121.361500,三峽,C0AC60,2017-08-01T10:00:00+08:00,55.0,195,1.7,30.5,0.74,998.7,-99,0.0,-99,-99,-99,新北市,06,三峽區,057
24.940806,121.361500,三峽,C0AC60,2017-08-01T11:00:00+08:00,55.0,0,0.2,31.3,0.7,998.7,-99,0.0,-99,-99,-99,新北市,06,三峽區,057
24.940806,121.361500,三峽,C0AC60,2017-08-01T12:00:00+08:00,55.0,0,0.2,32.6,0.62,998.2,-99,0.0,-99,-99,-99,新北市,06,三峽區,057
24.940806,121.361500,三峽,C0AC60,2017-08-01T13:00:00+08:00,55.0,91,0.4,33.2,0.62,997.8,-99,0.0,-99,-99,-99,新北市,06,三峽區,057
24.940806,121.361500,三峽,C0AC60,2017-08-01T14:00:00+08:00,55.0,0,0.2,33.0,0.64,997.4,-99,0.0,-99,-99,-99,新北市,06,三峽區,057
24.940806,121.361500,三峽,C0AC60,2017-08-01T15:00:00+08:00,55.0,0,0.1,32.2,0.69,997.3,-99,0.0,-99,-99,-99,新北市,06,三峽區,057
24.940806,121.361500,三峽,C0AC60,2017-08-01T16:00:00+08:00,55.0,350,1.2,31.2,0.77,997.4,-99,0.0,-99,-99,-99,新北市,06,三峽區,057
24.940806,121.361500,三峽,C0AC60,2017-08-01T17:00:00+08:00,55.0,0,0.2,29.6,0.79,997.7,-99,0.0,-99,-99,-99,新北市,06,三峽區,057
24.940806,121.361500,三峽,C0AC60,2017-08-01T18:00:00+08:00,55.0,316,0.7,28.9,0.88,997.9,-99,0.0,-99,-99,-99,新北市,06,三峽區,057
24.940806,121.361500,三峽,C0AC60,2017-08-01T19:00:00+08:00,55.0,88,0.7,29.0,0.86,998.0,-99,0.0,-99,-99,-99,新北市,06,三峽區,057
24.940806,121.361500,三峽,C0AC60,2017-08-01T20:00:00+08:00,55.0,87,1.2,28.5,0.89,998.7,-99,0.0,-99,-99,-99,新北市,06,三峽區,057
24.940806,121.361500,三峽,C0AC60,2017-08-01T21:00:00+08:00,55.0,0,0.0,28.2,0.9,999.4,-99,0.0,-99,-99,-99,新北市,06,三峽區,057
24.940806,121.361500,三峽,C0AC60,2017-08-01T22:00:00+08:00,55.0,0,0.0,27.6,0.91,999.7,-99,0.0,-99,-99,-99,新北市,06,三峽區,057
24.940806,121.361500,三峽,C0AC60,2017-08-01T23:00:00+08:00,55.0,232,0.3,27.1,0.93,1000.1,-99,0.0,-99,-99,-99,新北市,06,三峽區,057
24.940806,121.361500,三峽,C0AC60,2017-08-02T00:00:00+08:00,55.0,224,0.9,27.3,0.87,999.8,-99,0.0,-99,-99,-99,新北市,06,三峽區,057
24.940806,121.361500,三峽,C0AC60,2017-08-02T01:00:00+08:00,55.0,208,1.2,27.1,0.89,999.3,-99,0.0,-99,-99,-99,新北市,06,三峽區,057
24.940806,121.361500,三峽,C0AC60,2017-08-02T02:00:00+08:00,55.0,216,0.7,26.9,0.88,998.3,-99,0.0,-99,-99,-99,新北市,06,三峽區,057
24.940806,121.361500,三峽,C0AC60,2017-08-02T03:00:00+08:00,55.0,200,0.6,26.6,0.89,997.9,-99,0.0,-99,-99,-99,新北市,06,三峽區,057
24.940806,121.361500,三峽,C0AC60,2017-08-02T04:00:00+08:00,55.0,0,0.0,26.6,0.89,997.9,-99,0.0,-99,-99,-99,新北市,06,三峽區,057
24.940806,121.361500,三峽,C0AC60,2017-08-02T05:00:00+08:00,55.0,198,0.8,26.3,0.9,998.2,-99,0.0,-99,-99,-99,新北市,06,三峽區,057
24.940806,121.361500,三峽,C0AC60,2017-08-02T06:00:00+08:00,55.0,0,0.0,26.5,0.91,998.7,-99,0.0,-99,-99,-99,新北市,06,三峽區,057
24.940806,121.361500,三峽,C0AC60,2017-08-02T07:00:00+08:00,55.0,157,0.7,27.7,0.86,999.2,-99,0.0,-99,-99,-99,新北市,06,三峽區,057
24.940806,121.361500,三峽,C0AC60,2017-08-02T08:00:00+08:00,55.0,0,0.2,30.3,0.75,999.2,-99,0.0,-99,-99,-99,新北市,06,三峽區,057
24.940806,121.361500,三峽,C0AC60,2017-08-02T09:00:00+08:00,55.0,29,0.6,31.3,0.68,999.3,-99,0.0,-99,-99,-99,新北市,06,三峽區,057
24.940806,121.361500,三峽,C0AC60,2017-08-02T10:00:00+08:00,55.0,0,0.1,32.4,0.65,999.0,-99,0.0,-99,-99,-99,新北市,06,三峽區,057
24.940806,121.361500,三峽,C0AC60,2017-08-02T11:00:00+08:00,55.0,115,0.3,32.7,0.65,998.5,-99,0.0,-99,-99,-99,新北市,06,三峽區,057
24.940806,121.361500,三峽,C0AC60,2017-08-02T12:00:00+08:00,55.0,218,0.5,33.8,0.6,997.8,-99,0.0,-99,-99,-99,新北市,06,三峽區,057
24.940806,121.361500,三峽,C0AC60,2017-08-02T13:00:00+08:00,55.0,345,0.8,33.2,0.68,997.2,-99,0.0,-99,-99,-99,新北市,06,三峽區,057
24.940806,121.361500,三峽,C0AC60,2017-08-02T14:00:00+08:00,55.0,113,1.5,29.6,0.87,996.8,-99,12.0,-99,-99,-99,新北市,06,三峽區,057
24.940806,121.361500,三峽,C0AC60,2017-08-02T15:00:00+08:00,55.0,91,1.3,26.8,0.97,997.3,-99,12.0,7.1,41,2017-08-02T14:24:00+08:00,新北市,06,三峽區,057
24.940806,121.361500,三峽,C0AC60,2017-08-03T14:00:00+08:00,55.0,237,1.5,34.4,0.59,995.4,-99,0.0,-99,-99,-99,新北市,06,三峽區,057
24.940806,121.361500,三峽,C0AC60,2017-08-03T15:00:00+08:00,55.0,360,1.5,34.6,0.61,994.6,-99,0.0,-99,-99,-99,新北市,06,三峽區,057
24.940806,121.361500,三峽,C0AC60,2017-08-03T16:00:00+08:00,55.0,3,1.6,33.3,0.66,994.3,-99,0.0,-99,-99,-99,新北市,06,三峽區,057
24.940806,121.361500,三峽,C0AC60,2017-08-03T17:00:00+08:00,55.0,229,6.0,27.1,0.95,995.2,-99,5.5,-99,-99,-99,新北市,06,三峽區,057
24.940806,121.361500,三峽,C0AC60,2017-08-03T18:00:00+08:00,55.0,101,1.6,26.4,0.98,995.8,-99,17.5,8.2,229,2017-08-03T17:03:00+08:00,新北市,06,三峽區,057
24.940806,121.361500,三峽,C0AC60,2017-08-03T19:00:00+08:00,55.0,85,1.1,26.6,0.98,996.6,-99,20.0,-99,-99,-99,新北市,06,三峽區,057
24.940806,121.361500,三峽,C0AC60,2017-08-03T20:00:00+08:00,55.0,220,0.8,26.7,0.96,997.1,-99,20.0,-99,-99,-99,新北市,06,三峽區,057
24.940806,121.361500,三峽,C0AC60,2017-08-03T21:00:00+08:00,55.0,210,0.4,26.6,0.95,998.0,-99,20.0,-99,-99,-99,新北市,06,三峽區,057
24.940806,121.361500,三峽,C0AC60,2017-08-03T22:00:00+08:00,55.0,205,1.1,26.5,0.95,998.5,-99,20.0,-99,-99,-99,新北市,06,三峽區,057
24.940806,121.361500,三峽,C0AC60,2017-08-03T23:00:00+08:00,55.0,184,0.6,26.5,0.95,998.4,-99,20.0,-99,-99,-99,新北市,06,三峽區,057
24.940806,121.361500,三峽,C0AC60,2017-08-04T00:00:00+08:00,55.0,0,0.0,26.6,0.93,998.3,-99,20.0,-99,-99,-99,新北市,06,三峽區,057
24.940806,121.361500,三峽,C0AC60,2017-08-04T01:00:00+08:00,55.0,0,0.2,26.1,0.94,997.7,-99,0.0,-99,-99,-99,新北市,06,三峽區,057
24.940806,121.361500,三峽,C0AC60,2017-08-04T02:00:00+08:00,55.0,174,0.7,26.0,0.95,997.4,-99,0.0,-99,-99,-99,新北市,06,三峽區,057
24.940806,121.361500,三峽,C0AC60,2017-08-04T03:00:00+08:00,55.0,0,0.0,26.1,0.94,997.2,-99,0.0,-99,-99,-99,新北市,06,三峽區,057
24.940806,121.361500,三峽,C0AC60,2017-08-04T04:00:00+08:00,55.0,186,1.1,25.9,0.94,997.4,-99,0.0,-99,-99,-99,新北市,06,三峽區,057
24.940806,121.361500,三峽,C0AC60,2017-08-04T05:00:00+08:00,55.0,0,0.2,25.6,0.95,997.4,-99,0.0,-99,-99,-99,新北市,06,三峽區,057
24.940806,121.361500,三峽,C0AC60,2017-08-04T06:00:00+08:00,55.0,162,1.6,25.6,0.94,997.8,-99,0.0,-99,-99,-99,新北市,06,三峽區,057
24.940806,121.361500,三峽,C0AC60,2017-08-04T07:00:00+08:00,55.0,210,0.7,26.6,0.9,998.4,-99,0.0,-99,-99,-99,新北市,06,三峽區,057
24.940806,121.361500,三峽,C0AC60,2017-08-04T08:00:00+08:00,55.0,0,0.2,28.8,0.82,998.6,-99,0.0,-99,-99,-99,新北市,06,三峽區,057
24.940806,121.361500,三峽,C0AC60,2017-08-04T09:00:00+08:00,55.0,243,0.9,30.5,0.76,998.5,-99,0.0,-99,-99,-99,新北市,06,三峽區,057
24.940806,121.361500,三峽,C0AC60,2017-08-04T10:00:00+08:00,55.0,244,1.5,31.4,0.71,998.4,-99,0.0,-99,-99,-99,新北市,06,三峽區,057
24.940806,121.361500,三峽,C0AC60,2017-08-04T11:00:00+08:00,55.0,268,1.1,32.9,0.66,998.2,-99,0.0,-99,-99,-99,新北市,06,三峽區,057
24.940806,121.361500,三峽,C0AC60,2017-08-04T12:00:00+08:00,55.0,244,2.0,32.8,0.68,998.0,-99,0.0,-99,-99,-99,新北市,06,三峽區,057
24.940806,121.361500,三峽,C0AC60,2017-08-04T13:00:00+08:00,55.0,237,2.5,33.5,0.65,997.6,-99,0.0,-99,-99,-99,新北市,06,三峽區,057
24.940806,121.361500,三峽,C0AC60,2017-08-04T14:00:00+08:00,55.0,240,1.4,33.3,0.67,997.2,-99,0.0,-99,-99,-99,新北市,06,三峽區,057
24.940806,121.361500,三峽,C0AC60,2017-08-04T15:00:00+08:00,55.0,226,2.1,33.2,0.69,996.8,-99,0.0,-99,-99,-99,新北市,06,三峽區,057
24.940806,121.361500,三峽,C0AC60,2017-08-04T16:00:00+08:00,55.0,253,2.5,33.5,0.64,996.7,-99,0.0,-99,-99,-99,新北市,06,三峽區,057
24.940806,121.361500,三峽,C0AC60,2017-08-04T17:00:00+08:00,55.0,234,2.1,32.5,0.67,996.8,-99,0.0,-99,-99,-99,新北市,06,三峽區,057
24.940806,121.361500,三峽,C0AC60,2017-08-04T18:00:00+08:00,55.0,222,1.5,31.2,0.77,997.0,-99,0.0,-99,-99,-99,新北市,06,三峽區,057
24.940806,121.361500,三峽,C0AC60,2017-08-04T19:00:00+08:00,55.0,237,1.4,30.8,0.73,997.8,-99,0.0,-99,-99,-99,新北市,06,三峽區,057
24.940806,121.361500,三峽,C0AC60,2017-08-04T20:00:00+08:00,55.0,204,0.9,29.7,0.8,998.2,-99,0.0,-99,-99,-99,新北市,06,三峽區,057
24.940806,121.361500,三峽,C0AC60,2017-08-04T21:00:00+08:00,55.0,211,0.3,28.5,0.88,998.7,-99,0.0,-99,-99,-99,新北市,06,三峽區,057
24.940806,121.361500,三峽,C0AC60,2017-08-04T22:00:00+08:00,55.0,204,0.9,27.7,0.9,998.9,-99,0.0,-99,-99,-99,新北市,06,三峽區,057
24.940806,121.361500,三峽,C0AC60,2017-08-04T23:00:00+08:00,55.0,207,0.4,27.6,0.9,999.1,-99,0.0,-99,-99,-99,新北市,06,三峽區,057
24.940806,121.361500,三峽,C0AC60,2017-08-05T00:00:00+08:00,55.0,196,0.6,27.3,0.91,998.9,-99,0.0,-99,-99,-99,新北市,06,三峽區,057
24.940806,121.361500,三峽,C0AC60,2017-08-05T01:00:00+08:00,55.0,204,0.7,27.1,0.9,998.7,-99,0.0,-99,-99,-99,新北市,06,三峽區,057
24.940806,121.361500,三峽,C0AC60,2017-08-05T02:00:00+08:00,55.0,191,1.6,26.5,0.94,998.0,-99,0.0,-99,-99,-99,新北市,06,三峽區,057
24.940806,121.361500,三峽,C0AC60,2017-08-05T03:00:00+08:00,55.0,188,1.3,26.3,0.94,998.1,-99,0.0,-99,-99,-99,新北市,06,三峽區,057
24.940806,121.361500,三峽,C0AC60,2017-08-05T04:00:00+08:00,55.0,0,0.2,26.3,0.91,998.1,-99,0.0,-99,-99,-99,新北市,06,三峽區,057
24.940806,121.361500,三峽,C0AC60,2017-08-05T05:00:00+08:00,55.0,196,0.3,26.1,0.93,998.3,-99,0.0,-99,-99,-99,新北市,06,三峽區,057
24.940806,121.361500,三峽,C0AC60,2017-08-05T06:00:00+08:00,55.0,202,1.2,26.0,0.91,999.3,-99,0.0,-99,-99,-99,新北市,06,三峽區,057
24.940806,121.361500,三峽,C0AC60,2017-08-05T07:00:00+08:00,55.0,159,1.2,27.0,0.87,999.6,-99,0.0,-99,-99,-99,新北市,06,三峽區,057
24.940806,121.361500,三峽,C0AC60,2017-08-05T08:00:00+08:00,55.0,283,1.4,29.4,0.79,999.9,-99,0.0,-99,-99,-99,新北市,06,三峽區,057
24.940806,121.361500,三峽,C0AC60,2017-08-05T09:00:00+08:00,55.0,242,2.3,30.3,0.75,1000.0,-99,0.0,-99,-99,-99,新北市,06,三峽區,057
24.940806,121.361500,三峽,C0AC60,2017-08-05T10:00:00+08:00,55.0,272,1.8,31.8,0.69,999.8,-99,0.0,7.1,317,2017-08-05T09:50:00+08:00,新北市,06,三峽區,057
24.940806,121.361500,三峽,C0AC60,2017-08-05T11:00:00+08:00,55.0,247,2.2,33.1,0.64,999.6,-99,0.0,-99,-99,-99,新北市,06,三峽區,057
24.940806,121.361500,三峽,C0AC60,2017-08-05T12:00:00+08:00,55.0,266,2.6,34.1,0.59,999.1,-99,0.0,7.7,240,2017-08-05T11:58:00+08:00,新北市,06,三峽區,057
24.940806,121.361500,三峽,C0AC60,2017-08-05T13:00:00+08:00,55.0,243,2.4,34.2,0.62,998.5,-99,0.0,7.7,272,2017-08-05T12:22:00+08:00,新北市,06,三峽區,057
24.940806,121.361500,三峽,C0AC60,2017-08-05T14:00:00+08:00,55.0,247,1.9,35.1,0.61,997.8,-99,0.0,-99,-99,-99,新北市,06,三峽區,057
24.940806,121.361500,三峽,C0AC60,2017-08-05T15:00:00+08:00,55.0,251,1.8,35.1,0.61,997.6,-99,0.0,7.1,256,2017-08-05T14:52:00+08:00,新北市,06,三峽區,057
24.940806,121.361500,三峽,C0AC60,2017-08-05T16:00:00+08:00,55.0,258,2.3,34.6,0.63,997.4,-99,0.0,-99,-99,-99,新北市,06,三峽區,057
24.940806,121.361500,三峽,C0AC60,2017-08-05T17:00:00+08:00,55.0,248,1.7,33.8,0.65,997.4,-99,0.0,6.6,226,2017-08-05T16:45:00+08:00,新北市,06,三峽區,057
24.940806,121.361500,三峽,C0AC60,2017-08-05T18:00:00+08:00,55.0,235,2.7,32.4,0.68,997.8,-99,0.0,-99,-99,-99,新北市,06,三峽區,057
24.940806,121.361500,三峽,C0AC60,2017-08-05T19:00:00+08:00,55.0,232,2.6,31.6,0.7,998.5,-99,0.0,-99,-99,-99,新北市,06,三峽區,057
24.940806,121.361500,三峽,C0AC60,2017-08-05T20:00:00+08:00,55.0,245,2.0,31.2,0.72,999.0,-99,0.0,-99,-99,-99,新北市,06,三峽區,057
24.940806,121.361500,三峽,C0AC60,2017-08-05T21:00:00+08:00,55.0,211,1.0,29.6,0.84,999.4,-99,0.0,-99,-99,-99,新北市,06,三峽區,057
24.940806,121.361500,三峽,C0AC60,2017-08-05T22:00:00+08:00,55.0,202,1.1,29.4,0.83,999.7,-99,0.0,-99,-99,-99,新北市,06,三峽區,057
24.940806,121.361500,三峽,C0AC60,2017-08-05T23:00:00+08:00,55.0,205,1.6,28.6,0.86,999.4,-99,0.0,-99,-99,-99,新北市,06,三峽區,057
24.940806,121.361500,三峽,C0AC60,2017-08-06T00:00:00+08:00,55.0,314,0.6,28.6,0.87,999.1,-99,0.0,-99,-99,-99,新北市,06,三峽區,057
24.940806,121.361500,三峽,C0AC60,2017-08-06T01:00:00+08:00,55.0,198,0.9,27.9,0.89,999.0,-99,0.0,-99,-99,-99,新北市,06,三峽區,057
24.940806,121.361500,三峽,C0AC60,2017-08-06T02:00:00+08:00,55.0,199,0.7,27.4,0.91,998.2,-99,0.0,-99,-99,-99,新北市,06,三峽區,057
24.940806,121.361500,三峽,C0AC60,2017-08-06T03:00:00+08:00,55.0,0,0.0,27.8,0.86,998.4,-99,0.0,-99,-99,-99,新北市,06,三峽區,057
24.940806,121.361500,三峽,C0AC60,2017-08-06T04:00:00+08:00,55.0,0,0.2,27.0,0.89,999.2,-99,0.0,-99,-99,-99,新北市,06,三峽區,057
24.940806,121.361500,三峽,C0AC60,2017-08-06T05:00:00+08:00,55.0,204,1.0,26.7,0.9,999.2,-99,0.0,-99,-99,-99,新北市,06,三峽區,057
24.940806,121.361500,三峽,C0AC60,2017-08-06T06:00:00+08:00,55.0,0,0.0,27.5,0.86,999.3,-99,0.0,-99,-99,-99,新北市,06,三峽區,057
24.940806,121.361500,三峽,C0AC60,2017-08-06T07:00:00+08:00,55.0,200,1.2,27.6,0.85,1000.0,-99,0.0,-99,-99,-99,新北市,06,三峽區,057
24.940806,121.361500,三峽,C0AC60,2017-08-06T08:00:00+08:00,55.0,252,2.9,29.7,0.75,1000.4,-99,0.0,-99,-99,-99,新北市,06,三峽區,057
24.940806,121.361500,三峽,C0AC60,2017-08-06T09:00:00+08:00,55.0,249,1.7,31.0,0.7,1000.3,-99,0.0,-99,-99,-99,新北市,06,三峽區,057
24.940806,121.361500,三峽,C0AC60,2017-08-06T10:00:00+08:00,55.0,274,1.8,32.5,0.65,1000.0,-99,0.0,7.1,237,2017-08-06T09:01:00+08:00,新北市,06,三峽區,057
24.940806,121.361500,三峽,C0AC60,2017-08-06T11:00:00+08:00,55.0,269,1.4,34.1,0.58,999.5,-99,0.0,-99,-99,-99,新北市,06,三峽區,057
24.940806,121.361500,三峽,C0AC60,2017-08-06T12:00:00+08:00,55.0,225,3.0,34.7,0.57,998.7,-99,0.0,8.8,180,2017-08-06T11:58:00+08:00,新北市,06,三峽區,057
24.940806,121.361500,三峽,C0AC60,2017-08-06T13:00:00+08:00,55.0,235,1.8,35.7,0.54,998.4,-99,0.0,-99,-99,-99,新北市,06,三峽區,057
24.940806,121.361500,三峽,C0AC60,2017-08-06T14:00:00+08:00,55.0,261,2.1,36.1,0.54,997.9,-99,0.0,-99,-99,-99,新北市,06,三峽區,057
24.940806,121.361500,三峽,C0AC60,2017-08-06T15:00:00+08:00,55.0,253,2.2,36.2,0.56,997.5,-99,0.0,6.6,344,2017-08-06T14:45:00+08:00,新北市,06,三峽區,057
24.940806,121.361500,三峽,C0AC60,2017-08-06T16:00:00+08:00,55.0,274,2.0,35.5,0.6,997.1,-99,0.0,7.1,298,2017-08-06T15:11:00+08:00,新北市,06,三峽區,057
24.940806,121.361500,三峽,C0AC60,2017-08-06T17:00:00+08:00,55.0,268,1.7,34.2,0.66,997.1,-99,0.0,-99,-99,-99,新北市,06,三峽區,057
24.940806,121.361500,三峽,C0AC60,2017-08-06T18:00:00+08:00,55.0,308,1.2,33.5,0.68,997.8,-99,0.0,-99,-99,-99,新北市,06,三峽區,057
24.940806,121.361500,三峽,C0AC60,2017-08-06T19:00:00+08:00,55.0,243,1.5,31.8,0.74,998.7,-99,0.0,-99,-99,-99,新北市,06,三峽區,057
24.940806,121.361500,三峽,C0AC60,2017-08-06T20:00:00+08:00,55.0,245,1.4,31.1,0.77,999.0,-99,0.0,-99,-99,-99,新北市,06,三峽區,057
24.940806,121.361500,三峽,C0AC60,2017-08-06T21:00:00+08:00,55.0,226,0.8,30.6,0.79,999.6,-99,0.0,-99,-99,-99,新北市,06,三峽區,057
24.940806,121.361500,三峽,C0AC60,2017-08-06T22:00:00+08:00,55.0,238,2.0,30.2,0.8,999.6,-99,0.0,-99,-99,-99,新北市,06,三峽區,057
24.940806,121.361500,三峽,C0AC60,2017-08-06T23:00:00+08:00,55.0,0,0.1,28.8,0.89,998.7,-99,0.0,-99,-99,-99,新北市,06,三峽區,057
24.940806,121.361500,三峽,C0AC60,2017-08-07T00:00:00+08:00,55.0,0,0.0,29.4,0.85,997.9,-99,0.0,-99,-99,-99,新北市,06,三峽區,057
24.940806,121.361500,三峽,C0AC60,2017-08-07T01:00:00+08:00,55.0,1,0.4,28.8,0.89,998.2,-99,0.0,-99,-99,-99,新北市,06,三峽區,057
24.940806,121.361500,三峽,C0AC60,2017-08-07T02:00:00+08:00,55.0,283,0.3,29.2,0.85,999.6,-99,0.0,-99,-99,-99,新北市,06,三峽區,057
24.940806,121.361500,三峽,C0AC60,2017-08-07T03:00:00+08:00,55.0,255,1.1,29.3,0.82,999.7,-99,0.0,-99,-99,-99,新北市,06,三峽區,057
24.940806,121.361500,三峽,C0AC60,2017-08-07T04:00:00+08:00,55.0,271,0.6,29.0,0.8,999.6,-99,0.0,-99,-99,-99,新北市,06,三峽區,057
24.940806,121.361500,三峽,C0AC60,2017-08-07T05:00:00+08:00,55.0,0,0.0,28.3,0.85,999.5,-99,0.0,-99,-99,-99,新北市,06,三峽區,057
24.940806,121.361500,三峽,C0AC60,2017-08-07T06:00:00+08:00,55.0,206,0.4,28.0,0.86,999.8,-99,0.0,-99,-99,-99,新北市,06,三峽區,057
24.940806,121.361500,三峽,C0AC60,2017-08-07T07:00:00+08:00,55.0,320,1.3,29.3,0.8,1000.1,-99,0.0,-99,-99,-99,新北市,06,三峽區,057
24.940806,121.361500,三峽,C0AC60,2017-08-07T08:00:00+08:00,55.0,241,1.5,31.0,0.65,1000.3,-99,0.0,-99,-99,-99,新北市,06,三峽區,057
24.940806,121.361500,三峽,C0AC60,2017-08-07T09:00:00+08:00,55.0,241,2.9,32.0,0.61,1000.6,-99,0.0,-99,-99,-99,新北市,06,三峽區,057
24.940806,121.361500,三峽,C0AC60,2017-08-07T10:00:00+08:00,55.0,255,0.6,33.6,0.58,1000.0,-99,0.0,7.1,327,2017-08-07T09:51:00+08:00,新北市,06,三峽區,057
24.940806,121.361500,三峽,C0AC60,2017-08-07T11:00:00+08:00,55.0,253,1.5,34.9,0.53,999.7,-99,0.0,-99,-99,-99,新北市,06,三峽區,057
24.940806,121.361500,三峽,C0AC60,2017-08-07T12:00:00+08:00,55.0,260,2.2,36.0,0.48,999.5,-99,0.0,-99,-99,-99,新北市,06,三峽區,057
24.940806,121.361500,三峽,C0AC60,2017-08-07T13:00:00+08:00,55.0,291,1.9,36.3,0.54,999.0,-99,0.0,7.1,344,2017-08-07T12:57:00+08:00,新北市,06,三峽區,057
24.940806,121.361500,三峽,C0AC60,2017-08-07T14:00:00+08:00,55.0,257,2.4,36.6,0.55,998.5,-99,0.0,-99,-99,-99,新北市,06,三峽區,057
24.940806,121.361500,三峽,C0AC60,2017-08-07T15:00:00+08:00,55.0,287,2.4,36.2,0.58,998.5,-99,0.0,-99,-99,-99,新北市,06,三峽區,057
24.940806,121.361500,三峽,C0AC60,2017-08-07T16:00:00+08:00,55.0,257,1.7,35.2,0.6,998.2,-99,0.0,7.7,238,2017-08-07T15:47:00+08:00,新北市,06,三峽區,057
24.940806,121.361500,三峽,C0AC60,2017-08-07T17:00:00+08:00,55.0,268,2.2,34.2,0.64,998.2,-99,0.0,-99,-99,-99,新北市,06,三峽區,057
24.940806,121.361500,三峽,C0AC60,2017-08-07T18:00:00+08:00,55.0,246,2.2,32.4,0.71,998.5,-99,0.0,-99,-99,-99,新北市,06,三峽區,057
24.940806,121.361500,三峽,C0AC60,2017-08-07T19:00:00+08:00,55.0,240,2.5,31.5,0.73,998.7,-99,0.0,-99,-99,-99,新北市,06,三峽區,057
24.940806,121.361500,三峽,C0AC60,2017-08-07T20:00:00+08:00,55.0,246,0.6,31.1,0.76,999.2,-99,0.0,-99,-99,-99,新北市,06,三峽區,057
24.940806,121.361500,三峽,C0AC60,2017-08-07T21:00:00+08:00,55.0,232,1.6,30.7,0.78,1000.1,-99,0.0,-99,-99,-99,新北市,06,三峽區,057
24.940806,121.361500,三峽,C0AC60,2017-08-07T22:00:00+08:00,55.0,239,1.6,30.3,0.79,1000.4,-99,0.0,-99,-99,-99,新北市,06,三峽區,057
24.940806,121.361500,三峽,C0AC60,2017-08-07T23:00:00+08:00,55.0,219,1.1,30.0,0.82,1000.7,-99,0.0,-99,-99,-99,新北市,06,三峽區,057
24.940806,121.361500,三峽,C0AC60,2017-08-08T00:00:00+08:00,55.0,239,1.0,29.7,0.83,1000.5,-99,0.0,-99,-99,-99,新北市,06,三峽區,057
24.940806,121.361500,三峽,C0AC60,2017-08-08T01:00:00+08:00,55.0,232,1.5,30.1,0.8,1000.3,-99,0.0,-99,-99,-99,新北市,06,三峽區,057
24.940806,121.361500,三峽,C0AC60,2017-08-08T02:00:00+08:00,55.0,252,1.4,29.5,0.78,999.9,-99,0.0,-99,-99,-99,新北市,06,三峽區,057
24.940806,121.361500,三峽,C0AC60,2017-08-08T03:00:00+08:00,55.0,0,0.0,28.9,0.84,999.9,-99,0.0,-99,-99,-99,新北市,06,三峽區,057
24.940806,121.361500,三峽,C0AC60,2017-08-08T04:00:00+08:00,55.0,176,0.3,28.3,0.89,999.6,-99,0.0,-99,-99,-99,新北市,06,三峽區,057
24.940806,121.361500,三峽,C0AC60,2017-08-08T05:00:00+08:00,55.0,0,0.0,27.8,0.91,1000.0,-99,0.0,-99,-99,-99,新北市,06,三峽區,057
24.940806,121.361500,三峽,C0AC60,2017-08-08T06:00:00+08:00,55.0,204,1.5,27.7,0.91,1000.4,-99,0.0,-99,-99,-99,新北市,06,三峽區,057
24.940806,121.361500,三峽,C0AC60,2017-08-08T07:00:00+08:00,55.0,310,0.3,29.3,0.81,1000.4,-99,0.0,-99,-99,-99,新北市,06,三峽區,057
24.940806,121.361500,三峽,C0AC60,2017-08-08T08:00:00+08:00,55.0,230,2.4,30.6,0.73,1000.7,-99,0.0,-99,-99,-99,新北市,06,三峽區,057
24.940806,121.361500,三峽,C0AC60,2017-08-08T09:00:00+08:00,55.0,271,1.1,31.6,0.67,1000.8,-99,0.0,-99,-99,-99,新北市,06,三峽區,057
24.940806,121.361500,三峽,C0AC60,2017-08-08T10:00:00+08:00,55.0,236,1.5,33.1,0.63,1000.8,-99,0.0,-99,-99,-99,新北市,06,三峽區,057
24.940806,121.361500,三峽,C0AC60,2017-08-08T11:00:00+08:00,55.0,220,3.5,33.8,0.59,1000.0,-99,0.0,-99,-99,-99,新北市,06,三峽區,057
24.940806,121.361500,三峽,C0AC60,2017-08-08T12:00:00+08:00,55.0,234,1.4,34.8,0.55,999.5,-99,0.0,-99,-99,-99,新北市,06,三峽區,057
24.940806,121.361500,三峽,C0AC60,2017-08-08T13:00:00+08:00,55.0,240,1.8,36.0,0.51,999.3,-99,0.0,-99,-99,-99,新北市,06,三峽區,057
24.940806,121.361500,三峽,C0AC60,2017-08-08T14:00:00+08:00,55.0,245,2.9,35.2,0.58,999.0,-99,0.0,8.2,248,2017-08-08T13:28:00+08:00,新北市,06,三峽區,057
24.940806,121.361500,三峽,C0AC60,2017-08-08T15:00:00+08:00,55.0,264,3.4,34.5,0.61,998.7,-99,0.0,8.8,239,2017-08-08T14:41:00+08:00,新北市,06,三峽區,057
24.940806,121.361500,三峽,C0AC60,2017-08-08T16:00:00+08:00,55.0,256,2.0,33.7,0.63,998.7,-99,0.0,10.4,230,2017-08-08T15:29:00+08:00,新北市,06,三峽區,057
24.940806,121.361500,三峽,C0AC60,2017-08-08T17:00:00+08:00,55.0,248,1.5,32.8,0.67,998.6,-99,0.0,-99,-99,-99,新北市,06,三峽區,057
24.940806,121.361500,三峽,C0AC60,2017-08-08T18:00:00+08:00,55.0,253,1.2,32.5,0.66,998.5,-99,0.0,-99,-99,-99,新北市,06,三峽區,057
24.940806,121.361500,三峽,C0AC60,2017-08-08T19:00:00+08:00,55.0,213,1.1,31.4,0.7,998.6,-99,0.0,-99,-99,-99,新北市,06,三峽區,057
24.940806,121.361500,三峽,C0AC60,2017-08-08T20:00:00+08:00,55.0,0,0.0,31.0,0.72,998.8,-99,0.0,-99,-99,-99,新北市,06,三峽區,057
24.940806,121.361500,三峽,C0AC60,2017-08-08T21:00:00+08:00,55.0,207,1.0,29.5,0.83,999.3,-99,0.0,-99,-99,-99,新北市,06,三峽區,057
24.940806,121.361500,三峽,C0AC60,2017-08-08T22:00:00+08:00,55.0,177,1.6,29.0,0.84,999.6,-99,0.0,-99,-99,-99,新北市,06,三峽區,057
24.940806,121.361500,三峽,C0AC60,2017-08-08T23:00:00+08:00,55.0,213,0.6,28.3,0.87,999.3,-99,0.0,-99,-99,-99,新北市,06,三峽區,057
24.940806,121.361500,三峽,C0AC60,2017-08-09T00:00:00+08:00,55.0,191,0.9,28.1,0.87,999.2,-99,0.0,-99,-99,-99,新北市,06,三峽區,057
24.940806,121.361500,三峽,C0AC60,2017-08-09T01:00:00+08:00,55.0,212,1.2,27.5,0.88,999.0,-99,0.0,-99,-99,-99,新北市,06,三峽區,057
24.940806,121.361500,三峽,C0AC60,2017-08-09T02:00:00+08:00,55.0,201,1.3,27.4,0.88,998.7,-99,0.0,-99,-99,-99,新北市,06,三峽區,057
24.940806,121.361500,三峽,C0AC60,2017-08-09T03:00:00+08:00,55.0,309,0.7,27.6,0.87,998.7,-99,0.0,-99,-99,-99,新北市,06,三峽區,057
24.940806,121.361500,三峽,C0AC60,2017-08-09T04:00:00+08:00,55.0,208,1.1,27.2,0.85,999.0,-99,0.0,-99,-99,-99,新北市,06,三峽區,057
24.940806,121.361500,三峽,C0AC60,2017-08-09T05:00:00+08:00,55.0,218,0.9,28.3,0.75,999.3,-99,0.0,-99,-99,-99,新北市,06,三峽區,057
24.940806,121.361500,三峽,C0AC60,2017-08-09T06:00:00+08:00,55.0,247,2.1,29.1,0.7,999.3,-99,0.0,-99,-99,-99,新北市,06,三峽區,057
24.940806,121.361500,三峽,C0AC60,2017-08-09T07:00:00+08:00,55.0,259,1.2,29.7,0.68,999.4,-99,0.0,-99,-99,-99,新北市,06,三峽區,057
24.940806,121.361500,三峽,C0AC60,2017-08-09T08:00:00+08:00,55.0,223,2.9,30.7,0.65,999.5,-99,0.0,-99,-99,-99,新北市,06,三峽區,057
24.940806,121.361500,三峽,C0AC60,2017-08-09T09:00:00+08:00,55.0,229,2.4,32.0,0.61,999.5,-99,0.0,-99,-99,-99,新北市,06,三峽區,057
24.940806,121.361500,三峽,C0AC60,2017-08-09T10:00:00+08:00,55.0,239,3.0,33.4,0.55,999.3,-99,0.0,7.7,276,2017-08-09T09:11:00+08:00,新北市,06,三峽區,057
24.940806,121.361500,三峽,C0AC60,2017-08-09T11:00:00+08:00,55.0,242,3.3,34.4,0.52,998.7,-99,0.0,-99,-99,-99,新北市,06,三峽區,057
24.940806,121.361500,三峽,C0AC60,2017-08-09T12:00:00+08:00,55.0,263,3.5,34.8,0.5,998.2,-99,0.0,11.0,217,2017-08-09T11:44:00+08:00,新北市,06,三峽區,057
24.940806,121.361500,三峽,C0AC60,2017-08-09T13:00:00+08:00,55.0,266,2.8,35.6,0.49,997.6,-99,0.0,10.4,299,2017-08-09T12:05:00+08:00,新北市,06,三峽區,057
24.940806,121.361500,三峽,C0AC60,2017-08-09T14:00:00+08:00,55.0,252,2.7,35.7,0.5,997.3,-99,0.0,9.9,241,2017-08-09T13:05:00+08:00,新北市,06,三峽區,057
24.940806,121.361500,三峽,C0AC60,2017-08-09T15:00:00+08:00,55.0,256,3.4,34.9,0.55,997.3,-99,0.0,9.9,315,2017-08-09T14:08:00+08:00,新北市,06,三峽區,057
24.940806,121.361500,三峽,C0AC60,2017-08-09T16:00:00+08:00,55.0,253,3.2,34.5,0.58,996.9,-99,0.0,9.9,231,2017-08-09T15:07:00+08:00,新北市,06,三峽區,057
24.940806,121.361500,三峽,C0AC60,2017-08-09T17:00:00+08:00,55.0,256,1.7,34.1,0.6,997.0,-99,0.0,8.8,315,2017-08-09T16:11:00+08:00,新北市,06,三峽區,057
24.940806,121.361500,三峽,C0AC60,2017-08-09T18:00:00+08:00,55.0,250,2.2,32.8,0.64,997.4,-99,0.0,-99,-99,-99,新北市,06,三峽區,057
24.940806,121.361500,三峽,C0AC60,2017-08-09T19:00:00+08:00,55.0,254,1.7,31.7,0.68,998.3,-99,0.0,-99,-99,-99,新北市,06,三峽區,057
24.940806,121.361500,三峽,C0AC60,2017-08-09T20:00:00+08:00,55.0,243,2.4,31.1,0.7,998.8,-99,0.0,-99,-99,-99,新北市,06,三峽區,057
24.940806,121.361500,三峽,C0AC60,2017-08-09T21:00:00+08:00,55.0,227,0.3,30.8,0.71,999.2,-99,0.0,-99,-99,-99,新北市,06,三峽區,057
24.940806,121.361500,三峽,C0AC60,2017-08-09T22:00:00+08:00,55.0,200,1.8,29.0,0.82,999.5,-99,0.0,-99,-99,-99,新北市,06,三峽區,057
24.940806,121.361500,三峽,C0AC60,2017-08-09T23:00:00+08:00,55.0,209,1.6,28.3,0.85,999.5,-99,0.0,-99,-99,-99,新北市,06,三峽區,057
24.940806,121.361500,三峽,C0AC60,2017-08-10T00:00:00+08:00,55.0,210,1.3,28.1,0.85,999.1,-99,0.0,-99,-99,-99,新北市,06,三峽區,057
24.940806,121.361500,三峽,C0AC60,2017-08-10T01:00:00+08:00,55.0,188,1.1,28.1,0.84,998.9,-99,0.0,-99,-99,-99,新北市,06,三峽區,057
24.940806,121.361500,三峽,C0AC60,2017-08-10T02:00:00+08:00,55.0,211,0.5,28.7,0.79,998.2,-99,0.0,-99,-99,-99,新北市,06,三峽區,057
24.940806,121.361500,三峽,C0AC60,2017-08-10T03:00:00+08:00,55.0,0,0.0,28.0,0.82,997.8,-99,0.0,-99,-99,-99,新北市,06,三峽區,057
24.940806,121.361500,三峽,C0AC60,2017-08-10T04:00:00+08:00,55.0,200,0.6,27.4,0.84,998.3,-99,0.0,-99,-99,-99,新北市,06,三峽區,057
24.940806,121.361500,三峽,C0AC60,2017-08-10T05:00:00+08:00,55.0,212,0.9,26.7,0.86,998.7,-99,0.0,-99,-99,-99,新北市,06,三峽區,057
24.940806,121.361500,三峽,C0AC60,2017-08-10T06:00:00+08:00,55.0,194,0.6,26.7,0.84,999.1,-99,0.0,-99,-99,-99,新北市,06,三峽區,057
24.940806,121.361500,三峽,C0AC60,2017-08-10T07:00:00+08:00,55.0,204,2.0,27.2,0.81,999.7,-99,0.0,-99,-99,-99,新北市,06,三峽區,057
24.940806,121.361500,三峽,C0AC60,2017-08-10T08:00:00+08:00,55.0,258,1.4,30.2,0.69,999.6,-99,0.0,-99,-99,-99,新北市,06,三峽區,057
24.940806,121.361500,三峽,C0AC60,2017-08-10T09:00:00+08:00,55.0,214,2.1,31.6,0.65,999.9,-99,0.0,-99,-99,-99,新北市,06,三峽區,057
24.940806,121.361500,三峽,C0AC60,2017-08-10T10:00:00+08:00,55.0,250,3.5,32.4,0.65,1000.5,-99,0.0,9.3,231,2017-08-10T09:59:00+08:00,新北市,06,三峽區,057
24.940806,121.361500,三峽,C0AC60,2017-08-10T11:00:00+08:00,55.0,256,3.6,32.7,0.61,999.9,-99,0.0,13.2,224,2017-08-10T10:30:00+08:00,新北市,06,三峽區,057
24.940806,121.361500,三峽,C0AC60,2017-08-10T12:00:00+08:00,55.0,224,2.8,33.7,0.57,999.1,-99,0.0,9.3,277,2017-08-10T11:04:00+08:00,新北市,06,三峽區,057
24.940806,121.361500,三峽,C0AC60,2017-08-10T13:00:00+08:00,55.0,239,2.4,34.0,0.55,998.5,-99,0.0,10.4,214,2017-08-10T12:02:00+08:00,新北市,06,三峽區,057
24.940806,121.361500,三峽,C0AC60,2017-08-10T14:00:00+08:00,55.0,257,2.8,34.8,0.51,998.0,-99,0.0,8.2,212,2017-08-10T13:51:00+08:00,新北市,06,三峽區,057
24.940806,121.361500,三峽,C0AC60,2017-08-10T15:00:00+08:00,55.0,262,2.8,33.9,0.54,997.9,-99,0.0,10.4,242,2017-08-10T14:40:00+08:00,新北市,06,三峽區,057
24.940806,121.361500,三峽,C0AC60,2017-08-10T16:00:00+08:00,55.0,246,3.1,34.8,0.51,997.9,-99,0.0,8.8,223,2017-08-10T15:23:00+08:00,新北市,06,三峽區,057
24.940806,121.361500,三峽,C0AC60,2017-08-10T17:00:00+08:00,55.0,243,3.1,34.0,0.53,998.6,-99,0.0,8.2,226,2017-08-10T16:11:00+08:00,新北市,06,三峽區,057
24.940806,121.361500,三峽,C0AC60,2017-08-10T18:00:00+08:00,55.0,254,2.4,33.1,0.6,999.3,-99,0.0,8.2,215,2017-08-10T17:20:00+08:00,新北市,06,三峽區,057
24.940806,121.361500,三峽,C0AC60,2017-08-10T19:00:00+08:00,55.0,242,2.3,31.9,0.66,999.5,-99,0.0,-99,-99,-99,新北市,06,三峽區,057
24.940806,121.361500,三峽,C0AC60,2017-08-10T20:00:00+08:00,55.0,209,1.4,31.2,0.68,999.7,-99,0.0,-99,-99,-99,新北市,06,三峽區,057
24.940806,121.361500,三峽,C0AC60,2017-08-10T21:00:00+08:00,55.0,181,0.6,29.9,0.75,1000.0,-99,0.0,-99,-99,-99,新北市,06,三峽區,057
24.940806,121.361500,三峽,C0AC60,2017-08-10T22:00:00+08:00,55.0,205,0.6,29.4,0.77,1000.3,-99,0.0,-99,-99,-99,新北市,06,三峽區,057
24.940806,121.361500,三峽,C0AC60,2017-08-10T23:00:00+08:00,55.0,206,0.6,28.4,0.82,1000.4,-99,0.0,-99,-99,-99,新北市,06,三峽區,057
24.940806,121.361500,三峽,C0AC60,2017-08-11T00:00:00+08:00,55.0,202,1.7,27.6,0.87,1000.6,-99,0.0,-99,-99,-99,新北市,06,三峽區,057
24.940806,121.361500,三峽,C0AC60,2017-08-11T01:00:00+08:00,55.0,207,0.4,28.1,0.84,1000.7,-99,0.0,-99,-99,-99,新北市,06,三峽區,057
24.940806,121.361500,三峽,C0AC60,2017-08-11T02:00:00+08:00,55.0,301,0.9,28.2,0.83,1000.6,-99,0.0,-99,-99,-99,新北市,06,三峽區,057
24.940806,121.361500,三峽,C0AC60,2017-08-11T03:00:00+08:00,55.0,0,0.2,27.2,0.87,1000.7,-99,0.0,-99,-99,-99,新北市,06,三峽區,057
24.940806,121.361500,三峽,C0AC60,2017-08-11T04:00:00+08:00,55.0,213,1.1,27.0,0.87,1000.9,-99,0.0,-99,-99,-99,新北市,06,三峽區,057
24.940806,121.361500,三峽,C0AC60,2017-08-11T05:00:00+08:00,55.0,203,1.8,26.4,0.89,1001.4,-99,0.0,-99,-99,-99,新北市,06,三峽區,057
24.940806,121.361500,三峽,C0AC60,2017-08-11T06:00:00+08:00,55.0,225,0.3,26.6,0.87,1001.3,-99,0.0,-99,-99,-99,新北市,06,三峽區,057
24.940806,121.361500,三峽,C0AC60,2017-08-11T07:00:00+08:00,55.0,308,0.5,28.1,0.81,1001.8,-99,0.0,-99,-99,-99,新北市,06,三峽區,057
24.940806,121.361500,三峽,C0AC60,2017-08-11T08:00:00+08:00,55.0,201,1.5,29.1,0.77,1002.4,-99,0.0,-99,-99,-99,新北市,06,三峽區,057
24.940806,121.361500,三峽,C0AC60,2017-08-11T09:00:00+08:00,55.0,211,2.4,31.3,0.65,1002.7,-99,0.0,-99,-99,-99,新北市,06,三峽區,057
24.940806,121.361500,三峽,C0AC60,2017-08-11T10:00:00+08:00,55.0,225,2.5,31.8,0.64,1002.5,-99,0.0,-99,-99,-99,新北市,06,三峽區,057
24.940806,121.361500,三峽,C0AC60,2017-08-11T11:00:00+08:00,55.0,229,2.4,33.1,0.62,1001.8,-99,0.0,-99,-99,-99,新北市,06,三峽區,057
24.940806,121.361500,三峽,C0AC60,2017-08-11T12:00:00+08:00,55.0,283,2.2,35.0,0.52,1001.4,-99,0.0,-99,-99,-99,新北市,06,三峽區,057
24.940806,121.361500,三峽,C0AC60,2017-08-11T13:00:00+08:00,55.0,266,1.3,35.4,0.57,1001.0,-99,0.0,-99,-99,-99,新北市,06,三峽區,057
24.940806,121.361500,三峽,C0AC60,2017-08-11T14:00:00+08:00,55.0,306,2.0,34.7,0.61,1000.7,-99,0.0,7.1,322,2017-08-11T13:43:00+08:00,新北市,06,三峽區,057
24.940806,121.361500,三峽,C0AC60,2017-08-11T15:00:00+08:00,55.0,282,2.3,34.4,0.64,1000.5,-99,0.0,7.7,247,2017-08-11T14:42:00+08:00,新北市,06,三峽區,057
24.940806,121.361500,三峽,C0AC60,2017-08-11T16:00:00+08:00,55.0,237,2.2,33.2,0.68,1000.3,-99,0.0,-99,-99,-99,新北市,06,三峽區,057
24.940806,121.361500,三峽,C0AC60,2017-08-11T17:00:00+08:00,55.0,255,1.3,33.6,0.66,1000.0,-99,0.0,-99,-99,-99,新北市,06,三峽區,057
24.940806,121.361500,三峽,C0AC60,2017-08-11T18:00:00+08:00,55.0,243,1.6,32.5,0.7,1000.5,-99,0.0,-99,-99,-99,新北市,06,三峽區,057
24.940806,121.361500,三峽,C0AC60,2017-08-11T19:00:00+08:00,55.0,216,1.1,31.9,0.73,1001.0,-99,0.0,-99,-99,-99,新北市,06,三峽區,057
24.940806,121.361500,三峽,C0AC60,2017-08-11T20:00:00+08:00,55.0,0,0.1,31.7,0.74,1001.5,-99,0.0,-99,-99,-99,新北市,06,三峽區,057
24.940806,121.361500,三峽,C0AC60,2017-08-11T21:00:00+08:00,55.0,0,0.2,30.9,0.79,1002.3,-99,0.0,-99,-99,-99,新北市,06,三峽區,057
24.940806,121.361500,三峽,C0AC60,2017-08-11T22:00:00+08:00,55.0,0,0.0,30.1,0.84,1002.7,-99,0.0,-99,-99,-99,新北市,06,三峽區,057
24.940806,121.361500,三峽,C0AC60,2017-08-11T23:00:00+08:00,55.0,213,1.3,29.1,0.88,1002.7,-99,0.0,-99,-99,-99,新北市,06,三峽區,057
24.940806,121.361500,三峽,C0AC60,2017-08-12T00:00:00+08:00,55.0,206,0.7,28.9,0.87,1002.8,-99,0.0,-99,-99,-99,新北市,06,三峽區,057
24.940806,121.361500,三峽,C0AC60,2017-08-12T01:00:00+08:00,55.0,207,0.4,28.5,0.89,1002.6,-99,0.0,-99,-99,-99,新北市,06,三峽區,057
24.940806,121.361500,三峽,C0AC60,2017-08-12T02:00:00+08:00,55.0,210,0.7,28.7,0.87,1002.4,-99,0.0,-99,-99,-99,新北市,06,三峽區,057
24.940806,121.361500,三峽,C0AC60,2017-08-12T03:00:00+08:00,55.0,168,0.9,28.6,0.86,1002.2,-99,0.0,-99,-99,-99,新北市,06,三峽區,057
24.940806,121.361500,三峽,C0AC60,2017-08-12T04:00:00+08:00,55.0,203,0.3,27.9,0.91,1002.4,-99,0.0,-99,-99,-99,新北市,06,三峽區,057
24.940806,121.361500,三峽,C0AC60,2017-08-12T05:00:00+08:00,55.0,209,0.6,27.8,0.91,1002.9,-99,0.0,-99,-99,-99,新北市,06,三峽區,057
24.940806,121.361500,三峽,C0AC60,2017-08-12T06:00:00+08:00,55.0,210,1.3,28.1,0.87,1003.2,-99,0.0,-99,-99,-99,新北市,06,三峽區,057
24.940806,121.361500,三峽,C0AC60,2017-08-12T07:00:00+08:00,55.0,238,0.8,29.3,0.81,1003.6,-99,0.0,-99,-99,-99,新北市,06,三峽區,057
24.940806,121.361500,三峽,C0AC60,2017-08-12T08:00:00+08:00,55.0,243,0.5,30.1,0.77,1003.9,-99,0.0,-99,-99,-99,新北市,06,三峽區,057
24.940806,121.361500,三峽,C0AC60,2017-08-12T09:00:00+08:00,55.0,305,1.2,31.1,0.71,1003.8,-99,0.0,-99,-99,-99,新北市,06,三峽區,057
24.940806,121.361500,三峽,C0AC60,2017-08-12T10:00:00+08:00,55.0,271,1.6,32.5,0.66,1003.6,-99,0.0,-99,-99,-99,新北市,06,三峽區,057
24.940806,121.361500,三峽,C0AC60,2017-08-12T11:00:00+08:00,55.0,264,1.0,33.6,0.61,1003.2,-99,0.0,-99,-99,-99,新北市,06,三峽區,057
24.940806,121.361500,三峽,C0AC60,2017-08-12T12:00:00+08:00,55.0,277,1.7,34.6,0.57,1002.7,-99,0.0,-99,-99,-99,新北市,06,三峽區,057
24.940806,121.361500,三峽,C0AC60,2017-08-12T13:00:00+08:00,55.0,274,1.5,35.9,0.53,1002.2,-99,0.0,-99,-99,-99,新北市,06,三峽區,057
24.940806,121.361500,三峽,C0AC60,2017-08-12T14:00:00+08:00,55.0,252,1.9,36.3,0.53,1001.7,-99,0.0,-99,-99,-99,新北市,06,三峽區,057
24.940806,121.361500,三峽,C0AC60,2017-08-12T15:00:00+08:00,55.0,252,1.4,36.0,0.57,1001.5,-99,0.0,7.7,228,2017-08-12T14:26:00+08:00,新北市,06,三峽區,057
24.940806,121.361500,三峽,C0AC60,2017-08-12T16:00:00+08:00,55.0,308,1.8,34.3,0.62,1001.5,-99,0.0,8.2,244,2017-08-12T15:19:00+08:00,新北市,06,三峽區,057
24.940806,121.361500,三峽,C0AC60,2017-08-12T17:00:00+08:00,55.0,245,2.7,32.9,0.67,1001.6,-99,0.0,-99,-99,-99,新北市,06,三峽區,057
24.940806,121.361500,三峽,C0AC60,2017-08-12T18:00:00+08:00,55.0,244,1.6,32.3,0.69,1001.9,-99,0.0,-99,-99,-99,新北市,06,三峽區,057
24.940806,121.361500,三峽,C0AC60,2017-08-12T19:00:00+08:00,55.0,242,1.2,31.3,0.71,1002.3,-99,0.0,-99,-99,-99,新北市,06,三峽區,057
24.940806,121.361500,三峽,C0AC60,2017-08-12T20:00:00+08:00,55.0,195,0.6,30.9,0.75,1002.5,-99,0.0,-99,-99,-99,新北市,06,三峽區,057
24.940806,121.361500,三峽,C0AC60,2017-08-12T21:00:00+08:00,55.0,208,0.7,30.1,0.79,1003.3,-99,0.0,-99,-99,-99,新北市,06,三峽區,057
24.940806,121.361500,三峽,C0AC60,2017-08-12T22:00:00+08:00,55.0,212,0.6,28.9,0.86,1003.5,-99,0.0,-99,-99,-99,新北市,06,三峽區,057
24.940806,121.361500,三峽,C0AC60,2017-08-12T23:00:00+08:00,55.0,0,0.2,28.8,0.87,1003.5,-99,0.0,-99,-99,-99,新北市,06,三峽區,057
24.940806,121.361500,三峽,C0AC60,2017-08-13T01:00:00+08:00,55.0,213,1.0,28.0,0.89,1003.2,-99,0.0,-99,-99,-99,新北市,06,三峽區,057
24.940806,121.361500,三峽,C0AC60,2017-08-13T02:00:00+08:00,55.0,207,0.9,27.7,0.9,1002.9,-99,0.0,-99,-99,-99,新北市,06,三峽區,057
24.940806,121.361500,三峽,C0AC60,2017-08-13T03:00:00+08:00,55.0,197,0.4,27.3,0.9,1002.6,-99,0.0,-99,-99,-99,新北市,06,三峽區,057
24.940806,121.361500,三峽,C0AC60,2017-08-13T04:00:00+08:00,55.0,214,1.6,27.1,0.9,1002.5,-99,0.0,-99,-99,-99,新北市,06,三峽區,057
24.940806,121.361500,三峽,C0AC60,2017-08-13T05:00:00+08:00,55.0,206,0.8,26.9,0.91,1002.5,-99,0.0,-99,-99,-99,新北市,06,三峽區,057
24.940806,121.361500,三峽,C0AC60,2017-08-13T06:00:00+08:00,55.0,213,1.2,26.4,0.9,1003.0,-99,0.0,-99,-99,-99,新北市,06,三峽區,057
24.940806,121.361500,三峽,C0AC60,2017-08-13T07:00:00+08:00,55.0,207,1.6,27.1,0.85,1003.7,-99,0.0,-99,-99,-99,新北市,06,三峽區,057
24.940806,121.361500,三峽,C0AC60,2017-08-13T08:00:00+08:00,55.0,202,1.3,29.0,0.77,1003.6,-99,0.0,-99,-99,-99,新北市,06,三峽區,057
24.940806,121.361500,三峽,C0AC60,2017-08-13T09:00:00+08:00,55.0,318,1.7,30.6,0.73,1003.3,-99,0.0,-99,-99,-99,新北市,06,三峽區,057
24.940806,121.361500,三峽,C0AC60,2017-08-13T10:00:00+08:00,55.0,318,1.5,31.9,0.66,1003.0,-99,0.0,-99,-99,-99,新北市,06,三峽區,057
24.940806,121.361500,三峽,C0AC60,2017-08-13T11:00:00+08:00,55.0,268,1.5,33.1,0.6,1002.8,-99,0.0,-99,-99,-99,新北市,06,三峽區,057
24.940806,121.361500,三峽,C0AC60,2017-08-13T12:00:00+08:00,55.0,285,1.7,34.4,0.56,1002.5,-99,0.0,-99,-99,-99,新北市,06,三峽區,057
24.940806,121.361500,三峽,C0AC60,2017-08-13T13:00:00+08:00,55.0,324,0.6,35.6,0.53,1001.8,-99,0.0,-99,-99,-99,新北市,06,三峽區,057
24.940806,121.361500,三峽,C0AC60,2017-08-13T14:00:00+08:00,55.0,278,2.5,35.5,0.59,1001.4,-99,0.0,-99,-99,-99,新北市,06,三峽區,057
24.940806,121.361500,三峽,C0AC60,2017-08-13T15:00:00+08:00,55.0,267,1.5,34.7,0.62,1001.3,-99,0.0,-99,-99,-99,新北市,06,三峽區,057
24.940806,121.361500,三峽,C0AC60,2017-08-13T16:00:00+08:00,55.0,245,2.9,33.7,0.66,1001.6,-99,0.0,-99,-99,-99,新北市,06,三峽區,057
24.940806,121.361500,三峽,C0AC60,2017-08-13T17:00:00+08:00,55.0,279,1.6,32.7,0.71,1001.7,-99,0.0,-99,-99,-99,新北市,06,三峽區,057
24.940806,121.361500,三峽,C0AC60,2017-08-13T18:00:00+08:00,55.0,242,2.6,31.6,0.75,1001.9,-99,0.0,-99,-99,-99,新北市,06,三峽區,057
24.940806,121.361500,三峽,C0AC60,2017-08-13T19:00:00+08:00,55.0,317,0.8,31.1,0.77,1002.2,-99,0.0,-99,-99,-99,新北市,06,三峽區,057
24.940806,121.361500,三峽,C0AC60,2017-08-13T20:00:00+08:00,55.0,245,1.2,30.5,0.78,1002.5,-99,0.0,-99,-99,-99,新北市,06,三峽區,057
24.940806,121.361500,三峽,C0AC60,2017-08-13T21:00:00+08:00,55.0,246,1.4,29.9,0.8,1003.1,-99,0.0,-99,-99,-99,新北市,06,三峽區,057
24.940806,121.361500,三峽,C0AC60,2017-08-13T22:00:00+08:00,55.0,231,1.4,29.5,0.83,1003.4,-99,0.0,-99,-99,-99,新北市,06,三峽區,057
24.940806,121.361500,三峽,C0AC60,2017-08-13T23:00:00+08:00,55.0,234,0.5,29.5,0.83,1003.4,-99,0.0,-99,-99,-99,新北市,06,三峽區,057
24.940806,121.361500,三峽,C0AC60,2017-08-14T00:00:00+08:00,55.0,196,1.0,28.8,0.86,1003.1,-99,0.0,-99,-99,-99,新北市,06,三峽區,057
24.940806,121.361500,三峽,C0AC60,2017-08-14T01:00:00+08:00,55.0,0,0.1,28.4,0.88,1002.8,-99,0.0,-99,-99,-99,新北市,06,三峽區,057
24.940806,121.361500,三峽,C0AC60,2017-08-14T02:00:00+08:00,55.0,210,1.2,27.9,0.9,1002.7,-99,0.0,-99,-99,-99,新北市,06,三峽區,057
24.940806,121.361500,三峽,C0AC60,2017-08-14T03:00:00+08:00,55.0,225,1.0,27.1,0.93,1002.3,-99,0.0,-99,-99,-99,新北市,06,三峽區,057
24.940806,121.361500,三峽,C0AC60,2017-08-14T04:00:00+08:00,55.0,213,0.6,27.2,0.91,1002.2,-99,0.0,-99,-99,-99,新北市,06,三峽區,057
24.940806,121.361500,三峽,C0AC60,2017-08-14T05:00:00+08:00,55.0,188,1.0,26.7,0.9,1002.3,-99,0.0,-99,-99,-99,新北市,06,三峽區,057
24.940806,121.361500,三峽,C0AC60,2017-08-14T06:00:00+08:00,55.0,0,0.2,26.7,0.91,1002.7,-99,0.0,-99,-99,-99,新北市,06,三峽區,057
24.940806,121.361500,三峽,C0AC60,2017-08-14T07:00:00+08:00,55.0,0,0.1,27.9,0.82,1003.0,-99,0.0,-99,-99,-99,新北市,06,三峽區,057
24.940806,121.361500,三峽,C0AC60,2017-08-14T08:00:00+08:00,55.0,0,0.0,29.7,0.77,1003.1,-99,0.0,-99,-99,-99,新北市,06,三峽區,057
24.940806,121.361500,三峽,C0AC60,2017-08-14T09:00:00+08:00,55.0,252,2.1,30.7,0.67,1003.5,-99,0.0,-99,-99,-99,新北市,06,三峽區,057
24.940806,121.361500,三峽,C0AC60,2017-08-14T10:00:00+08:00,55.0,317,1.5,32.1,0.61,1003.4,-99,0.0,-99,-99,-99,新北市,06,三峽區,057
24.940806,121.361500,三峽,C0AC60,2017-08-14T11:00:00+08:00,55.0,261,2.1,33.1,0.56,1002.7,-99,0.0,-99,-99,-99,新北市,06,三峽區,057
24.940806,121.361500,三峽,C0AC60,2017-08-14T12:00:00+08:00,55.0,228,2.6,34.0,0.56,1002.3,-99,0.0,-99,-99,-99,新北市,06,三峽區,057
24.940806,121.361500,三峽,C0AC60,2017-08-14T13:00:00+08:00,55.0,247,2.6,35.0,0.55,1001.7,-99,0.0,-99,-99,-99,新北市,06,三峽區,057
24.940806,121.361500,三峽,C0AC60,2017-08-14T14:00:00+08:00,55.0,261,2.1,34.7,0.6,1001.3,-99,0.0,-99,-99,-99,新北市,06,三峽區,057
24.940806,121.361500,三峽,C0AC60,2017-08-14T15:00:00+08:00,55.0,255,1.6,34.8,0.61,1000.8,-99,0.0,7.7,326,2017-08-14T14:32:00+08:00,新北市,06,三峽區,057
24.940806,121.361500,三峽,C0AC60,2017-08-14T16:00:00+08:00,55.0,295,1.9,33.8,0.63,1000.8,-99,0.0,7.1,274,2017-08-14T15:02:00+08:00,新北市,06,三峽區,057
24.940806,121.361500,三峽,C0AC60,2017-08-14T17:00:00+08:00,55.0,259,1.7,32.9,0.66,1000.9,-99,0.0,-99,-99,-99,新北市,06,三峽區,057
24.940806,121.361500,三峽,C0AC60,2017-08-14T18:00:00+08:00,55.0,224,2.5,31.9,0.69,1001.1,-99,0.0,-99,-99,-99,新北市,06,三峽區,057
24.940806,121.361500,三峽,C0AC60,2017-08-14T19:00:00+08:00,55.0,248,1.9,30.9,0.72,1001.2,-99,0.0,-99,-99,-99,新北市,06,三峽區,057
24.940806,121.361500,三峽,C0AC60,2017-08-14T20:00:00+08:00,55.0,235,1.8,30.3,0.75,1001.7,-99,0.0,-99,-99,-99,新北市,06,三峽區,057
24.940806,121.361500,三峽,C0AC60,2017-08-14T21:00:00+08:00,55.0,239,0.9,30.1,0.74,1002.6,-99,0.0,-99,-99,-99,新北市,06,三峽區,057
24.940806,121.361500,三峽,C0AC60,2017-08-14T22:00:00+08:00,55.0,238,1.9,29.9,0.74,1003.2,-99,0.0,-99,-99,-99,新北市,06,三峽區,057
24.940806,121.361500,三峽,C0AC60,2017-08-14T23:00:00+08:00,55.0,225,0.5,29.2,0.78,1003.1,-99,0.0,-99,-99,-99,新北市,06,三峽區,057
24.940806,121.361500,三峽,C0AC60,2017-08-15T00:00:00+08:00,55.0,0,0.2,29.0,0.8,1002.6,-99,0.0,-99,-99,-99,新北市,06,三峽區,057
24.940806,121.361500,三峽,C0AC60,2017-08-15T01:00:00+08:00,55.0,205,0.7,28.0,0.88,1002.2,-99,0.0,-99,-99,-99,新北市,06,三峽區,057
24.940806,121.361500,三峽,C0AC60,2017-08-15T02:00:00+08:00,55.0,170,1.2,27.5,0.9,1001.7,-99,0.0,-99,-99,-99,新北市,06,三峽區,057
24.940806,121.361500,三峽,C0AC60,2017-08-15T03:00:00+08:00,55.0,192,0.8,27.1,0.9,1001.3,-99,0.0,-99,-99,-99,新北市,06,三峽區,057
24.940806,121.361500,三峽,C0AC60,2017-08-15T04:00:00+08:00,55.0,157,1.0,27.0,0.89,1001.4,-99,0.0,-99,-99,-99,新北市,06,三峽區,057
24.940806,121.361500,三峽,C0AC60,2017-08-15T05:00:00+08:00,55.0,216,0.9,26.6,0.87,1001.5,-99,0.0,-99,-99,-99,新北市,06,三峽區,057
24.940806,121.361500,三峽,C0AC60,2017-08-15T06:00:00+08:00,55.0,206,1.2,25.9,0.87,1002.3,-99,0.0,-99,-99,-99,新北市,06,三峽區,057
24.940806,121.361500,三峽,C0AC60,2017-08-15T07:00:00+08:00,55.0,0,0.1,27.2,0.82,1002.8,-99,0.0,-99,-99,-99,新北市,06,三峽區,057
24.940806,121.361500,三峽,C0AC60,2017-08-15T08:00:00+08:00,55.0,195,0.5,29.3,0.71,1003.2,-99,0.0,-99,-99,-99,新北市,06,三峽區,057
24.940806,121.361500,三峽,C0AC60,2017-08-15T09:00:00+08:00,55.0,261,1.5,31.4,0.61,1003.3,-99,0.0,-99,-99,-99,新北市,06,三峽區,057
24.940806,121.361500,三峽,C0AC60,2017-08-15T10:00:00+08:00,55.0,303,1.1,32.2,0.57,1003.1,-99,0.0,-99,-99,-99,新北市,06,三峽區,057
24.940806,121.361500,三峽,C0AC60,2017-08-15T11:00:00+08:00,55.0,265,2.3,33.4,0.57,1002.8,-99,0.0,-99,-99,-99,新北市,06,三峽區,057
24.940806,121.361500,三峽,C0AC60,2017-08-15T12:00:00+08:00,55.0,243,2.4,34.1,0.57,1002.1,-99,0.0,-99,-99,-99,新北市,06,三峽區,057
24.940806,121.361500,三峽,C0AC60,2017-08-15T13:00:00+08:00,55.0,241,3.1,34.4,0.58,1001.6,-99,0.0,-99,-99,-99,新北市,06,三峽區,057
24.940806,121.361500,三峽,C0AC60,2017-08-15T14:00:00+08:00,55.0,254,2.9,33.9,0.61,1001.3,-99,0.0,7.7,232,2017-08-15T13:40:00+08:00,新北市,06,三峽區,057
24.940806,121.361500,三峽,C0AC60,2017-08-15T15:00:00+08:00,55.0,273,1.5,33.6,0.63,1000.8,-99,0.0,7.1,223,2017-08-15T14:24:00+08:00,新北市,06,三峽區,057
24.940806,121.361500,三峽,C0AC60,2017-08-15T16:00:00+08:00,55.0,240,2.2,32.8,0.64,1000.6,-99,0.0,-99,-99,-99,新北市,06,三峽區,057
24.940806,121.361500,三峽,C0AC60,2017-08-15T17:00:00+08:00,55.0,252,2.2,33.0,0.63,1000.4,-99,0.0,-99,-99,-99,新北市,06,三峽區,057
24.940806,121.361500,三峽,C0AC60,2017-08-15T18:00:00+08:00,55.0,248,1.9,32.5,0.62,1000.5,-99,0.0,-99,-99,-99,新北市,06,三峽區,057
24.940806,121.361500,三峽,C0AC60,2017-08-15T19:00:00+08:00,55.0,238,1.7,31.3,0.66,1000.8,-99,0.0,-99,-99,-99,新北市,06,三峽區,057
24.940806,121.361500,三峽,C0AC60,2017-08-15T20:00:00+08:00,55.0,235,1.0,30.7,0.68,1001.2,-99,0.0,-99,-99,-99,新北市,06,三峽區,057
24.940806,121.361500,三峽,C0AC60,2017-08-15T21:00:00+08:00,55.0,201,0.4,29.9,0.74,1001.8,-99,0.0,-99,-99,-99,新北市,06,三峽區,057
24.940806,121.361500,三峽,C0AC60,2017-08-15T22:00:00+08:00,55.0,202,1.7,29.3,0.77,1002.6,-99,0.0,-99,-99,-99,新北市,06,三峽區,057
24.940806,121.361500,三峽,C0AC60,2017-08-15T23:00:00+08:00,55.0,205,0.9,29.0,0.81,1002.6,-99,0.0,-99,-99,-99,新北市,06,三峽區,057
24.940806,121.361500,三峽,C0AC60,2017-08-16T00:00:00+08:00,55.0,208,0.9,28.8,0.82,1002.4,-99,0.0,-99,-99,-99,新北市,06,三峽區,057
24.940806,121.361500,三峽,C0AC60,2017-08-16T01:00:00+08:00,55.0,208,0.8,28.5,0.83,1002.0,-99,0.0,-99,-99,-99,新北市,06,三峽區,057
24.940806,121.361500,三峽,C0AC60,2017-08-16T02:00:00+08:00,55.0,0,0.0,27.4,0.87,1002.1,-99,0.0,-99,-99,-99,新北市,06,三峽區,057
24.940806,121.361500,三峽,C0AC60,2017-08-16T03:00:00+08:00,55.0,182,0.6,27.3,0.87,1002.2,-99,0.0,-99,-99,-99,新北市,06,三峽區,057
24.940806,121.361500,三峽,C0AC60,2017-08-16T04:00:00+08:00,55.0,204,0.7,27.1,0.87,1002.2,-99,0.0,-99,-99,-99,新北市,06,三峽區,057
24.940806,121.361500,三峽,C0AC60,2017-08-16T05:00:00+08:00,55.0,175,1.1,26.8,0.88,1002.2,-99,0.0,-99,-99,-99,新北市,06,三峽區,057
24.940806,121.361500,三峽,C0AC60,2017-08-16T06:00:00+08:00,55.0,212,0.3,26.6,0.87,1002.4,-99,0.0,-99,-99,-99,新北市,06,三峽區,057
24.940806,121.361500,三峽,C0AC60,2017-08-16T07:00:00+08:00,55.0,0,0.0,28.2,0.8,1002.9,-99,0.0,-99,-99,-99,新北市,06,三峽區,057
24.940806,121.361500,三峽,C0AC60,2017-08-16T08:00:00+08:00,55.0,85,0.6,30.6,0.71,1002.8,-99,0.0,-99,-99,-99,新北市,06,三峽區,057
24.940806,121.361500,三峽,C0AC60,2017-08-16T09:00:00+08:00,55.0,313,0.9,32.1,0.62,1002.7,-99,0.0,-99,-99,-99,新北市,06,三峽區,057
24.940806,121.361500,三峽,C0AC60,2017-08-16T10:00:00+08:00,55.0,158,0.3,33.4,0.56,1002.4,-99,0.0,-99,-99,-99,新北市,06,三峽區,057
24.940806,121.361500,三峽,C0AC60,2017-08-16T11:00:00+08:00,55.0,0,0.1,34.6,0.49,1002.0,-99,0.0,-99,-99,-99,新北市,06,三峽區,057
24.940806,121.361500,三峽,C0AC60,2017-08-16T12:00:00+08:00,55.0,344,2.1,34.1,0.57,1001.4,-99,0.0,-99,-99,-99,新北市,06,三峽區,057
24.940806,121.361500,三峽,C0AC60,2017-08-16T13:00:00+08:00,55.0,326,2.0,33.4,0.65,1001.3,-99,0.0,-99,-99,-99,新北市,06,三峽區,057
24.940806,121.361500,三峽,C0AC60,2017-08-16T14:00:00+08:00,55.0,307,2.1,33.9,0.61,1001.0,-99,0.0,-99,-99,-99,新北市,06,三峽區,057
24.940806,121.361500,三峽,C0AC60,2017-08-16T15:00:00+08:00,55.0,242,1.5,33.1,0.65,1000.8,-99,0.0,-99,-99,-99,新北市,06,三峽區,057
24.940806,121.361500,三峽,C0AC60,2017-08-16T16:00:00+08:00,55.0,211,1.5,32.1,0.7,1000.5,-99,0.0,-99,-99,-99,新北市,06,三峽區,057
24.940806,121.361500,三峽,C0AC60,2017-08-16T17:00:00+08:00,55.0,87,1.3,32.1,0.69,1000.8,-99,0.0,-99,-99,-99,新北市,06,三峽區,057
24.940806,121.361500,三峽,C0AC60,2017-08-16T18:00:00+08:00,55.0,89,1.2,31.3,0.73,1001.5,-99,0.0,-99,-99,-99,新北市,06,三峽區,057
24.940806,121.361500,三峽,C0AC60,2017-08-16T19:00:00+08:00,55.0,87,1.2,30.8,0.73,1002.0,-99,0.0,-99,-99,-99,新北市,06,三峽區,057
24.940806,121.361500,三峽,C0AC60,2017-08-16T20:00:00+08:00,55.0,85,1.4,30.5,0.74,1002.6,-99,0.0,-99,-99,-99,新北市,06,三峽區,057
24.940806,121.361500,三峽,C0AC60,2017-08-16T21:00:00+08:00,55.0,90,0.8,30.1,0.76,1003.3,-99,0.0,-99,-99,-99,新北市,06,三峽區,057
24.940806,121.361500,三峽,C0AC60,2017-08-16T22:00:00+08:00,55.0,0,0.2,29.0,0.83,1003.7,-99,0.0,-99,-99,-99,新北市,06,三峽區,057
24.940806,121.361500,三峽,C0AC60,2017-08-16T23:00:00+08:00,55.0,186,0.8,28.6,0.85,1003.6,-99,0.0,-99,-99,-99,新北市,06,三峽區,057
24.940806,121.361500,三峽,C0AC60,2017-08-17T00:00:00+08:00,55.0,188,1.1,28.7,0.84,1003.7,-99,0.0,-99,-99,-99,新北市,06,三峽區,057
24.940806,121.361500,三峽,C0AC60,2017-08-17T01:00:00+08:00,55.0,201,0.5,27.9,0.88,1003.3,-99,0.0,-99,-99,-99,新北市,06,三峽區,057
24.940806,121.361500,三峽,C0AC60,2017-08-17T02:00:00+08:00,55.0,0,0.2,27.9,0.86,1002.8,-99,0.0,-99,-99,-99,新北市,06,三峽區,057
24.940806,121.361500,三峽,C0AC60,2017-08-17T08:00:00+08:00,55.0,200,1.8,28.6,0.84,1004.7,-99,0.0,-99,-99,-99,新北市,06,三峽區,057
24.940806,121.361500,三峽,C0AC60,2017-08-17T09:00:00+08:00,55.0,183,0.3,30.9,0.73,1004.6,-99,0.0,-99,-99,-99,新北市,06,三峽區,057
24.940806,121.361500,三峽,C0AC60,2017-08-17T10:00:00+08:00,55.0,241,0.6,31.7,0.68,1004.5,-99,0.0,-99,-99,-99,新北市,06,三峽區,057
24.940806,121.361500,三峽,C0AC60,2017-08-17T11:00:00+08:00,55.0,0,0.1,32.7,0.62,1004.0,-99,0.0,-99,-99,-99,新北市,06,三峽區,057
24.940806,121.361500,三峽,C0AC60,2017-08-17T12:00:00+08:00,55.0,351,1.2,33.5,0.59,1003.6,-99,0.0,-99,-99,-99,新北市,06,三峽區,057
24.940806,121.361500,三峽,C0AC60,2017-08-17T13:00:00+08:00,55.0,306,0.6,33.9,0.62,1003.2,-99,0.0,-99,-99,-99,新北市,06,三峽區,057
24.940806,121.361500,三峽,C0AC60,2017-08-17T14:00:00+08:00,55.0,346,1.5,33.3,0.65,1002.7,-99,0.0,-99,-99,-99,新北市,06,三峽區,057
24.940806,121.361500,三峽,C0AC60,2017-08-17T15:00:00+08:00,55.0,3,1.5,33.3,0.65,1002.4,-99,0.0,-99,-99,-99,新北市,06,三峽區,057
24.940806,121.361500,三峽,C0AC60,2017-08-17T16:00:00+08:00,55.0,10,1.3,32.3,0.68,1002.5,-99,0.0,-99,-99,-99,新北市,06,三峽區,057
24.940806,121.361500,三峽,C0AC60,2017-08-17T17:00:00+08:00,55.0,7,0.3,31.9,0.73,1002.5,-99,0.0,-99,-99,-99,新北市,06,三峽區,057
24.940806,121.361500,三峽,C0AC60,2017-08-17T18:00:00+08:00,55.0,355,0.7,31.1,0.73,1002.8,-99,0.0,-99,-99,-99,新北市,06,三峽區,057
24.940806,121.361500,三峽,C0AC60,2017-08-17T19:00:00+08:00,55.0,3,0.5,30.2,0.74,1003.1,-99,0.0,-99,-99,-99,新北市,06,三峽區,057
24.940806,121.361500,三峽,C0AC60,2017-08-17T20:00:00+08:00,55.0,0,0.0,29.7,0.77,1003.8,-99,0.0,-99,-99,-99,新北市,06,三峽區,057
24.940806,121.361500,三峽,C0AC60,2017-08-17T21:00:00+08:00,55.0,0,0.2,28.9,0.82,1003.9,-99,0.0,-99,-99,-99,新北市,06,三峽區,057
24.940806,121.361500,三峽,C0AC60,2017-08-17T22:00:00+08:00,55.0,161,0.7,28.7,0.83,1004.7,-99,0.0,-99,-99,-99,新北市,06,三峽區,057
24.940806,121.361500,三峽,C0AC60,2017-08-17T23:00:00+08:00,55.0,191,0.3,28.2,0.86,1005.3,-99,0.0,-99,-99,-99,新北市,06,三峽區,057
24.940806,121.361500,三峽,C0AC60,2017-08-18T00:00:00+08:00,55.0,205,1.3,27.9,0.85,1005.4,-99,0.0,-99,-99,-99,新北市,06,三峽區,057
24.940806,121.361500,三峽,C0AC60,2017-08-18T01:00:00+08:00,55.0,199,1.8,27.2,0.89,1005.2,-99,0.0,-99,-99,-99,新北市,06,三峽區,057
24.940806,121.361500,三峽,C0AC60,2017-08-18T02:00:00+08:00,55.0,207,2.1,27.1,0.9,1004.9,-99,0.0,-99,-99,-99,新北市,06,三峽區,057
24.940806,121.361500,三峽,C0AC60,2017-08-18T03:00:00+08:00,55.0,200,1.3,27.0,0.9,1004.8,-99,0.0,-99,-99,-99,新北市,06,三峽區,057
24.940806,121.361500,三峽,C0AC60,2017-08-18T04:00:00+08:00,55.0,210,1.1,26.8,0.91,1004.5,-99,0.0,-99,-99,-99,新北市,06,三峽區,057
24.940806,121.361500,三峽,C0AC60,2017-08-18T05:00:00+08:00,55.0,0,0.1,26.8,0.9,1004.8,-99,0.0,-99,-99,-99,新北市,06,三峽區,057
24.940806,121.361500,三峽,C0AC60,2017-08-18T06:00:00+08:00,55.0,203,0.4,26.4,0.91,1005.2,-99,0.0,-99,-99,-99,新北市,06,三峽區,057
24.940806,121.361500,三峽,C0AC60,2017-08-18T07:00:00+08:00,55.0,190,1.1,27.5,0.86,1005.5,-99,0.0,-99,-99,-99,新北市,06,三峽區,057
24.940806,121.361500,三峽,C0AC60,2017-08-18T08:00:00+08:00,55.0,0,0.2,30.2,0.77,1005.6,-99,0.0,-99,-99,-99,新北市,06,三峽區,057
24.940806,121.361500,三峽,C0AC60,2017-08-18T09:00:00+08:00,55.0,83,1.1,32.2,0.64,1005.6,-99,0.0,-99,-99,-99,新北市,06,三峽區,057
24.940806,121.361500,三峽,C0AC60,2017-08-18T10:00:00+08:00,55.0,0,0.2,33.6,0.57,1005.4,-99,0.0,-99,-99,-99,新北市,06,三峽區,057
24.940806,121.361500,三峽,C0AC60,2017-08-18T11:00:00+08:00,55.0,86,0.5,34.4,0.56,1004.9,-99,0.0,-99,-99,-99,新北市,06,三峽區,057
24.940806,121.361500,三峽,C0AC60,2017-08-18T12:00:00+08:00,55.0,66,1.3,35.1,0.51,1004.3,-99,0.0,-99,-99,-99,新北市,06,三峽區,057
24.940806,121.361500,三峽,C0AC60,2017-08-18T13:00:00+08:00,55.0,332,1.5,34.2,0.61,1004.0,-99,0.0,-99,-99,-99,新北市,06,三峽區,057
24.940806,121.361500,三峽,C0AC60,2017-08-18T14:00:00+08:00,55.0,360,0.9,33.7,0.61,1004.0,-99,0.0,-99,-99,-99,新北市,06,三峽區,057
24.940806,121.361500,三峽,C0AC60,2017-08-18T15:00:00+08:00,55.0,345,1.8,33.2,0.6,1003.7,-99,0.0,-99,-99,-99,新北市,06,三峽區,057
24.940806,121.361500,三峽,C0AC60,2017-08-18T16:00:00+08:00,55.0,339,1.8,32.6,0.63,1003.7,-99,0.0,-99,-99,-99,新北市,06,三峽區,057
24.940806,121.361500,三峽,C0AC60,2017-08-18T17:00:00+08:00,55.0,357,0.6,32.1,0.67,1003.9,-99,0.0,-99,-99,-99,新北市,06,三峽區,057
24.940806,121.361500,三峽,C0AC60,2017-08-18T18:00:00+08:00,55.0,358,0.8,31.2,0.68,1004.0,-99,0.0,-99,-99,-99,新北市,06,三峽區,057
24.940806,121.361500,三峽,C0AC60,2017-08-18T19:00:00+08:00,55.0,339,0.4,31.0,0.67,1004.5,-99,0.0,-99,-99,-99,新北市,06,三峽區,057
24.940806,121.361500,三峽,C0AC60,2017-08-18T20:00:00+08:00,55.0,204,1.5,29.8,0.77,1005.0,-99,0.0,-99,-99,-99,新北市,06,三峽區,057
24.940806,121.361500,三峽,C0AC60,2017-08-18T21:00:00+08:00,55.0,215,0.8,28.9,0.82,1005.3,-99,0.0,-99,-99,-99,新北市,06,三峽區,057
24.940806,121.361500,三峽,C0AC60,2017-08-18T22:00:00+08:00,55.0,212,1.2,28.1,0.85,1005.6,-99,0.0,-99,-99,-99,新北市,06,三峽區,057
24.940806,121.361500,三峽,C0AC60,2017-08-18T23:00:00+08:00,55.0,213,0.6,27.7,0.86,1005.5,-99,0.0,-99,-99,-99,新北市,06,三峽區,057
24.940806,121.361500,三峽,C0AC60,2017-08-19T00:00:00+08:00,55.0,204,0.8,27.5,0.87,1005.4,-99,0.0,-99,-99,-99,新北市,06,三峽區,057
24.940806,121.361500,三峽,C0AC60,2017-08-19T01:00:00+08:00,55.0,220,0.5,26.9,0.89,1005.2,-99,0.0,-99,-99,-99,新北市,06,三峽區,057
24.940806,121.361500,三峽,C0AC60,2017-08-19T02:00:00+08:00,55.0,202,0.8,26.7,0.9,1005.0,-99,0.0,-99,-99,-99,新北市,06,三峽區,057
24.940806,121.361500,三峽,C0AC60,2017-08-19T03:00:00+08:00,55.0,224,1.1,26.4,0.88,1004.9,-99,0.0,-99,-99,-99,新北市,06,三峽區,057
24.940806,121.361500,三峽,C0AC60,2017-08-19T04:00:00+08:00,55.0,157,0.5,26.6,0.84,1004.9,-99,0.0,-99,-99,-99,新北市,06,三峽區,057
24.940806,121.361500,三峽,C0AC60,2017-08-19T05:00:00+08:00,55.0,214,1.0,26.1,0.84,1004.9,-99,0.0,-99,-99,-99,新北市,06,三峽區,057
24.940806,121.361500,三峽,C0AC60,2017-08-19T06:00:00+08:00,55.0,208,1.3,25.9,0.83,1005.2,-99,0.0,-99,-99,-99,新北市,06,三峽區,057
24.940806,121.361500,三峽,C0AC60,2017-08-19T07:00:00+08:00,55.0,203,1.2,26.9,0.78,1005.5,-99,0.0,-99,-99,-99,新北市,06,三峽區,057
24.940806,121.361500,三峽,C0AC60,2017-08-19T08:00:00+08:00,55.0,0,0.2,29.3,0.67,1005.6,-99,0.0,-99,-99,-99,新北市,06,三峽區,057
24.940806,121.361500,三峽,C0AC60,2017-08-19T09:00:00+08:00,55.0,289,1.5,30.3,0.7,1005.5,-99,0.0,-99,-99,-99,新北市,06,三峽區,057
24.940806,121.361500,三峽,C0AC60,2017-08-19T10:00:00+08:00,55.0,212,1.0,32.2,0.65,1005.1,-99,0.0,-99,-99,-99,新北市,06,三峽區,057
24.940806,121.361500,三峽,C0AC60,2017-08-19T11:00:00+08:00,55.0,23,1.4,33.7,0.59,1004.5,-99,0.0,-99,-99,-99,新北市,06,三峽區,057
24.940806,121.361500,三峽,C0AC60,2017-08-19T12:00:00+08:00,55.0,322,0.9,33.8,0.59,1003.7,-99,0.0,-99,-99,-99,新北市,06,三峽區,057
24.940806,121.361500,三峽,C0AC60,2017-08-19T13:00:00+08:00,55.0,314,1.6,34.0,0.61,1003.2,-99,0.0,-99,-99,-99,新北市,06,三峽區,057
24.940806,121.361500,三峽,C0AC60,2017-08-19T14:00:00+08:00,55.0,343,1.4,33.1,0.64,1002.9,-99,0.0,-99,-99,-99,新北市,06,三峽區,057
24.940806,121.361500,三峽,C0AC60,2017-08-19T15:00:00+08:00,55.0,71,0.8,32.5,0.68,1002.9,-99,0.0,-99,-99,-99,新北市,06,三峽區,057
24.940806,121.361500,三峽,C0AC60,2017-08-19T16:00:00+08:00,55.0,85,1.0,31.4,0.75,1002.7,-99,0.0,-99,-99,-99,新北市,06,三峽區,057
24.940806,121.361500,三峽,C0AC60,2017-08-19T17:00:00+08:00,55.0,360,0.3,32.7,0.67,1002.4,-99,0.0,-99,-99,-99,新北市,06,三峽區,057
24.940806,121.361500,三峽,C0AC60,2017-08-19T18:00:00+08:00,55.0,86,1.7,31.3,0.77,1002.3,-99,0.0,-99,-99,-99,新北市,06,三峽區,057
24.940806,121.361500,三峽,C0AC60,2017-08-19T19:00:00+08:00,55.0,89,1.3,30.0,0.86,1002.5,-99,0.0,-99,-99,-99,新北市,06,三峽區,057
24.940806,121.361500,三峽,C0AC60,2017-08-19T20:00:00+08:00,55.0,0,0.2,29.2,0.88,1002.7,-99,0.0,-99,-99,-99,新北市,06,三峽區,057
24.940806,121.361500,三峽,C0AC60,2017-08-19T21:00:00+08:00,55.0,187,0.6,28.8,0.87,1003.4,-99,0.0,-99,-99,-99,新北市,06,三峽區,057
24.940806,121.361500,三峽,C0AC60,2017-08-19T22:00:00+08:00,55.0,222,1.0,28.1,0.89,1004.1,-99,0.0,-99,-99,-99,新北市,06,三峽區,057
24.940806,121.361500,三峽,C0AC60,2017-08-19T23:00:00+08:00,55.0,207,1.4,27.6,0.9,1004.0,-99,0.0,-99,-99,-99,新北市,06,三峽區,057
24.940806,121.361500,三峽,C0AC60,2017-08-20T00:00:00+08:00,55.0,211,0.8,27.6,0.89,1003.2,-99,0.0,-99,-99,-99,新北市,06,三峽區,057
24.940806,121.361500,三峽,C0AC60,2017-08-20T01:00:00+08:00,55.0,177,0.4,27.6,0.86,1002.2,-99,0.0,-99,-99,-99,新北市,06,三峽區,057
24.940806,121.361500,三峽,C0AC60,2017-08-20T02:00:00+08:00,55.0,194,0.8,26.6,0.89,1001.7,-99,0.0,-99,-99,-99,新北市,06,三峽區,057
24.940806,121.361500,三峽,C0AC60,2017-08-20T03:00:00+08:00,55.0,0,0.1,26.5,0.87,1002.0,-99,0.0,-99,-99,-99,新北市,06,三峽區,057
24.940806,121.361500,三峽,C0AC60,2017-08-20T04:00:00+08:00,55.0,201,0.3,26.5,0.87,1002.1,-99,0.0,-99,-99,-99,新北市,06,三峽區,057
24.940806,121.361500,三峽,C0AC60,2017-08-20T05:00:00+08:00,55.0,210,1.3,26.0,0.87,1002.7,-99,0.0,-99,-99,-99,新北市,06,三峽區,057
24.940806,121.361500,三峽,C0AC60,2017-08-20T06:00:00+08:00,55.0,192,1.0,25.9,0.85,1002.8,-99,0.0,-99,-99,-99,新北市,06,三峽區,057
24.940806,121.361500,三峽,C0AC60,2017-08-20T07:00:00+08:00,55.0,204,1.2,26.8,0.81,1003.3,-99,0.0,-99,-99,-99,新北市,06,三峽區,057
24.940806,121.361500,三峽,C0AC60,2017-08-20T08:00:00+08:00,55.0,201,0.9,29.1,0.74,1003.2,-99,0.0,-99,-99,-99,新北市,06,三峽區,057
24.940806,121.361500,三峽,C0AC60,2017-08-20T09:00:00+08:00,55.0,317,1.7,30.5,0.66,1003.0,-99,0.0,-99,-99,-99,新北市,06,三峽區,057
24.940806,121.361500,三峽,C0AC60,2017-08-20T10:00:00+08:00,55.0,310,0.8,32.0,0.58,1002.6,-99,0.0,-99,-99,-99,新北市,06,三峽區,057
24.940806,121.361500,三峽,C0AC60,2017-08-20T11:00:00+08:00,55.0,260,1.3,33.7,0.51,1002.0,-99,0.0,-99,-99,-99,新北市,06,三峽區,057
24.940806,121.361500,三峽,C0AC60,2017-08-20T12:00:00+08:00,55.0,183,0.4,35.5,0.42,1001.2,-99,0.0,-99,-99,-99,新北市,06,三峽區,057
24.940806,121.361500,三峽,C0AC60,2017-08-20T13:00:00+08:00,55.0,358,1.3,36.5,0.45,1000.3,-99,0.0,-99,-99,-99,新北市,06,三峽區,057
24.940806,121.361500,三峽,C0AC60,2017-08-20T14:00:00+08:00,55.0,317,2.0,35.8,0.51,999.8,-99,0.0,-99,-99,-99,新北市,06,三峽區,057
24.940806,121.361500,三峽,C0AC60,2017-08-20T15:00:00+08:00,55.0,316,1.5,35.2,0.54,999.3,-99,0.0,-99,-99,-99,新北市,06,三峽區,057
24.940806,121.361500,三峽,C0AC60,2017-08-20T16:00:00+08:00,55.0,338,1.2,35.0,0.54,998.3,-99,0.0,-99,-99,-99,新北市,06,三峽區,057
24.940806,121.361500,三峽,C0AC60,2017-08-20T17:00:00+08:00,55.0,81,1.5,34.9,0.56,998.1,-99,0.0,-99,-99,-99,新北市,06,三峽區,057
24.940806,121.361500,三峽,C0AC60,2017-08-20T18:00:00+08:00,55.0,101,0.6,34.1,0.6,998.8,-99,0.0,-99,-99,-99,新北市,06,三峽區,057
24.940806,121.361500,三峽,C0AC60,2017-08-20T19:00:00+08:00,55.0,313,0.8,31.4,0.69,999.5,-99,0.0,-99,-99,-99,新北市,06,三峽區,057
24.940806,121.361500,三峽,C0AC60,2017-08-20T20:00:00+08:00,55.0,0,0.1,30.3,0.73,999.4,-99,0.0,-99,-99,-99,新北市,06,三峽區,057
24.940806,121.361500,三峽,C0AC60,2017-08-20T21:00:00+08:00,55.0,148,0.4,29.9,0.76,999.7,-99,0.0,-99,-99,-99,新北市,06,三峽區,057
24.940806,121.361500,三峽,C0AC60,2017-08-20T22:00:00+08:00,55.0,0,0.1,28.9,0.82,1000.1,-99,0.0,-99,-99,-99,新北市,06,三峽區,057
24.940806,121.361500,三峽,C0AC60,2017-08-20T23:00:00+08:00,55.0,85,1.3,28.6,0.82,1000.4,-99,0.0,-99,-99,-99,新北市,06,三峽區,057
24.940806,121.361500,三峽,C0AC60,2017-08-21T00:00:00+08:00,55.0,87,1.6,28.4,0.8,999.7,-99,0.0,-99,-99,-99,新北市,06,三峽區,057
24.940806,121.361500,三峽,C0AC60,2017-08-21T01:00:00+08:00,55.0,0,0.1,27.9,0.82,999.2,-99,0.0,-99,-99,-99,新北市,06,三峽區,057
24.940806,121.361500,三峽,C0AC60,2017-08-21T02:00:00+08:00,55.0,167,0.3,27.1,0.87,998.5,-99,0.0,-99,-99,-99,新北市,06,三峽區,057
24.940806,121.361500,三峽,C0AC60,2017-08-21T03:00:00+08:00,55.0,149,0.6,26.5,0.88,998.2,-99,0.0,-99,-99,-99,新北市,06,三峽區,057
24.940806,121.361500,三峽,C0AC60,2017-08-21T04:00:00+08:00,55.0,174,2.0,25.6,0.9,997.8,-99,0.0,-99,-99,-99,新北市,06,三峽區,057
24.940806,121.361500,三峽,C0AC60,2017-08-21T05:00:00+08:00,55.0,158,1.7,25.3,0.86,998.1,-99,0.0,-99,-99,-99,新北市,06,三峽區,057
24.940806,121.361500,三峽,C0AC60,2017-08-21T06:00:00+08:00,55.0,0,0.2,25.2,0.83,998.2,-99,0.0,-99,-99,-99,新北市,06,三峽區,057
24.940806,121.361500,三峽,C0AC60,2017-08-21T07:00:00+08:00,55.0,72,2.6,28.2,0.74,998.6,-99,0.0,-99,-99,-99,新北市,06,三峽區,057
24.940806,121.361500,三峽,C0AC60,2017-08-21T09:00:00+08:00,55.0,79,3.1,31.7,0.68,998.4,-99,0.0,8.2,85,2017-08-21T08:49:00+08:00,新北市,06,三峽區,057
24.940806,121.361500,三峽,C0AC60,2017-08-21T10:00:00+08:00,55.0,90,2.3,32.5,0.67,998.3,-99,0.0,9.9,79,2017-08-21T09:03:00+08:00,新北市,06,三峽區,057
24.940806,121.361500,三峽,C0AC60,2017-08-21T11:00:00+08:00,55.0,85,2.8,33.0,0.68,997.7,-99,0.0,8.2,61,2017-08-21T10:08:00+08:00,新北市,06,三峽區,057
24.940806,121.361500,三峽,C0AC60,2017-08-21T12:00:00+08:00,55.0,67,2.7,33.8,0.63,997.0,-99,0.0,8.8,89,2017-08-21T11:07:00+08:00,新北市,06,三峽區,057
24.940806,121.361500,三峽,C0AC60,2017-08-21T13:00:00+08:00,55.0,92,3.6,33.9,0.63,996.6,-99,0.0,11.0,86,2017-08-21T12:02:00+08:00,新北市,06,三峽區,057
24.940806,121.361500,三峽,C0AC60,2017-08-21T14:00:00+08:00,55.0,90,3.1,33.9,0.6,995.9,-99,0.0,8.2,90,2017-08-21T13:54:00+08:00,新北市,06,三峽區,057
24.940806,121.361500,三峽,C0AC60,2017-08-21T15:00:00+08:00,55.0,97,2.2,34.2,0.58,995.2,-99,0.0,9.3,74,2017-08-21T14:27:00+08:00,新北市,06,三峽區,057
24.940806,121.361500,三峽,C0AC60,2017-08-21T16:00:00+08:00,55.0,95,2.6,35.1,0.55,994.5,-99,0.0,8.8,88,2017-08-21T15:29:00+08:00,新北市,06,三峽區,057
24.940806,121.361500,三峽,C0AC60,2017-08-21T17:00:00+08:00,55.0,84,1.3,32.0,0.72,994.7,-99,0.0,10.4,71,2017-08-21T16:12:00+08:00,新北市,06,三峽區,057
24.940806,121.361500,三峽,C0AC60,2017-08-21T18:00:00+08:00,55.0,85,1.9,32.1,0.69,994.7,-99,0.0,-99,-99,-99,新北市,06,三峽區,057
24.940806,121.361500,三峽,C0AC60,2017-08-21T19:00:00+08:00,55.0,88,2.1,30.5,0.77,994.7,-99,0.0,7.1,59,2017-08-21T18:03:00+08:00,新北市,06,三峽區,057
24.940806,121.361500,三峽,C0AC60,2017-08-21T20:00:00+08:00,55.0,93,1.8,30.1,0.78,994.7,-99,0.0,-99,-99,-99,新北市,06,三峽區,057
24.940806,121.361500,三峽,C0AC60,2017-08-21T21:00:00+08:00,55.0,80,2.4,29.5,0.81,995.5,-99,0.0,8.8,64,2017-08-21T20:18:00+08:00,新北市,06,三峽區,057
24.940806,121.361500,三峽,C0AC60,2017-08-21T22:00:00+08:00,55.0,78,3.4,29.7,0.76,995.3,-99,0.0,8.2,84,2017-08-21T21:12:00+08:00,新北市,06,三峽區,057
24.940806,121.361500,三峽,C0AC60,2017-08-21T23:00:00+08:00,55.0,88,1.9,27.8,0.9,995.8,-99,0.5,7.1,81,2017-08-21T22:05:00+08:00,新北市,06,三峽區,057
24.940806,121.361500,三峽,C0AC60,2017-08-22T00:00:00+08:00,55.0,91,2.0,28.2,0.86,994.6,-99,0.5,-99,-99,-99,新北市,06,三峽區,057
24.940806,121.361500,三峽,C0AC60,2017-08-22T01:00:00+08:00,55.0,84,2.3,28.7,0.8,993.5,-99,0.0,8.2,65,2017-08-22T00:50:00+08:00,新北市,06,三峽區,057
24.940806,121.361500,三峽,C0AC60,2017-08-22T02:00:00+08:00,55.0,81,3.7,29.0,0.79,992.8,-99,0.0,9.3,58,2017-08-22T01:06:00+08:00,新北市,06,三峽區,057
24.940806,121.361500,三峽,C0AC60,2017-08-22T03:00:00+08:00,55.0,81,3.3,29.6,0.71,992.1,-99,0.0,9.3,104,2017-08-22T02:18:00+08:00,新北市,06,三峽區,057
24.940806,121.361500,三峽,C0AC60,2017-08-22T04:00:00+08:00,55.0,91,3.3,29.3,0.76,991.4,-99,0.0,10.4,64,2017-08-22T03:27:00+08:00,新北市,06,三峽區,057
24.940806,121.361500,三峽,C0AC60,2017-08-22T05:00:00+08:00,55.0,89,3.0,29.6,0.73,992.0,-99,0.0,10.4,110,2017-08-22T04:08:00+08:00,新北市,06,三峽區,057
24.940806,121.361500,三峽,C0AC60,2017-08-22T06:00:00+08:00,55.0,90,3.6,29.5,0.74,992.3,-99,0.0,11.5,94,2017-08-22T05:19:00+08:00,新北市,06,三峽區,057
24.940806,121.361500,三峽,C0AC60,2017-08-22T07:00:00+08:00,55.0,92,3.1,29.9,0.73,993.2,-99,0.0,11.0,88,2017-08-22T06:24:00+08:00,新北市,06,三峽區,057
24.940806,121.361500,三峽,C0AC60,2017-08-22T08:00:00+08:00,55.0,93,3.4,31.0,0.64,993.2,-99,0.0,-99,-99,-99,新北市,06,三峽區,057
24.940806,121.361500,三峽,C0AC60,2017-08-22T09:00:00+08:00,55.0,91,4.1,31.6,0.6,993.4,-99,0.0,9.3,76,2017-08-22T08:56:00+08:00,新北市,06,三峽區,057
24.940806,121.361500,三峽,C0AC60,2017-08-22T10:00:00+08:00,55.0,88,3.2,32.1,0.6,994.1,-99,0.0,10.4,74,2017-08-22T09:07:00+08:00,新北市,06,三峽區,057
24.940806,121.361500,三峽,C0AC60,2017-08-22T11:00:00+08:00,55.0,98,2.0,32.3,0.58,994.6,-99,0.0,8.8,78,2017-08-22T10:28:00+08:00,新北市,06,三峽區,057
24.940806,121.361500,三峽,C0AC60,2017-08-22T12:00:00+08:00,55.0,94,1.9,32.8,0.56,994.3,-99,0.0,8.8,78,2017-08-22T11:25:00+08:00,新北市,06,三峽區,057
24.940806,121.361500,三峽,C0AC60,2017-08-22T13:00:00+08:00,55.0,96,1.0,32.8,0.56,994.1,-99,0.0,9.3,75,2017-08-22T12:06:00+08:00,新北市,06,三峽區,057
24.940806,121.361500,三峽,C0AC60,2017-08-22T14:00:00+08:00,55.0,73,2.6,33.0,0.55,993.5,-99,0.0,8.2,95,2017-08-22T13:58:00+08:00,新北市,06,三峽區,057
24.940806,121.361500,三峽,C0AC60,2017-08-22T15:00:00+08:00,55.0,29,1.3,31.6,0.64,994.0,-99,0.0,8.8,76,2017-08-22T14:21:00+08:00,新北市,06,三峽區,057
24.940806,121.361500,三峽,C0AC60,2017-08-22T16:00:00+08:00,55.0,90,3.2,32.2,0.56,994.4,-99,0.0,-99,-99,-99,新北市,06,三峽區,057
24.940806,121.361500,三峽,C0AC60,2017-08-22T17:00:00+08:00,55.0,69,2.4,32.2,0.57,994.8,-99,0.0,-99,-99,-99,新北市,06,三峽區,057
24.940806,121.361500,三峽,C0AC60,2017-08-22T18:00:00+08:00,55.0,64,1.0,30.5,0.68,995.3,-99,0.0,-99,-99,-99,新北市,06,三峽區,057
24.940806,121.361500,三峽,C0AC60,2017-08-22T19:00:00+08:00,55.0,68,3.0,31.0,0.63,995.6,-99,0.0,-99,-99,-99,新北市,06,三峽區,057
24.940806,121.361500,三峽,C0AC60,2017-08-22T20:00:00+08:00,55.0,94,3.0,31.0,0.62,996.4,-99,0.0,-99,-99,-99,新北市,06,三峽區,057
24.940806,121.361500,三峽,C0AC60,2017-08-22T21:00:00+08:00,55.0,39,1.2,31.1,0.64,997.3,-99,0.0,-99,-99,-99,新北市,06,三峽區,057
24.940806,121.361500,三峽,C0AC60,2017-08-22T22:00:00+08:00,55.0,0,0.2,30.5,0.66,997.6,-99,0.0,6.6,82,2017-08-22T21:22:00+08:00,新北市,06,三峽區,057
24.940806,121.361500,三峽,C0AC60,2017-08-22T23:00:00+08:00,55.0,0,0.0,28.7,0.78,998.1,-99,0.0,-99,-99,-99,新北市,06,三峽區,057
24.940806,121.361500,三峽,C0AC60,2017-08-23T00:00:00+08:00,55.0,360,0.8,28.6,0.81,998.6,-99,0.0,-99,-99,-99,新北市,06,三峽區,057
24.940806,121.361500,三峽,C0AC60,2017-08-23T01:00:00+08:00,55.0,155,1.4,28.7,0.81,998.4,-99,0.0,-99,-99,-99,新北市,06,三峽區,057
24.940806,121.361500,三峽,C0AC60,2017-08-23T02:00:00+08:00,55.0,176,0.9,28.9,0.76,998.1,-99,0.0,-99,-99,-99,新北市,06,三峽區,057
24.940806,121.361500,三峽,C0AC60,2017-08-23T03:00:00+08:00,55.0,199,1.4,27.5,0.87,998.7,-99,0.0,-99,-99,-99,新北市,06,三峽區,057
24.940806,121.361500,三峽,C0AC60,2017-08-23T04:00:00+08:00,55.0,201,0.4,27.6,0.86,999.1,-99,0.0,-99,-99,-99,新北市,06,三峽區,057
24.940806,121.361500,三峽,C0AC60,2017-08-23T05:00:00+08:00,55.0,0,0.1,27.6,0.88,999.1,-99,0.0,-99,-99,-99,新北市,06,三峽區,057
24.940806,121.361500,三峽,C0AC60,2017-08-23T06:00:00+08:00,55.0,0,0.1,27.7,0.87,999.8,-99,0.0,-99,-99,-99,新北市,06,三峽區,057
24.940806,121.361500,三峽,C0AC60,2017-08-23T07:00:00+08:00,55.0,0,0.2,27.8,0.87,1000.5,-99,0.0,-99,-99,-99,新北市,06,三峽區,057
24.940806,121.361500,三峽,C0AC60,2017-08-23T08:00:00+08:00,55.0,0,0.0,27.9,0.86,1001.3,-99,0.0,-99,-99,-99,新北市,06,三峽區,057
24.940806,121.361500,三峽,C0AC60,2017-08-23T09:00:00+08:00,55.0,0,0.1,29.4,0.8,1001.7,-99,0.0,-99,-99,-99,新北市,06,三峽區,057
24.940806,121.361500,三峽,C0AC60,2017-08-23T10:00:00+08:00,55.0,0,0.2,30.1,0.76,1002.0,-99,0.0,-99,-99,-99,新北市,06,三峽區,057
24.940806,121.361500,三峽,C0AC60,2017-08-23T11:00:00+08:00,55.0,249,0.8,31.5,0.69,1002.0,-99,0.0,-99,-99,-99,新北市,06,三峽區,057
24.940806,121.361500,三峽,C0AC60,2017-08-23T12:00:00+08:00,55.0,310,0.6,32.1,0.66,1001.6,-99,0.0,-99,-99,-99,新北市,06,三峽區,057
24.940806,121.361500,三峽,C0AC60,2017-08-23T13:00:00+08:00,55.0,4,0.9,31.2,0.73,1001.6,-99,0.0,-99,-99,-99,新北市,06,三峽區,057
24.940806,121.361500,三峽,C0AC60,2017-08-23T14:00:00+08:00,55.0,14,0.4,31.5,0.7,1001.1,-99,0.0,-99,-99,-99,新北市,06,三峽區,057
24.940806,121.361500,三峽,C0AC60,2017-08-23T15:00:00+08:00,55.0,221,0.9,32.2,0.68,1001.0,-99,0.0,-99,-99,-99,新北市,06,三峽區,057
24.940806,121.361500,三峽,C0AC60,2017-08-23T16:00:00+08:00,55.0,229,1.7,31.5,0.71,1001.2,-99,0.0,-99,-99,-99,新北市,06,三峽區,057
24.940806,121.361500,三峽,C0AC60,2017-08-23T17:00:00+08:00,55.0,323,0.5,30.8,0.74,1001.7,-99,0.0,-99,-99,-99,新北市,06,三峽區,057
24.940806,121.361500,三峽,C0AC60,2017-08-23T18:00:00+08:00,55.0,215,0.3,28.8,0.87,1002.5,-99,0.0,-99,-99,-99,新北市,06,三峽區,057
24.940806,121.361500,三峽,C0AC60,2017-08-23T19:00:00+08:00,55.0,207,1.2,28.4,0.89,1003.3,-99,0.0,-99,-99,-99,新北市,06,三峽區,057
24.940806,121.361500,三峽,C0AC60,2017-08-23T20:00:00+08:00,55.0,169,1.3,28.6,0.87,1003.9,-99,0.0,-99,-99,-99,新北市,06,三峽區,057
24.940806,121.361500,三峽,C0AC60,2017-08-23T21:00:00+08:00,55.0,0,0.0,28.8,0.86,1004.6,-99,0.0,-99,-99,-99,新北市,06,三峽區,057
24.940806,121.361500,三峽,C0AC60,2017-08-23T22:00:00+08:00,55.0,171,0.3,28.6,0.87,1005.0,-99,0.0,-99,-99,-99,新北市,06,三峽區,057
24.940806,121.361500,三峽,C0AC60,2017-08-23T23:00:00+08:00,55.0,89,1.4,28.1,0.88,1005.1,-99,0.0,-99,-99,-99,新北市,06,三峽區,057
24.940806,121.361500,三峽,C0AC60,2017-08-24T00:00:00+08:00,55.0,88,1.1,28.1,0.87,1004.6,-99,0.0,-99,-99,-99,新北市,06,三峽區,057
24.940806,121.361500,三峽,C0AC60,2017-08-24T01:00:00+08:00,55.0,0,0.0,27.8,0.88,1004.4,-99,0.0,-99,-99,-99,新北市,06,三峽區,057
24.940806,121.361500,三峽,C0AC60,2017-08-24T02:00:00+08:00,55.0,176,0.9,27.3,0.9,1004.5,-99,0.0,-99,-99,-99,新北市,06,三峽區,057
24.940806,121.361500,三峽,C0AC60,2017-08-24T03:00:00+08:00,55.0,202,0.9,26.5,0.93,1004.3,-99,0.0,-99,-99,-99,新北市,06,三峽區,057
24.940806,121.361500,三峽,C0AC60,2017-08-24T04:00:00+08:00,55.0,0,0.1,27.3,0.85,1004.3,-99,0.0,-99,-99,-99,新北市,06,三峽區,057
24.940806,121.361500,三峽,C0AC60,2017-08-24T05:00:00+08:00,55.0,0,0.0,27.1,0.88,1004.4,-99,0.0,-99,-99,-99,新北市,06,三峽區,057
24.940806,121.361500,三峽,C0AC60,2017-08-24T06:00:00+08:00,55.0,0,0.1,26.5,0.89,1005.0,-99,0.0,-99,-99,-99,新北市,06,三峽區,057
24.940806,121.361500,三峽,C0AC60,2017-08-24T07:00:00+08:00,55.0,200,0.9,27.3,0.85,1005.0,-99,0.0,-99,-99,-99,新北市,06,三峽區,057
24.940806,121.361500,三峽,C0AC60,2017-08-24T08:00:00+08:00,55.0,0,0.0,29.7,0.75,1005.3,-99,0.0,-99,-99,-99,新北市,06,三峽區,057
24.940806,121.361500,三峽,C0AC60,2017-08-24T09:00:00+08:00,55.0,293,0.7,31.7,0.65,1005.2,-99,0.0,-99,-99,-99,新北市,06,三峽區,057
24.940806,121.361500,三峽,C0AC60,2017-08-24T10:00:00+08:00,55.0,240,1.5,32.1,0.63,1004.7,-99,0.0,-99,-99,-99,新北市,06,三峽區,057
24.940806,121.361500,三峽,C0AC60,2017-08-24T11:00:00+08:00,55.0,238,1.5,32.5,0.62,1004.4,-99,0.0,-99,-99,-99,新北市,06,三峽區,057
24.940806,121.361500,三峽,C0AC60,2017-08-24T12:00:00+08:00,55.0,243,2.5,32.7,0.61,1003.9,-99,0.0,-99,-99,-99,新北市,06,三峽區,057
24.940806,121.361500,三峽,C0AC60,2017-08-24T13:00:00+08:00,55.0,236,1.6,33.1,0.6,1003.6,-99,0.0,-99,-99,-99,新北市,06,三峽區,057
24.940806,121.361500,三峽,C0AC60,2017-08-24T14:00:00+08:00,55.0,252,1.3,33.0,0.64,1003.2,-99,0.0,-99,-99,-99,新北市,06,三峽區,057
24.940806,121.361500,三峽,C0AC60,2017-08-24T15:00:00+08:00,55.0,291,1.4,31.9,0.69,1002.9,-99,0.0,-99,-99,-99,新北市,06,三峽區,057
24.940806,121.361500,三峽,C0AC60,2017-08-24T16:00:00+08:00,55.0,278,1.2,31.7,0.7,1002.9,-99,0.0,-99,-99,-99,新北市,06,三峽區,057
24.940806,121.361500,三峽,C0AC60,2017-08-24T17:00:00+08:00,55.0,241,1.3,29.8,0.8,1003.0,-99,0.0,-99,-99,-99,新北市,06,三峽區,057
24.940806,121.361500,三峽,C0AC60,2017-08-24T18:00:00+08:00,55.0,232,2.5,29.4,0.83,1003.3,-99,0.0,-99,-99,-99,新北市,06,三峽區,057
24.940806,121.361500,三峽,C0AC60,2017-08-24T19:00:00+08:00,55.0,224,2.5,28.9,0.81,1003.7,-99,0.0,-99,-99,-99,新北市,06,三峽區,057
24.940806,121.361500,三峽,C0AC60,2017-08-24T20:00:00+08:00,55.0,208,1.5,28.6,0.81,1004.0,-99,0.0,-99,-99,-99,新北市,06,三峽區,057
24.940806,121.361500,三峽,C0AC60,2017-08-24T21:00:00+08:00,55.0,209,1.0,28.3,0.83,1004.8,-99,0.0,-99,-99,-99,新北市,06,三峽區,057
24.940806,121.361500,三峽,C0AC60,2017-08-24T22:00:00+08:00,55.0,219,0.3,27.9,0.85,1004.9,-99,0.0,-99,-99,-99,新北市,06,三峽區,057
24.940806,121.361500,三峽,C0AC60,2017-08-24T23:00:00+08:00,55.0,206,0.6,27.3,0.88,1005.0,-99,0.0,-99,-99,-99,新北市,06,三峽區,057
24.940806,121.361500,三峽,C0AC60,2017-08-25T00:00:00+08:00,55.0,224,1.1,26.8,0.9,1004.7,-99,0.0,-99,-99,-99,新北市,06,三峽區,057
24.940806,121.361500,三峽,C0AC60,2017-08-25T01:00:00+08:00,55.0,211,0.7,26.4,0.9,1004.3,-99,0.0,-99,-99,-99,新北市,06,三峽區,057
24.940806,121.361500,三峽,C0AC60,2017-08-25T02:00:00+08:00,55.0,208,0.6,26.4,0.91,1004.1,-99,0.0,-99,-99,-99,新北市,06,三峽區,057
24.940806,121.361500,三峽,C0AC60,2017-08-25T03:00:00+08:00,55.0,205,0.8,26.1,0.91,1003.8,-99,0.0,-99,-99,-99,新北市,06,三峽區,057
24.940806,121.361500,三峽,C0AC60,2017-08-25T04:00:00+08:00,55.0,0,0.1,26.3,0.89,1003.6,-99,0.0,-99,-99,-99,新北市,06,三峽區,057
24.940806,121.361500,三峽,C0AC60,2017-08-25T05:00:00+08:00,55.0,0,0.1,26.0,0.9,1003.6,-99,0.0,-99,-99,-99,新北市,06,三峽區,057
24.940806,121.361500,三峽,C0AC60,2017-08-25T06:00:00+08:00,55.0,173,0.4,26.1,0.89,1003.6,-99,0.0,-99,-99,-99,新北市,06,三峽區,057
24.940806,121.361500,三峽,C0AC60,2017-08-25T07:00:00+08:00,55.0,0,0.1,27.8,0.84,1003.6,-99,0.0,-99,-99,-99,新北市,06,三峽區,057
24.940806,121.361500,三峽,C0AC60,2017-08-25T08:00:00+08:00,55.0,41,0.7,29.5,0.74,1003.5,-99,0.0,-99,-99,-99,新北市,06,三峽區,057
24.940806,121.361500,三峽,C0AC60,2017-08-25T09:00:00+08:00,55.0,0,0.0,31.1,0.68,1003.1,-99,0.0,-99,-99,-99,新北市,06,三峽區,057
24.940806,121.361500,三峽,C0AC60,2017-08-25T10:00:00+08:00,55.0,170,0.7,32.5,0.62,1002.3,-99,0.0,-99,-99,-99,新北市,06,三峽區,057
24.940806,121.361500,三峽,C0AC60,2017-08-25T11:00:00+08:00,55.0,288,0.7,33.1,0.59,1002.1,-99,0.0,-99,-99,-99,新北市,06,三峽區,057
24.940806,121.361500,三峽,C0AC60,2017-08-25T12:00:00+08:00,55.0,254,2.0,34.2,0.57,1001.7,-99,0.0,-99,-99,-99,新北市,06,三峽區,057
24.940806,121.361500,三峽,C0AC60,2017-08-25T13:00:00+08:00,55.0,251,2.2,33.5,0.63,1001.7,-99,0.0,-99,-99,-99,新北市,06,三峽區,057
24.940806,121.361500,三峽,C0AC60,2017-08-25T14:00:00+08:00,55.0,238,2.5,32.9,0.68,1001.3,-99,0.0,-99,-99,-99,新北市,06,三峽區,057
24.940806,121.361500,三峽,C0AC60,2017-08-25T15:00:00+08:00,55.0,250,2.3,33.0,0.67,1001.2,-99,0.0,-99,-99,-99,新北市,06,三峽區,057
24.940806,121.361500,三峽,C0AC60,2017-08-25T16:00:00+08:00,55.0,249,1.5,33.7,0.64,1000.9,-99,0.0,-99,-99,-99,新北市,06,三峽區,057
24.940806,121.361500,三峽,C0AC60,2017-08-25T17:00:00+08:00,55.0,0,0.1,33.2,0.67,1000.7,-99,0.0,-99,-99,-99,新北市,06,三峽區,057
24.940806,121.361500,三峽,C0AC60,2017-08-25T18:00:00+08:00,55.0,79,1.4,32.7,0.62,1001.0,-99,0.0,-99,-99,-99,新北市,06,三峽區,057
24.940806,121.361500,三峽,C0AC60,2017-08-25T19:00:00+08:00,55.0,82,0.9,31.4,0.64,1000.8,-99,0.0,-99,-99,-99,新北市,06,三峽區,057
24.940806,121.361500,三峽,C0AC60,2017-08-25T20:00:00+08:00,55.0,92,1.5,30.9,0.66,1001.4,-99,0.0,-99,-99,-99,新北市,06,三峽區,057
24.940806,121.361500,三峽,C0AC60,2017-08-25T21:00:00+08:00,55.0,205,0.8,29.6,0.74,1002.1,-99,0.0,-99,-99,-99,新北市,06,三峽區,057
24.940806,121.361500,三峽,C0AC60,2017-08-25T22:00:00+08:00,55.0,179,0.4,28.5,0.85,1002.6,-99,0.0,-99,-99,-99,新北市,06,三峽區,057
24.940806,121.361500,三峽,C0AC60,2017-08-25T23:00:00+08:00,55.0,0,0.2,27.6,0.89,1002.7,-99,0.0,-99,-99,-99,新北市,06,三峽區,057
24.940806,121.361500,三峽,C0AC60,2017-08-26T00:00:00+08:00,55.0,197,1.0,27.5,0.89,1002.6,-99,0.0,-99,-99,-99,新北市,06,三峽區,057
24.940806,121.361500,三峽,C0AC60,2017-08-26T01:00:00+08:00,55.0,133,0.9,27.4,0.86,1002.2,-99,0.0,-99,-99,-99,新北市,06,三峽區,057
24.940806,121.361500,三峽,C0AC60,2017-08-26T02:00:00+08:00,55.0,0,0.1,27.0,0.87,1001.7,-99,0.0,-99,-99,-99,新北市,06,三峽區,057
24.940806,121.361500,三峽,C0AC60,2017-08-26T03:00:00+08:00,55.0,209,0.9,26.5,0.86,1001.5,-99,0.0,-99,-99,-99,新北市,06,三峽區,057
24.940806,121.361500,三峽,C0AC60,2017-08-26T04:00:00+08:00,55.0,0,0.1,26.4,0.86,1001.7,-99,0.0,-99,-99,-99,新北市,06,三峽區,057
24.940806,121.361500,三峽,C0AC60,2017-08-26T05:00:00+08:00,55.0,216,0.8,25.9,0.88,1001.8,-99,0.0,-99,-99,-99,新北市,06,三峽區,057
24.940806,121.361500,三峽,C0AC60,2017-08-26T06:00:00+08:00,55.0,197,0.9,25.9,0.88,1002.2,-99,0.0,-99,-99,-99,新北市,06,三峽區,057
24.940806,121.361500,三峽,C0AC60,2017-08-26T07:00:00+08:00,55.0,0,0.1,27.7,0.81,1002.7,-99,0.0,-99,-99,-99,新北市,06,三峽區,057
24.940806,121.361500,三峽,C0AC60,2017-08-26T08:00:00+08:00,55.0,0,0.0,29.7,0.69,1003.0,-99,0.0,-99,-99,-99,新北市,06,三峽區,057
24.940806,121.361500,三峽,C0AC60,2017-08-26T09:00:00+08:00,55.0,325,0.7,30.9,0.65,1003.0,-99,0.0,-99,-99,-99,新北市,06,三峽區,057
24.940806,121.361500,三峽,C0AC60,2017-08-26T10:00:00+08:00,55.0,233,0.3,33.6,0.57,1002.1,-99,0.0,-99,-99,-99,新北市,06,三峽區,057
24.940806,121.361500,三峽,C0AC60,2017-08-26T11:00:00+08:00,55.0,89,1.8,35.9,0.48,1001.1,-99,0.0,-99,-99,-99,新北市,06,三峽區,057
24.940806,121.361500,三峽,C0AC60,2017-08-26T12:00:00+08:00,55.0,93,2.7,35.9,0.48,1001.0,-99,0.0,8.8,74,2017-08-26T11:47:00+08:00,新北市,06,三峽區,057
24.940806,121.361500,三峽,C0AC60,2017-08-26T13:00:00+08:00,55.0,91,2.3,36.4,0.47,1001.1,-99,0.0,8.8,97,2017-08-26T12:06:00+08:00,新北市,06,三峽區,057
24.940806,121.361500,三峽,C0AC60,2017-08-26T14:00:00+08:00,55.0,91,3.1,36.7,0.45,1000.7,-99,0.0,7.7,84,2017-08-26T13:04:00+08:00,新北市,06,三峽區,057
24.940806,121.361500,三峽,C0AC60,2017-08-26T15:00:00+08:00,55.0,93,3.2,35.8,0.49,1000.6,-99,0.0,-99,-99,-99,新北市,06,三峽區,057
24.940806,121.361500,三峽,C0AC60,2017-08-26T16:00:00+08:00,55.0,86,2.3,34.8,0.51,1000.8,-99,0.0,-99,-99,-99,新北市,06,三峽區,057
24.940806,121.361500,三峽,C0AC60,2017-08-26T17:00:00+08:00,55.0,82,1.6,35.1,0.5,1000.7,-99,0.0,-99,-99,-99,新北市,06,三峽區,057
24.940806,121.361500,三峽,C0AC60,2017-08-26T18:00:00+08:00,55.0,70,0.8,33.1,0.57,1000.7,-99,0.0,8.8,81,2017-08-26T17:50:00+08:00,新北市,06,三峽區,057
24.940806,121.361500,三峽,C0AC60,2017-08-26T19:00:00+08:00,55.0,93,3.8,31.3,0.62,1000.8,-99,0.0,8.8,97,2017-08-26T18:49:00+08:00,新北市,06,三峽區,057
24.940806,121.361500,三峽,C0AC60,2017-08-26T20:00:00+08:00,55.0,92,4.2,30.8,0.64,1001.3,-99,0.0,9.9,82,2017-08-26T19:12:00+08:00,新北市,06,三峽區,057
24.940806,121.361500,三峽,C0AC60,2017-08-26T21:00:00+08:00,55.0,91,3.5,30.6,0.65,1001.8,-99,0.0,-99,-99,-99,新北市,06,三峽區,057
24.940806,121.361500,三峽,C0AC60,2017-08-26T22:00:00+08:00,55.0,101,1.1,30.5,0.65,1002.4,-99,0.0,8.2,61,2017-08-26T21:33:00+08:00,新北市,06,三峽區,057
24.940806,121.361500,三峽,C0AC60,2017-08-26T23:00:00+08:00,55.0,138,0.8,30.2,0.66,1003.2,-99,0.0,-99,-99,-99,新北市,06,三峽區,057
24.940806,121.361500,三峽,C0AC60,2017-08-27T00:00:00+08:00,55.0,189,0.8,28.6,0.76,1003.2,-99,0.0,-99,-99,-99,新北市,06,三峽區,057
24.940806,121.361500,三峽,C0AC60,2017-08-27T01:00:00+08:00,55.0,0,0.2,28.0,0.78,1002.9,-99,0.0,-99,-99,-99,新北市,06,三峽區,057
24.940806,121.361500,三峽,C0AC60,2017-08-27T02:00:00+08:00,55.0,174,1.8,27.6,0.8,1002.6,-99,0.0,-99,-99,-99,新北市,06,三峽區,057
24.940806,121.361500,三峽,C0AC60,2017-08-27T03:00:00+08:00,55.0,153,1.9,27.1,0.83,1002.7,-99,0.0,-99,-99,-99,新北市,06,三峽區,057
24.940806,121.361500,三峽,C0AC60,2017-08-27T04:00:00+08:00,55.0,210,2.0,27.0,0.82,1003.2,-99,0.0,-99,-99,-99,新北市,06,三峽區,057
24.940806,121.361500,三峽,C0AC60,2017-08-27T05:00:00+08:00,55.0,180,1.2,27.5,0.81,1003.8,-99,0.0,-99,-99,-99,新北市,06,三峽區,057
24.940806,121.361500,三峽,C0AC60,2017-08-27T06:00:00+08:00,55.0,194,0.9,26.7,0.79,1004.5,-99,0.0,-99,-99,-99,新北市,06,三峽區,057
24.940806,121.361500,三峽,C0AC60,2017-08-27T07:00:00+08:00,55.0,0,0.1,27.8,0.74,1005.2,-99,0.0,-99,-99,-99,新北市,06,三峽區,057
24.940806,121.361500,三峽,C0AC60,2017-08-27T08:00:00+08:00,55.0,0,0.2,29.7,0.68,1005.8,-99,0.0,-99,-99,-99,新北市,06,三峽區,057
24.940806,121.361500,三峽,C0AC60,2017-08-27T09:00:00+08:00,55.0,207,0.6,31.6,0.61,1006.3,-99,0.0,-99,-99,-99,新北市,06,三峽區,057
24.940806,121.361500,三峽,C0AC60,2017-08-27T10:00:00+08:00,55.0,242,2.2,32.2,0.64,1006.2,-99,0.0,-99,-99,-99,新北市,06,三峽區,057
24.940806,121.361500,三峽,C0AC60,2017-08-27T11:00:00+08:00,55.0,340,0.7,33.3,0.59,1005.6,-99,0.0,-99,-99,-99,新北市,06,三峽區,057
24.940806,121.361500,三峽,C0AC60,2017-08-27T12:00:00+08:00,55.0,252,1.6,34.4,0.53,1005.0,-99,0.0,-99,-99,-99,新北市,06,三峽區,057
24.940806,121.361500,三峽,C0AC60,2017-08-27T13:00:00+08:00,55.0,342,0.9,34.2,0.59,1004.4,-99,0.0,-99,-99,-99,新北市,06,三峽區,057
24.940806,121.361500,三峽,C0AC60,2017-08-27T14:00:00+08:00,55.0,346,1.7,33.4,0.57,1004.0,-99,0.0,-99,-99,-99,新北市,06,三峽區,057
24.940806,121.361500,三峽,C0AC60,2017-08-27T15:00:00+08:00,55.0,348,2.3,33.2,0.57,1003.8,-99,0.0,7.1,348,2017-08-27T14:35:00+08:00,新北市,06,三峽區,057
24.940806,121.361500,三峽,C0AC60,2017-08-27T16:00:00+08:00,55.0,235,3.1,31.7,0.69,1004.4,-99,0.0,-99,-99,-99,新北市,06,三峽區,057
24.940806,121.361500,三峽,C0AC60,2017-08-27T17:00:00+08:00,55.0,220,1.1,27.1,0.97,1005.1,-99,25.0,-99,-99,-99,新北市,06,三峽區,057
24.940806,121.361500,三峽,C0AC60,2017-08-27T18:00:00+08:00,55.0,208,2.9,25.1,0.95,1006.4,-99,54.0,11.5,236,2017-08-27T17:26:00+08:00,新北市,06,三峽區,057
24.940806,121.361500,三峽,C0AC60,2017-08-27T19:00:00+08:00,55.0,0,0.2,25.7,0.98,1007.1,-99,56.5,-99,-99,-99,新北市,06,三峽區,057
24.940806,121.361500,三峽,C0AC60,2017-08-27T20:00:00+08:00,55.0,0,0.0,25.8,0.96,1007.4,-99,56.5,-99,-99,-99,新北市,06,三峽區,057
24.940806,121.361500,三峽,C0AC60,2017-08-27T21:00:00+08:00,55.0,0,0.1,26.0,0.94,1007.8,-99,56.5,-99,-99,-99,新北市,06,三峽區,057
24.940806,121.361500,三峽,C0AC60,2017-08-27T22:00:00+08:00,55.0,213,0.5,25.6,0.94,1008.0,-99,56.5,-99,-99,-99,新北市,06,三峽區,057
24.940806,121.361500,三峽,C0AC60,2017-08-27T23:00:00+08:00,55.0,208,1.0,25.2,0.94,1008.0,-99,56.5,-99,-99,-99,新北市,06,三峽區,057
24.940806,121.361500,三峽,C0AC60,2017-08-28T00:00:00+08:00,55.0,205,0.3,25.5,0.92,1008.0,-99,56.5,-99,-99,-99,新北市,06,三峽區,057
24.940806,121.361500,三峽,C0AC60,2017-08-28T01:00:00+08:00,55.0,0,0.2,25.3,0.93,1007.6,-99,0.0,-99,-99,-99,新北市,06,三峽區,057
24.940806,121.361500,三峽,C0AC60,2017-08-28T02:00:00+08:00,55.0,207,0.3,25.4,0.92,1007.3,-99,0.0,-99,-99,-99,新北市,06,三峽區,057
24.940806,121.361500,三峽,C0AC60,2017-08-28T03:00:00+08:00,55.0,174,1.4,25.6,0.92,1006.9,-99,0.0,-99,-99,-99,新北市,06,三峽區,057
24.940806,121.361500,三峽,C0AC60,2017-08-28T04:00:00+08:00,55.0,207,0.5,25.6,0.92,1006.8,-99,0.0,-99,-99,-99,新北市,06,三峽區,057
24.940806,121.361500,三峽,C0AC60,2017-08-28T05:00:00+08:00,55.0,194,0.6,25.5,0.93,1007.0,-99,0.0,-99,-99,-99,新北市,06,三峽區,057
24.940806,121.361500,三峽,C0AC60,2017-08-28T06:00:00+08:00,55.0,180,0.3,25.7,0.94,1006.9,-99,0.0,-99,-99,-99,新北市,06,三峽區,057
24.940806,121.361500,三峽,C0AC60,2017-08-28T07:00:00+08:00,55.0,0,0.2,26.8,0.88,1007.0,-99,0.0,-99,-99,-99,新北市,06,三峽區,057
24.940806,121.361500,三峽,C0AC60,2017-08-28T08:00:00+08:00,55.0,81,1.2,29.3,0.8,1006.7,-99,0.0,-99,-99,-99,新北市,06,三峽區,057
24.940806,121.361500,三峽,C0AC60,2017-08-28T09:00:00+08:00,55.0,68,1.9,30.7,0.7,1006.2,-99,0.0,-99,-99,-99,新北市,06,三峽區,057
24.940806,121.361500,三峽,C0AC60,2017-08-28T10:00:00+08:00,55.0,68,1.6,32.4,0.63,1005.6,-99,0.0,-99,-99,-99,新北市,06,三峽區,057
24.940806,121.361500,三峽,C0AC60,2017-08-28T11:00:00+08:00,55.0,95,1.9,33.8,0.56,1004.7,-99,0.0,-99,-99,-99,新北市,06,三峽區,057
24.940806,121.361500,三峽,C0AC60,2017-08-28T12:00:00+08:00,55.0,79,1.7,35.0,0.51,1004.0,-99,0.0,-99,-99,-99,新北市,06,三峽區,057
24.940806,121.361500,三峽,C0AC60,2017-08-28T13:00:00+08:00,55.0,81,2.4,35.9,0.5,1003.4,-99,0.0,-99,-99,-99,新北市,06,三峽區,057
24.940806,121.361500,三峽,C0AC60,2017-08-28T14:00:00+08:00,55.0,86,2.0,35.9,0.5,1002.9,-99,0.0,-99,-99,-99,新北市,06,三峽區,057
24.940806,121.361500,三峽,C0AC60,2017-08-28T15:00:00+08:00,55.0,72,3.1,35.7,0.51,1002.2,-99,0.0,8.2,80,2017-08-28T14:39:00+08:00,新北市,06,三峽區,057
24.940806,121.361500,三峽,C0AC60,2017-08-28T16:00:00+08:00,55.0,68,2.8,34.9,0.55,1002.2,-99,0.0,8.2,81,2017-08-28T15:22:00+08:00,新北市,06,三峽區,057
24.940806,121.361500,三峽,C0AC60,2017-08-28T17:00:00+08:00,55.0,77,3.4,33.7,0.61,1002.4,-99,0.0,8.8,64,2017-08-28T16:19:00+08:00,新北市,06,三峽區,057
24.940806,121.361500,三峽,C0AC60,2017-08-28T18:00:00+08:00,55.0,85,2.3,32.7,0.55,1002.7,-99,0.0,8.2,63,2017-08-28T17:01:00+08:00,新北市,06,三峽區,057
24.940806,121.361500,三峽,C0AC60,2017-08-28T19:00:00+08:00,55.0,78,2.7,31.0,0.62,1003.3,-99,0.0,-99,-99,-99,新北市,06,三峽區,057
24.940806,121.361500,三峽,C0AC60,2017-08-28T20:00:00+08:00,55.0,83,2.5,30.2,0.64,1003.6,-99,0.0,-99,-99,-99,新北市,06,三峽區,057
24.940806,121.361500,三峽,C0AC60,2017-08-28T21:00:00+08:00,55.0,80,2.7,29.6,0.66,1004.3,-99,0.0,-99,-99,-99,新北市,06,三峽區,057
24.940806,121.361500,三峽,C0AC60,2017-08-28T22:00:00+08:00,55.0,76,2.5,29.4,0.67,1004.2,-99,0.0,8.2,85,2017-08-28T21:51:00+08:00,新北市,06,三峽區,057
24.940806,121.361500,三峽,C0AC60,2017-08-28T23:00:00+08:00,55.0,83,2.6,29.1,0.68,1004.0,-99,0.0,8.2,91,2017-08-28T22:21:00+08:00,新北市,06,三峽區,057
24.940806,121.361500,三峽,C0AC60,2017-08-29T00:00:00+08:00,55.0,143,1.3,28.0,0.74,1003.7,-99,0.0,-99,-99,-99,新北市,06,三峽區,057
24.940806,121.361500,三峽,C0AC60,2017-08-29T01:00:00+08:00,55.0,167,2.4,26.0,0.82,1003.6,-99,0.0,-99,-99,-99,新北市,06,三峽區,057
24.940806,121.361500,三峽,C0AC60,2017-08-29T02:00:00+08:00,55.0,158,1.3,25.1,0.86,1003.5,-99,0.0,-99,-99,-99,新北市,06,三峽區,057
24.940806,121.361500,三峽,C0AC60,2017-08-29T03:00:00+08:00,55.0,158,2.5,25.0,0.83,1003.5,-99,0.0,-99,-99,-99,新北市,06,三峽區,057
24.940806,121.361500,三峽,C0AC60,2017-08-29T04:00:00+08:00,55.0,166,1.5,25.0,0.82,1003.6,-99,0.0,-99,-99,-99,新北市,06,三峽區,057
24.940806,121.361500,三峽,C0AC60,2017-08-29T05:00:00+08:00,55.0,162,2.7,24.6,0.84,1003.7,-99,0.0,-99,-99,-99,新北市,06,三峽區,057
24.940806,121.361500,三峽,C0AC60,2017-08-29T06:00:00+08:00,55.0,161,1.9,24.4,0.84,1004.3,-99,0.0,-99,-99,-99,新北市,06,三峽區,057
24.940806,121.361500,三峽,C0AC60,2017-08-29T07:00:00+08:00,55.0,88,0.8,27.4,0.78,1004.3,-99,0.0,-99,-99,-99,新北市,06,三峽區,057
24.940806,121.361500,三峽,C0AC60,2017-08-29T08:00:00+08:00,55.0,72,3.0,30.2,0.7,1004.2,-99,0.0,8.2,76,2017-08-29T07:41:00+08:00,新北市,06,三峽區,057
24.940806,121.361500,三峽,C0AC60,2017-08-29T09:00:00+08:00,55.0,82,2.2,32.2,0.6,1003.9,-99,0.0,-99,-99,-99,新北市,06,三峽區,057
24.940806,121.361500,三峽,C0AC60,2017-08-29T10:00:00+08:00,55.0,68,2.9,33.6,0.55,1003.6,-99,0.0,-99,-99,-99,新北市,06,三峽區,057
24.940806,121.361500,三峽,C0AC60,2017-08-29T11:00:00+08:00,55.0,77,3.1,35.1,0.48,1003.0,-99,0.0,9.3,71,2017-08-29T10:27:00+08:00,新北市,06,三峽區,057
24.940806,121.361500,三峽,C0AC60,2017-08-29T12:00:00+08:00,55.0,82,2.7,35.5,0.46,1002.4,-99,0.0,11.0,86,2017-08-29T11:02:00+08:00,新北市,06,三峽區,057
24.940806,121.361500,三峽,C0AC60,2017-08-29T13:00:00+08:00,55.0,73,3.2,35.0,0.57,1001.8,-99,0.0,10.4,93,2017-08-29T12:46:00+08:00,新北市,06,三峽區,057
24.940806,121.361500,三峽,C0AC60,2017-08-29T14:00:00+08:00,55.0,69,4.0,35.1,0.55,1001.3,-99,0.0,10.4,89,2017-08-29T13:01:00+08:00,新北市,06,三峽區,057
24.940806,121.361500,三峽,C0AC60,2017-08-29T15:00:00+08:00,55.0,69,3.7,34.9,0.55,1000.9,-99,0.0,12.1,86,2017-08-29T14:19:00+08:00,新北市,06,三峽區,057
24.940806,121.361500,三峽,C0AC60,2017-08-29T16:00:00+08:00,55.0,93,2.5,35.2,0.46,1001.1,-99,0.0,9.9,87,2017-08-29T15:01:00+08:00,新北市,06,三峽區,057
24.940806,121.361500,三峽,C0AC60,2017-08-29T17:00:00+08:00,55.0,91,3.0,34.4,0.48,1001.6,-99,0.0,11.0,98,2017-08-29T16:33:00+08:00,新北市,06,三峽區,057
24.940806,121.361500,三峽,C0AC60,2017-08-29T18:00:00+08:00,55.0,92,2.4,32.9,0.55,1002.2,-99,0.0,8.2,89,2017-08-29T17:01:00+08:00,新北市,06,三峽區,057
24.940806,121.361500,三峽,C0AC60,2017-08-29T19:00:00+08:00,55.0,94,1.8,31.3,0.63,1002.8,-99,0.0,-99,-99,-99,新北市,06,三峽區,057
24.940806,121.361500,三峽,C0AC60,2017-08-29T20:00:00+08:00,55.0,96,1.7,30.6,0.67,1003.3,-99,0.0,6.0,68,2017-08-29T19:13:00+08:00,新北市,06,三峽區,057
24.940806,121.361500,三峽,C0AC60,2017-08-29T21:00:00+08:00,55.0,92,1.2,30.3,0.69,1003.7,-99,0.0,-99,-99,-99,新北市,06,三峽區,057
24.940806,121.361500,三峽,C0AC60,2017-08-29T22:00:00+08:00,55.0,94,1.4,30.0,0.71,1003.6,-99,0.0,-99,-99,-99,新北市,06,三峽區,057
24.940806,121.361500,三峽,C0AC60,2017-08-29T23:00:00+08:00,55.0,90,2.0,29.8,0.69,1003.4,-99,0.0,-99,-99,-99,新北市,06,三峽區,057
24.940806,121.361500,三峽,C0AC60,2017-08-30T00:00:00+08:00,55.0,76,1.7,29.4,0.72,1003.1,-99,0.0,-99,-99,-99,新北市,06,三峽區,057
24.940806,121.361500,三峽,C0AC60,2017-08-30T01:00:00+08:00,55.0,87,2.2,29.2,0.71,1002.7,-99,0.0,-99,-99,-99,新北市,06,三峽區,057
24.940806,121.361500,三峽,C0AC60,2017-08-30T02:00:00+08:00,55.0,85,3.1,28.9,0.72,1002.0,-99,0.0,-99,-99,-99,新北市,06,三峽區,057
24.940806,121.361500,三峽,C0AC60,2017-08-30T03:00:00+08:00,55.0,82,3.2,28.8,0.71,1001.8,-99,0.0,7.1,90,2017-08-30T02:01:00+08:00,新北市,06,三峽區,057
24.940806,121.361500,三峽,C0AC60,2017-08-30T04:00:00+08:00,55.0,110,0.3,28.3,0.75,1001.5,-99,0.0,-99,-99,-99,新北市,06,三峽區,057
24.940806,121.361500,三峽,C0AC60,2017-08-30T05:00:00+08:00,55.0,83,3.0,28.1,0.77,1001.8,-99,0.0,-99,-99,-99,新北市,06,三峽區,057
24.940806,121.361500,三峽,C0AC60,2017-08-30T06:00:00+08:00,55.0,93,1.0,27.7,0.79,1002.1,-99,0.0,-99,-99,-99,新北市,06,三峽區,057
24.940806,121.361500,三峽,C0AC60,2017-08-30T07:00:00+08:00,55.0,76,2.8,28.9,0.73,1002.3,-99,0.0,-99,-99,-99,新北市,06,三峽區,057
24.940806,121.361500,三峽,C0AC60,2017-08-30T08:00:00+08:00,55.0,91,2.4,30.3,0.69,1002.3,-99,0.0,-99,-99,-99,新北市,06,三峽區,057
24.940806,121.361500,三峽,C0AC60,2017-08-30T09:00:00+08:00,55.0,88,2.8,31.8,0.65,1002.1,-99,0.0,-99,-99,-99,新北市,06,三峽區,057
24.940806,121.361500,三峽,C0AC60,2017-08-30T10:00:00+08:00,55.0,75,2.8,32.1,0.65,1001.6,-99,0.0,8.2,43,2017-08-30T09:57:00+08:00,新北市,06,三峽區,057
24.940806,121.361500,三峽,C0AC60,2017-08-30T11:00:00+08:00,55.0,76,3.2,32.7,0.63,1001.3,-99,0.0,-99,-99,-99,新北市,06,三峽區,057
24.940806,121.361500,三峽,C0AC60,2017-08-30T12:00:00+08:00,55.0,90,2.7,32.0,0.66,1001.2,-99,0.0,8.2,90,2017-08-30T11:18:00+08:00,新北市,06,三峽區,057
24.940806,121.361500,三峽,C0AC60,2017-08-30T13:00:00+08:00,55.0,76,3.1,33.1,0.61,1000.6,-99,0.0,9.9,94,2017-08-30T12:43:00+08:00,新北市,06,三峽區,057
24.940806,121.361500,三峽,C0AC60,2017-08-30T14:00:00+08:00,55.0,92,2.8,33.6,0.59,1000.2,-99,0.0,8.8,93,2017-08-30T13:28:00+08:00,新北市,06,三峽區,057
24.940806,121.361500,三峽,C0AC60,2017-08-30T15:00:00+08:00,55.0,93,1.8,32.0,0.65,1000.3,-99,0.0,8.2,82,2017-08-30T14:30:00+08:00,新北市,06,三峽區,057
24.940806,121.361500,三峽,C0AC60,2017-08-30T16:00:00+08:00,55.0,92,2.4,31.2,0.67,1000.5,-99,0.0,-99,-99,-99,新北市,06,三峽區,057
24.940806,121.361500,三峽,C0AC60,2017-08-30T17:00:00+08:00,55.0,92,2.7,31.1,0.66,1000.8,-99,0.0,-99,-99,-99,新北市,06,三峽區,057
24.940806,121.361500,三峽,C0AC60,2017-08-30T18:00:00+08:00,55.0,95,1.8,31.2,0.64,1001.5,-99,0.0,6.6,70,2017-08-30T17:41:00+08:00,新北市,06,三峽區,057
24.940806,121.361500,三峽,C0AC60,2017-08-30T19:00:00+08:00,55.0,95,1.9,30.5,0.65,1001.9,-99,0.0,-99,-99,-99,新北市,06,三峽區,057
24.940806,121.361500,三峽,C0AC60,2017-08-30T20:00:00+08:00,55.0,89,2.6,29.9,0.69,1002.3,-99,0.0,-99,-99,-99,新北市,06,三峽區,057
24.940806,121.361500,三峽,C0AC60,2017-08-30T21:00:00+08:00,55.0,90,2.4,29.4,0.7,1002.3,-99,0.0,-99,-99,-99,新北市,06,三峽區,057
24.940806,121.361500,三峽,C0AC60,2017-08-30T22:00:00+08:00,55.0,86,2.7,29.3,0.72,1001.6,-99,0.0,-99,-99,-99,新北市,06,三峽區,057
24.940806,121.361500,三峽,C0AC60,2017-08-30T23:00:00+08:00,55.0,94,1.5,29.1,0.76,1001.3,-99,0.0,-99,-99,-99,新北市,06,三峽區,057
24.940806,121.361500,三峽,C0AC60,2017-08-31T00:00:00+08:00,55.0,90,1.8,29.2,0.76,1001.0,-99,0.0,-99,-99,-99,新北市,06,三峽區,057
24.940806,121.361500,三峽,C0AC60,2017-08-31T01:00:00+08:00,55.0,78,2.1,28.8,0.77,1001.2,-99,0.0,-99,-99,-99,新北市,06,三峽區,057
24.940806,121.361500,三峽,C0AC60,2017-08-31T02:00:00+08:00,55.0,77,1.6,28.8,0.78,1000.7,-99,0.0,7.1,89,2017-08-31T01:51:00+08:00,新北市,06,三峽區,057
24.940806,121.361500,三峽,C0AC60,2017-08-31T03:00:00+08:00,55.0,108,1.4,28.7,0.79,1000.7,-99,0.0,-99,-99,-99,新北市,06,三峽區,057
24.940806,121.361500,三峽,C0AC60,2017-08-31T04:00:00+08:00,55.0,96,1.0,28.6,0.78,1000.4,-99,0.0,-99,-99,-99,新北市,06,三峽區,057
24.940806,121.361500,三峽,C0AC60,2017-08-31T05:00:00+08:00,55.0,79,1.9,28.2,0.81,1000.0,-99,0.0,-99,-99,-99,新北市,06,三峽區,057
24.940806,121.361500,三峽,C0AC60,2017-08-31T06:00:00+08:00,55.0,84,2.6,28.4,0.75,1000.4,-99,0.0,8.8,96,2017-08-31T05:43:00+08:00,新北市,06,三峽區,057
24.940806,121.361500,三峽,C0AC60,2017-08-31T07:00:00+08:00,55.0,91,2.5,28.9,0.74,1001.0,-99,0.0,8.8,86,2017-08-31T06:25:00+08:00,新北市,06,三峽區,057
24.940806,121.361500,三峽,C0AC60,2017-08-31T08:00:00+08:00,55.0,74,3.3,30.6,0.7,1001.1,-99,0.0,10.4,81,2017-08-31T08:00:00+08:00,新北市,06,三峽區,057
24.940806,121.361500,三峽,C0AC60,2017-08-31T09:00:00+08:00,55.0,75,3.7,32.2,0.62,1001.1,-99,0.0,12.1,59,2017-08-31T08:12:00+08:00,新北市,06,三峽區,057
24.940806,121.361500,三峽,C0AC60,2017-08-31T10:00:00+08:00,55.0,84,2.7,32.9,0.58,1001.0,-99,0.0,11.0,96,2017-08-31T09:08:00+08:00,新北市,06,三峽區,057
24.940806,121.361500,三峽,C0AC60,2017-08-31T11:00:00+08:00,55.0,78,4.1,32.6,0.6,1001.0,-99,0.0,9.3,87,2017-08-31T10:03:00+08:00,新北市,06,三峽區,057
24.940806,121.361500,三峽,C0AC60,2017-08-31T12:00:00+08:00,55.0,76,3.1,33.7,0.56,1000.4,-99,0.0,11.5,68,2017-08-31T11:04:00+08:00,新北市,06,三峽區,057
24.940806,121.361500,三峽,C0AC60,2017-08-31T13:00:00+08:00,55.0,90,3.4,33.0,0.62,1000.1,-99,0.0,11.5,61,2017-08-31T12:44:00+08:00,新北市,06,三峽區,057
24.940806,121.361500,三峽,C0AC60,2017-08-31T14:00:00+08:00,55.0,81,3.8,32.8,0.63,999.4,-99,0.0,9.9,92,2017-08-31T13:37:00+08:00,新北市,06,三峽區,057
24.940806,121.361500,三峽,C0AC60,2017-08-31T15:00:00+08:00,55.0,77,3.6,31.3,0.67,999.1,-99,0.0,12.6,65,2017-08-31T14:38:00+08:00,新北市,06,三峽區,057
24.940806,121.361500,三峽,C0AC60,2017-08-31T16:00:00+08:00,55.0,74,3.3,30.5,0.71,999.3,-99,0.0,14.3,68,2017-08-31T15:39:00+08:00,新北市,06,三峽區,057
24.940806,121.361500,三峽,C0AC60,2017-08-31T17:00:00+08:00,55.0,93,3.2,29.6,0.74,999.4,-99,0.0,9.9,81,2017-08-31T16:05:00+08:00,新北市,06,三峽區,057
24.940806,121.361500,三峽,C0AC60,2017-08-31T18:00:00+08:00,55.0,94,2.7,29.4,0.73,1000.1,-99,0.0,7.7,87,2017-08-31T17:48:00+08:00,新北市,06,三峽區,057
24.940806,121.361500,三峽,C0AC60,2017-08-31T19:00:00+08:00,55.0,93,1.9,29.1,0.73,1000.4,-99,0.0,8.2,95,2017-08-31T18:33:00+08:00,新北市,06,三峽區,057
24.940806,121.361500,三峽,C0AC60,2017-08-31T20:00:00+08:00,55.0,96,2.0,28.9,0.74,1000.8,-99,0.0,-99,-99,-99,新北市,06,三峽區,057
24.940806,121.361500,三峽,C0AC60,2017-08-31T21:00:00+08:00,55.0,95,2.6,28.8,0.74,1001.1,-99,0.0,-99,-99,-99,新北市,06,三峽區,057
24.940806,121.361500,三峽,C0AC60,2017-08-31T22:00:00+08:00,55.0,89,1.9,27.6,0.84,1001.1,-99,0.0,-99,-99,-99,新北市,06,三峽區,057
24.940806,121.361500,三峽,C0AC60,2017-08-31T23:00:00+08:00,55.0,85,1.9,27.5,0.85,1000.9,-99,0.0,-99,-99,-99,新北市,06,三峽區,057
