24.940806,121.361500,三峽,C0AC60,2017-11-01T00:00:00+08:00,55.0,80,0.9,20.7,0.89,1012.6,-99,0.0,-99,-99,-99,新北市,06,三峽區,057
24.940806,121.361500,三峽,C0AC60,2017-11-01T01:00:00+08:00,55.0,87,2.1,20.5,0.91,1012.1,-99,0.0,-99,-99,-99,新北市,06,三峽區,057
24.940806,121.361500,三峽,C0AC60,2017-11-01T02:00:00+08:00,55.0,102,1.0,20.5,0.91,1011.4,-99,0.0,-99,-99,-99,新北市,06,三峽區,057
24.940806,121.361500,三峽,C0AC60,2017-11-01T03:00:00+08:00,55.0,151,0.6,20.1,0.92,1011.0,-99,0.0,-99,-99,-99,新北市,06,三峽區,057
24.940806,121.361500,三峽,C0AC60,2017-11-01T04:00:00+08:00,55.0,97,1.2,19.8,0.93,1010.6,-99,0.0,-99,-99,-99,新北市,06,三峽區,057
24.940806,121.361500,三峽,C0AC60,2017-11-01T05:00:00+08:00,55.0,171,1.4,18.7,0.9,1011.0,-99,0.0,-99,-99,-99,新北市,06,三峽區,057
24.940806,121.361500,三峽,C0AC60,2017-11-01T06:00:00+08:00,55.0,160,1.4,17.8,0.92,1011.5,-99,0.0,-99,-99,-99,新北市,06,三峽區,057
24.940806,121.361500,三峽,C0AC60,2017-11-01T07:00:00+08:00,55.0,150,0.7,18.5,0.89,1011.9,-99,0.0,-99,-99,-99,新北市,06,三峽區,057
24.940806,121.361500,三峽,C0AC60,2017-11-01T08:00:00+08:00,55.0,0,0.0,22.3,0.8,1012.1,-99,0.0,-99,-99,-99,新北市,06,三峽區,057
24.940806,121.361500,三峽,C0AC60,2017-11-01T09:00:00+08:00,55.0,77,1.9,23.5,0.81,1012.0,-99,0.0,8.2,72,2017-11-01T08:26:00+08:00,新北市,06,三峽區,057
24.940806,121.361500,三峽,C0AC60,2017-11-01T10:00:00+08:00,55.0,77,3.2,25.1,0.75,1011.3,-99,0.0,9.3,94,2017-11-01T09:48:00+08:00,新北市,06,三峽區,057
24.940806,121.361500,三峽,C0AC60,2017-11-01T11:00:00+08:00,55.0,74,3.9,25.8,0.72,1010.1,-99,0.0,10.4,61,2017-11-01T10:37:00+08:00,新北市,06,三峽區,057
24.940806,121.361500,三峽,C0AC60,2017-11-01T12:00:00+08:00,55.0,69,3.9,26.8,0.69,1008.7,-99,0.0,10.4,38,2017-11-01T11:03:00+08:00,新北市,06,三峽區,057
24.940806,121.361500,三峽,C0AC60,2017-11-01T13:00:00+08:00,55.0,74,3.8,28.5,0.56,1007.6,-99,0.0,11.0,53,2017-11-01T12:06:00+08:00,新北市,06,三峽區,057
24.940806,121.361500,三峽,C0AC60,2017-11-01T14:00:00+08:00,55.0,75,3.6,28.4,0.57,1007.4,-99,0.0,10.4,104,2017-11-01T13:11:00+08:00,新北市,06,三峽區,057
24.940806,121.361500,三峽,C0AC60,2017-11-01T15:00:00+08:00,55.0,77,2.9,28.3,0.58,1007.3,-99,0.0,10.4,67,2017-11-01T14:38:00+08:00,新北市,06,三峽區,057
24.940806,121.361500,三峽,C0AC60,2017-11-01T16:00:00+08:00,55.0,77,3.1,27.8,0.6,1007.7,-99,0.0,8.8,80,2017-11-01T15:24:00+08:00,新北市,06,三峽區,057
24.940806,121.361500,三峽,C0AC60,2017-11-01T17:00:00+08:00,55.0,77,3.4,26.2,0.68,1007.9,-99,0.0,8.8,53,2017-11-01T16:08:00+08:00,新北市,06,三峽區,057
24.940806,121.361500,三峽,C0AC60,2017-11-01T18:00:00+08:00,55.0,76,2.7,25.2,0.76,1008.1,-99,0.0,-99,-99,-99,新北市,06,三峽區,057
24.940806,121.361500,三峽,C0AC60,2017-11-01T19:00:00+08:00,55.0,78,2.8,24.4,0.82,1008.7,-99,0.0,7.7,49,2017-11-01T18:24:00+08:00,新北市,06,三峽區,057
24.940806,121.361500,三峽,C0AC60,2017-11-01T20:00:00+08:00,55.0,92,1.3,23.9,0.87,1009.1,-99,0.0,8.2,94,2017-11-01T19:02:00+08:00,新北市,06,三峽區,057
24.940806,121.361500,三峽,C0AC60,2017-11-01T21:00:00+08:00,55.0,100,1.2,23.7,0.89,1009.3,-99,0.0,-99,-99,-99,新北市,06,三峽區,057
24.940806,121.361500,三峽,C0AC60,2017-11-01T22:00:00+08:00,55.0,160,1.1,21.9,0.88,1009.5,-99,0.0,-99,-99,-99,新北市,06,三峽區,057
24.940806,121.361500,三峽,C0AC60,2017-11-01T23:00:00+08:00,55.0,175,1.0,21.2,0.89,1009.7,-99,0.0,-99,-99,-99,新北市,06,三峽區,057
24.940806,121.361500,三峽,C0AC60,2017-11-02T00:00:00+08:00,55.0,200,0.4,20.8,0.9,1009.3,-99,0.0,-99,-99,-99,新北市,06,三峽區,057
24.940806,121.361500,三峽,C0AC60,2017-11-02T01:00:00+08:00,55.0,205,1.2,20.5,0.91,1009.3,-99,0.0,-99,-99,-99,新北市,06,三峽區,057
24.940806,121.361500,三峽,C0AC60,2017-11-02T02:00:00+08:00,55.0,177,0.3,20.4,0.92,1008.9,-99,0.0,-99,-99,-99,新北市,06,三峽區,057
24.940806,121.361500,三峽,C0AC60,2017-11-02T03:00:00+08:00,55.0,0,0.2,20.0,0.94,1008.7,-99,0.0,-99,-99,-99,新北市,06,三峽區,057
24.940806,121.361500,三峽,C0AC60,2017-11-02T04:00:00+08:00,55.0,167,1.8,20.0,0.9,1008.2,-99,0.0,-99,-99,-99,新北市,06,三峽區,057
24.940806,121.361500,三峽,C0AC60,2017-11-02T05:00:00+08:00,55.0,193,0.4,20.1,0.89,1008.3,-99,0.0,-99,-99,-99,新北市,06,三峽區,057
24.940806,121.361500,三峽,C0AC60,2017-11-02T06:00:00+08:00,55.0,203,0.9,20.1,0.88,1008.7,-99,0.0,-99,-99,-99,新北市,06,三峽區,057
24.940806,121.361500,三峽,C0AC60,2017-11-02T07:00:00+08:00,55.0,0,0.0,20.6,0.87,1009.1,-99,0.0,-99,-99,-99,新北市,06,三峽區,057
24.940806,121.361500,三峽,C0AC60,2017-11-02T08:00:00+08:00,55.0,91,1.2,23.9,0.76,1009.1,-99,0.0,-99,-99,-99,新北市,06,三峽區,057
24.940806,121.361500,三峽,C0AC60,2017-11-02T09:00:00+08:00,55.0,0,0.0,24.9,0.75,1009.1,-99,0.0,-99,-99,-99,新北市,06,三峽區,057
24.940806,121.361500,三峽,C0AC60,2017-11-02T10:00:00+08:00,55.0,64,0.7,26.5,0.73,1008.8,-99,0.0,-99,-99,-99,新北市,06,三峽區,057
24.940806,121.361500,三峽,C0AC60,2017-11-02T11:00:00+08:00,55.0,37,0.3,28.0,0.7,1007.9,-99,0.0,-99,-99,-99,新北市,06,三峽區,057
24.940806,121.361500,三峽,C0AC60,2017-11-02T12:00:00+08:00,55.0,39,0.4,29.0,0.67,1006.9,-99,0.0,-99,-99,-99,新北市,06,三峽區,057
24.940806,121.361500,三峽,C0AC60,2017-11-02T13:00:00+08:00,55.0,300,1.0,26.8,0.82,1006.5,-99,0.0,-99,-99,-99,新北市,06,三峽區,057
24.940806,121.361500,三峽,C0AC60,2017-11-02T14:00:00+08:00,55.0,300,1.2,26.6,0.83,1006.2,-99,0.0,-99,-99,-99,新北市,06,三峽區,057
24.940806,121.361500,三峽,C0AC60,2017-11-02T15:00:00+08:00,55.0,297,1.2,26.0,0.87,1006.3,-99,0.0,-99,-99,-99,新北市,06,三峽區,057
24.940806,121.361500,三峽,C0AC60,2017-11-02T16:00:00+08:00,55.0,0,0.0,25.9,0.88,1006.5,-99,0.0,-99,-99,-99,新北市,06,三峽區,057
24.940806,121.361500,三峽,C0AC60,2017-11-02T17:00:00+08:00,55.0,211,0.6,25.7,0.89,1006.9,-99,0.0,-99,-99,-99,新北市,06,三峽區,057
24.940806,121.361500,三峽,C0AC60,2017-11-02T18:00:00+08:00,55.0,0,0.0,25.5,0.9,1007.0,-99,0.0,-99,-99,-99,新北市,06,三峽區,057
24.940806,121.361500,三峽,C0AC60,2017-11-02T19:00:00+08:00,55.0,0,0.1,25.5,0.9,1007.7,-99,0.0,-99,-99,-99,新北市,06,三峽區,057
24.940806,121.361500,三峽,C0AC60,2017-11-02T20:00:00+08:00,55.0,0,0.0,24.9,0.91,1008.5,-99,0.0,-99,-99,-99,新北市,06,三峽區,057
24.940806,121.361500,三峽,C0AC60,2017-11-02T21:00:00+08:00,55.0,63,0.3,24.8,0.92,1008.6,-99,0.0,-99,-99,-99,新北市,06,三峽區,057
24.940806,121.361500,三峽,C0AC60,2017-11-02T22:00:00+08:00,55.0,318,0.6,24.6,0.92,1009.1,-99,0.0,-99,-99,-99,新北市,06,三峽區,057
24.940806,121.361500,三峽,C0AC60,2017-11-02T23:00:00+08:00,55.0,312,0.8,24.5,0.92,1009.1,-99,0.0,-99,-99,-99,新北市,06,三峽區,057
24.940806,121.361500,三峽,C0AC60,2017-11-03T00:00:00+08:00,55.0,0,0.1,24.4,0.93,1008.9,-99,0.0,-99,-99,-99,新北市,06,三峽區,057
24.940806,121.361500,三峽,C0AC60,2017-11-03T01:00:00+08:00,55.0,192,0.3,23.8,0.98,1008.5,-99,0.5,-99,-99,-99,新北市,06,三峽區,057
24.940806,121.361500,三峽,C0AC60,2017-11-03T02:00:00+08:00,55.0,0,0.2,23.5,0.99,1008.3,-99,0.5,-99,-99,-99,新北市,06,三峽區,057
24.940806,121.361500,三峽,C0AC60,2017-11-03T03:00:00+08:00,55.0,89,0.4,23.2,0.98,1008.5,-99,1.0,-99,-99,-99,新北市,06,三峽區,057
24.940806,121.361500,三峽,C0AC60,2017-11-03T04:00:00+08:00,55.0,0,0.0,22.9,0.99,1008.2,-99,4.5,-99,-99,-99,新北市,06,三峽區,057
24.940806,121.361500,三峽,C0AC60,2017-11-03T05:00:00+08:00,55.0,85,0.3,22.7,0.99,1008.8,-99,8.0,-99,-99,-99,新北市,06,三峽區,057
24.940806,121.361500,三峽,C0AC60,2017-11-03T06:00:00+08:00,55.0,0,0.2,22.5,0.99,1009.5,-99,10.0,-99,-99,-99,新北市,06,三峽區,057
24.940806,121.361500,三峽,C0AC60,2017-11-03T07:00:00+08:00,55.0,0,0.0,22.4,0.99,1010.5,-99,11.0,-99,-99,-99,新北市,06,三峽區,057
24.940806,121.361500,三峽,C0AC60,2017-11-03T08:00:00+08:00,55.0,95,0.5,22.3,0.99,1011.3,-99,13.0,-99,-99,-99,新北市,06,三峽區,057
24.940806,121.361500,三峽,C0AC60,2017-11-03T09:00:00+08:00,55.0,0,0.0,22.7,0.99,1011.8,-99,13.0,-99,-99,-99,新北市,06,三峽區,057
24.940806,121.361500,三峽,C0AC60,2017-11-03T10:00:00+08:00,55.0,75,0.4,22.4,0.99,1011.7,-99,14.0,-99,-99,-99,新北市,06,三峽區,057
24.940806,121.361500,三峽,C0AC60,2017-11-03T11:00:00+08:00,55.0,88,0.6,22.1,0.97,1011.5,-99,14.5,-99,-99,-99,新北市,06,三峽區,057
24.940806,121.361500,三峽,C0AC60,2017-11-03T12:00:00+08:00,55.0,0,0.1,21.8,0.94,1011.5,-99,14.5,-99,-99,-99,新北市,06,三峽區,057
24.940806,121.361500,三峽,C0AC60,2017-11-03T13:00:00+08:00,55.0,86,0.5,21.3,0.95,1011.3,-99,14.5,-99,-99,-99,新北市,06,三峽區,057
24.940806,121.361500,三峽,C0AC60,2017-11-03T14:00:00+08:00,55.0,92,1.0,21.2,0.95,1011.2,-99,14.5,-99,-99,-99,新北市,06,三峽區,057
24.940806,121.361500,三峽,C0AC60,2017-11-03T15:00:00+08:00,55.0,92,1.3,21.4,0.9,1011.4,-99,15.0,-99,-99,-99,新北市,06,三峽區,057
24.940806,121.361500,三峽,C0AC60,2017-11-03T16:00:00+08:00,55.0,90,0.8,21.5,0.87,1011.9,-99,15.0,-99,-99,-99,新北市,06,三峽區,057
24.940806,121.361500,三峽,C0AC60,2017-11-03T17:00:00+08:00,55.0,85,1.1,21.5,0.86,1012.4,-99,15.0,-99,-99,-99,新北市,06,三峽區,057
24.940806,121.361500,三峽,C0AC60,2017-11-03T18:00:00+08:00,55.0,77,0.7,21.6,0.88,1013.1,-99,15.0,-99,-99,-99,新北市,06,三峽區,057
24.940806,121.361500,三峽,C0AC60,2017-11-03T19:00:00+08:00,55.0,0,0.1,20.9,0.96,1013.9,-99,16.0,-99,-99,-99,新北市,06,三峽區,057
24.940806,121.361500,三峽,C0AC60,2017-11-03T20:00:00+08:00,55.0,89,0.6,20.5,0.98,1014.6,-99,17.0,-99,-99,-99,新北市,06,三峽區,057
24.940806,121.361500,三峽,C0AC60,2017-11-03T21:00:00+08:00,55.0,96,0.5,20.4,0.99,1014.8,-99,18.5,-99,-99,-99,新北市,06,三峽區,057
24.940806,121.361500,三峽,C0AC60,2017-11-03T22:00:00+08:00,55.0,91,0.4,21.1,0.92,1014.9,-99,18.5,-99,-99,-99,新北市,06,三峽區,057
24.940806,121.361500,三峽,C0AC60,2017-11-03T23:00:00+08:00,55.0,0,0.0,20.8,0.97,1015.3,-99,19.0,-99,-99,-99,新北市,06,三峽區,057
24.940806,121.361500,三峽,C0AC60,2017-11-04T00:00:00+08:00,55.0,89,1.0,20.4,0.99,1015.3,-99,19.5,-99,-99,-99,新北市,06,三峽區,057
24.940806,121.361500,三峽,C0AC60,2017-11-04T01:00:00+08:00,55.0,88,0.9,20.3,0.94,1015.2,-99,0.0,-99,-99,-99,新北市,06,三峽區,057
24.940806,121.361500,三峽,C0AC60,2017-11-04T02:00:00+08:00,55.0,93,0.4,21.3,0.82,1015.0,-99,0.0,-99,-99,-99,新北市,06,三峽區,057
24.940806,121.361500,三峽,C0AC60,2017-11-04T03:00:00+08:00,55.0,98,0.7,21.5,0.79,1014.9,-99,0.0,-99,-99,-99,新北市,06,三峽區,057
24.940806,121.361500,三峽,C0AC60,2017-11-04T04:00:00+08:00,55.0,94,1.2,20.2,0.87,1015.2,-99,0.0,6.6,82,2017-11-04T03:53:00+08:00,新北市,06,三峽區,057
24.940806,121.361500,三峽,C0AC60,2017-11-04T05:00:00+08:00,55.0,98,1.7,20.0,0.88,1016.1,-99,0.5,6.6,106,2017-11-04T04:33:00+08:00,新北市,06,三峽區,057
24.940806,121.361500,三峽,C0AC60,2017-11-04T06:00:00+08:00,55.0,93,2.1,19.7,0.87,1016.8,-99,0.5,-99,-99,-99,新北市,06,三峽區,057
24.940806,121.361500,三峽,C0AC60,2017-11-04T07:00:00+08:00,55.0,100,1.4,19.4,0.9,1017.3,-99,0.5,-99,-99,-99,新北市,06,三峽區,057
24.940806,121.361500,三峽,C0AC60,2017-11-04T08:00:00+08:00,55.0,104,1.0,19.3,0.94,1018.1,-99,2.0,6.6,112,2017-11-04T07:51:00+08:00,新北市,06,三峽區,057
24.940806,121.361500,三峽,C0AC60,2017-11-04T09:00:00+08:00,55.0,93,2.0,19.3,0.95,1018.8,-99,3.0,-99,-99,-99,新北市,06,三峽區,057
24.940806,121.361500,三峽,C0AC60,2017-11-04T11:00:00+08:00,55.0,99,3.0,19.5,0.85,1018.4,-99,3.0,9.3,79,2017-11-04T10:44:00+08:00,新北市,06,三峽區,057
24.940806,121.361500,三峽,C0AC60,2017-11-04T12:00:00+08:00,55.0,95,3.4,19.3,0.82,1018.3,-99,3.0,8.8,86,2017-11-04T11:01:00+08:00,新北市,06,三峽區,057
24.940806,121.361500,三峽,C0AC60,2017-11-04T13:00:00+08:00,55.0,94,2.2,19.1,0.83,1017.3,-99,3.0,-99,-99,-99,新北市,06,三峽區,057
24.940806,121.361500,三峽,C0AC60,2017-11-04T14:00:00+08:00,55.0,92,2.4,19.1,0.81,1017.2,-99,3.0,8.2,87,2017-11-04T13:45:00+08:00,新北市,06,三峽區,057
24.940806,121.361500,三峽,C0AC60,2017-11-04T15:00:00+08:00,55.0,100,2.4,18.4,0.85,1017.3,-99,3.0,9.9,72,2017-11-04T14:36:00+08:00,新北市,06,三峽區,057
24.940806,121.361500,三峽,C0AC60,2017-11-04T16:00:00+08:00,55.0,96,2.8,18.5,0.82,1017.6,-99,3.0,8.2,84,2017-11-04T15:41:00+08:00,新北市,06,三峽區,057
24.940806,121.361500,三峽,C0AC60,2017-11-04T17:00:00+08:00,55.0,90,3.0,17.8,0.87,1017.8,-99,3.0,9.3,96,2017-11-04T16:38:00+08:00,新北市,06,三峽區,057
24.940806,121.361500,三峽,C0AC60,2017-11-04T18:00:00+08:00,55.0,93,3.2,17.8,0.88,1018.1,-99,3.0,-99,-99,-99,新北市,06,三峽區,057
24.940806,121.361500,三峽,C0AC60,2017-11-04T19:00:00+08:00,55.0,93,2.8,17.6,0.9,1018.3,-99,3.0,8.2,65,2017-11-04T18:26:00+08:00,新北市,06,三峽區,057
24.940806,121.361500,三峽,C0AC60,2017-11-04T20:00:00+08:00,55.0,93,2.7,18.0,0.84,1018.5,-99,3.0,9.3,111,2017-11-04T19:09:00+08:00,新北市,06,三峽區,057
24.940806,121.361500,三峽,C0AC60,2017-11-04T21:00:00+08:00,55.0,94,2.0,18.1,0.85,1018.4,-99,3.0,7.1,85,2017-11-04T20:59:00+08:00,新北市,06,三峽區,057
24.940806,121.361500,三峽,C0AC60,2017-11-04T22:00:00+08:00,55.0,97,2.3,18.7,0.79,1017.9,-99,3.0,9.3,92,2017-11-04T21:57:00+08:00,新北市,06,三峽區,057
24.940806,121.361500,三峽,C0AC60,2017-11-04T23:00:00+08:00,55.0,91,2.1,18.6,0.81,1017.5,-99,3.0,8.8,71,2017-11-04T22:12:00+08:00,新北市,06,三峽區,057
24.940806,121.361500,三峽,C0AC60,2017-11-05T00:00:00+08:00,55.0,96,3.0,18.8,0.81,1017.0,-99,3.0,-99,-99,-99,新北市,06,三峽區,057
24.940806,121.361500,三峽,C0AC60,2017-11-05T01:00:00+08:00,55.0,93,3.3,19.3,0.76,1016.3,-99,0.0,7.7,81,2017-11-05T00:01:00+08:00,新北市,06,三峽區,057
24.940806,121.361500,三峽,C0AC60,2017-11-05T02:00:00+08:00,55.0,94,3.4,19.0,0.8,1015.5,-99,0.0,8.2,85,2017-11-05T01:20:00+08:00,新北市,06,三峽區,057
24.940806,121.361500,三峽,C0AC60,2017-11-05T03:00:00+08:00,55.0,85,2.5,18.9,0.82,1015.1,-99,0.0,8.8,94,2017-11-05T02:57:00+08:00,新北市,06,三峽區,057
24.940806,121.361500,三峽,C0AC60,2017-11-05T04:00:00+08:00,55.0,92,3.2,19.1,0.81,1014.5,-99,0.0,8.2,81,2017-11-05T03:14:00+08:00,新北市,06,三峽區,057
24.940806,121.361500,三峽,C0AC60,2017-11-05T05:00:00+08:00,55.0,88,1.6,19.1,0.82,1014.5,-99,0.0,9.9,99,2017-11-05T04:27:00+08:00,新北市,06,三峽區,057
24.940806,121.361500,三峽,C0AC60,2017-11-05T06:00:00+08:00,55.0,86,2.3,19.1,0.84,1015.0,-99,0.0,7.1,76,2017-11-05T05:43:00+08:00,新北市,06,三峽區,057
24.940806,121.361500,三峽,C0AC60,2017-11-05T07:00:00+08:00,55.0,92,2.3,19.3,0.85,1015.0,-99,0.0,7.7,91,2017-11-05T06:36:00+08:00,新北市,06,三峽區,057
24.940806,121.361500,三峽,C0AC60,2017-11-05T08:00:00+08:00,55.0,90,3.1,19.6,0.86,1015.2,-99,0.0,9.9,82,2017-11-05T07:37:00+08:00,新北市,06,三峽區,057
24.940806,121.361500,三峽,C0AC60,2017-11-05T09:00:00+08:00,55.0,77,3.9,20.5,0.81,1015.4,-99,0.0,11.0,100,2017-11-05T08:38:00+08:00,新北市,06,三峽區,057
24.940806,121.361500,三峽,C0AC60,2017-11-05T10:00:00+08:00,55.0,85,3.6,21.4,0.79,1015.4,-99,0.0,12.6,80,2017-11-05T09:19:00+08:00,新北市,06,三峽區,057
24.940806,121.361500,三峽,C0AC60,2017-11-05T11:00:00+08:00,55.0,80,4.3,21.6,0.79,1014.4,-99,0.0,12.1,65,2017-11-05T10:48:00+08:00,新北市,06,三峽區,057
24.940806,121.361500,三峽,C0AC60,2017-11-05T12:00:00+08:00,55.0,81,4.9,22.2,0.77,1013.7,-99,0.0,11.5,64,2017-11-05T11:57:00+08:00,新北市,06,三峽區,057
24.940806,121.361500,三峽,C0AC60,2017-11-05T13:00:00+08:00,55.0,76,4.9,22.4,0.76,1012.9,-99,0.0,13.7,74,2017-11-05T12:13:00+08:00,新北市,06,三峽區,057
24.940806,121.361500,三峽,C0AC60,2017-11-05T14:00:00+08:00,55.0,85,4.1,22.0,0.8,1012.3,-99,0.0,12.1,70,2017-11-05T13:36:00+08:00,新北市,06,三峽區,057
24.940806,121.361500,三峽,C0AC60,2017-11-05T15:00:00+08:00,55.0,79,4.2,22.4,0.78,1011.9,-99,0.0,12.1,80,2017-11-05T14:02:00+08:00,新北市,06,三峽區,057
24.940806,121.361500,三峽,C0AC60,2017-11-05T16:00:00+08:00,55.0,74,5.1,21.9,0.8,1012.1,-99,0.0,13.2,98,2017-11-05T15:45:00+08:00,新北市,06,三峽區,057
24.940806,121.361500,三峽,C0AC60,2017-11-05T17:00:00+08:00,55.0,80,4.2,21.6,0.81,1012.2,-99,0.0,12.1,48,2017-11-05T16:17:00+08:00,新北市,06,三峽區,057
24.940806,121.361500,三峽,C0AC60,2017-11-05T18:00:00+08:00,55.0,75,4.2,21.2,0.84,1012.1,-99,0.0,13.2,86,2017-11-05T17:24:00+08:00,新北市,06,三峽區,057
24.940806,121.361500,三峽,C0AC60,2017-11-05T19:00:00+08:00,55.0,75,5.0,21.4,0.84,1012.2,-99,0.0,12.1,75,2017-11-05T18:02:00+08:00,新北市,06,三峽區,057
24.940806,121.361500,三峽,C0AC60,2017-11-05T20:00:00+08:00,55.0,79,4.1,21.8,0.84,1012.3,-99,0.0,12.1,65,2017-11-05T19:02:00+08:00,新北市,06,三峽區,057
24.940806,121.361500,三峽,C0AC60,2017-11-05T21:00:00+08:00,55.0,76,5.1,21.6,0.86,1012.4,-99,0.0,13.2,75,2017-11-05T20:54:00+08:00,新北市,06,三峽區,057
24.940806,121.361500,三峽,C0AC60,2017-11-05T22:00:00+08:00,55.0,78,4.3,22.0,0.85,1012.0,-99,0.0,13.2,65,2017-11-05T21:34:00+08:00,新北市,06,三峽區,057
24.940806,121.361500,三峽,C0AC60,2017-11-05T23:00:00+08:00,55.0,78,3.8,22.3,0.81,1011.5,-99,0.0,11.5,70,2017-11-05T22:24:00+08:00,新北市,06,三峽區,057
24.940806,121.361500,三峽,C0AC60,2017-11-06T00:00:00+08:00,55.0,76,4.3,22.8,0.77,1010.9,-99,0.0,11.0,68,2017-11-05T23:51:00+08:00,新北市,06,三峽區,057
24.940806,121.361500,三峽,C0AC60,2017-11-06T01:00:00+08:00,55.0,76,4.1,22.5,0.8,1010.4,-99,0.0,10.4,82,2017-11-06T00:21:00+08:00,新北市,06,三峽區,057
24.940806,121.361500,三峽,C0AC60,2017-11-06T02:00:00+08:00,55.0,78,3.8,22.7,0.8,1009.9,-99,0.0,11.5,62,2017-11-06T01:37:00+08:00,新北市,06,三峽區,057
24.940806,121.361500,三峽,C0AC60,2017-11-06T03:00:00+08:00,55.0,74,3.5,22.7,0.8,1009.6,-99,0.0,11.5,94,2017-11-06T02:21:00+08:00,新北市,06,三峽區,057
24.940806,121.361500,三峽,C0AC60,2017-11-06T04:00:00+08:00,55.0,76,3.5,22.6,0.81,1009.8,-99,0.0,10.4,87,2017-11-06T03:40:00+08:00,新北市,06,三峽區,057
24.940806,121.361500,三峽,C0AC60,2017-11-06T05:00:00+08:00,55.0,92,2.7,22.7,0.81,1009.8,-99,0.0,8.2,80,2017-11-06T04:14:00+08:00,新北市,06,三峽區,057
24.940806,121.361500,三峽,C0AC60,2017-11-06T06:00:00+08:00,55.0,128,1.2,22.5,0.82,1010.0,-99,0.0,7.7,54,2017-11-06T05:21:00+08:00,新北市,06,三峽區,057
24.940806,121.361500,三峽,C0AC60,2017-11-06T07:00:00+08:00,55.0,158,1.3,21.0,0.89,1010.8,-99,0.0,6.0,96,2017-11-06T06:13:00+08:00,新北市,06,三峽區,057
24.940806,121.361500,三峽,C0AC60,2017-11-06T08:00:00+08:00,55.0,173,0.8,21.9,0.86,1011.2,-99,0.0,-99,-99,-99,新北市,06,三峽區,057
24.940806,121.361500,三峽,C0AC60,2017-11-06T09:00:00+08:00,55.0,93,1.7,25.6,0.74,1011.1,-99,0.0,-99,-99,-99,新北市,06,三峽區,057
24.940806,121.361500,三峽,C0AC60,2017-11-06T10:00:00+08:00,55.0,76,2.6,27.0,0.68,1010.3,-99,0.0,7.7,79,2017-11-06T09:37:00+08:00,新北市,06,三峽區,057
24.940806,121.361500,三峽,C0AC60,2017-11-06T11:00:00+08:00,55.0,78,3.0,28.1,0.62,1009.5,-99,0.0,7.7,83,2017-11-06T10:31:00+08:00,新北市,06,三峽區,057
24.940806,121.361500,三峽,C0AC60,2017-11-06T12:00:00+08:00,55.0,78,2.1,28.7,0.59,1008.7,-99,0.0,-99,-99,-99,新北市,06,三峽區,057
24.940806,121.361500,三峽,C0AC60,2017-11-06T13:00:00+08:00,55.0,233,1.9,28.1,0.7,1008.2,-99,0.0,-99,-99,-99,新北市,06,三峽區,057
24.940806,121.361500,三峽,C0AC60,2017-11-06T14:00:00+08:00,55.0,222,1.1,28.2,0.68,1008.3,-99,0.0,-99,-99,-99,新北市,06,三峽區,057
24.940806,121.361500,三峽,C0AC60,2017-11-06T15:00:00+08:00,55.0,0,0.0,28.8,0.65,1008.1,-99,0.0,-99,-99,-99,新北市,06,三峽區,057
24.940806,121.361500,三峽,C0AC60,2017-11-06T16:00:00+08:00,55.0,82,0.8,28.6,0.65,1008.2,-99,0.0,-99,-99,-99,新北市,06,三峽區,057
24.940806,121.361500,三峽,C0AC60,2017-11-06T17:00:00+08:00,55.0,86,1.4,27.5,0.68,1008.2,-99,0.0,-99,-99,-99,新北市,06,三峽區,057
24.940806,121.361500,三峽,C0AC60,2017-11-06T18:00:00+08:00,55.0,85,2.0,26.5,0.74,1008.4,-99,0.0,-99,-99,-99,新北市,06,三峽區,057
24.940806,121.361500,三峽,C0AC60,2017-11-06T19:00:00+08:00,55.0,96,0.5,25.8,0.79,1008.7,-99,0.0,-99,-99,-99,新北市,06,三峽區,057
24.940806,121.361500,三峽,C0AC60,2017-11-06T20:00:00+08:00,55.0,156,0.6,24.9,0.86,1009.0,-99,0.0,-99,-99,-99,新北市,06,三峽區,057
24.940806,121.361500,三峽,C0AC60,2017-11-06T21:00:00+08:00,55.0,173,0.3,24.5,0.89,1009.4,-99,0.0,-99,-99,-99,新北市,06,三峽區,057
24.940806,121.361500,三峽,C0AC60,2017-11-06T22:00:00+08:00,55.0,96,2.0,24.8,0.91,1009.3,-99,0.0,-99,-99,-99,新北市,06,三峽區,057
24.940806,121.361500,三峽,C0AC60,2017-11-06T23:00:00+08:00,55.0,122,0.6,25.2,0.89,1008.2,-99,0.0,-99,-99,-99,新北市,06,三峽區,057
24.940806,121.361500,三峽,C0AC60,2017-11-07T00:00:00+08:00,55.0,86,2.4,25.9,0.84,1008.2,-99,0.0,-99,-99,-99,新北市,06,三峽區,057
24.940806,121.361500,三峽,C0AC60,2017-11-07T01:00:00+08:00,55.0,98,1.2,25.9,0.84,1008.1,-99,0.0,-99,-99,-99,新北市,06,三峽區,057
24.940806,121.361500,三峽,C0AC60,2017-11-07T02:00:00+08:00,55.0,170,1.2,24.4,0.89,1008.3,-99,0.0,-99,-99,-99,新北市,06,三峽區,057
24.940806,121.361500,三峽,C0AC60,2017-11-07T03:00:00+08:00,55.0,0,0.1,23.4,0.92,1008.4,-99,0.0,-99,-99,-99,新北市,06,三峽區,057
24.940806,121.361500,三峽,C0AC60,2017-11-07T04:00:00+08:00,55.0,0,0.0,23.1,0.94,1008.4,-99,0.0,-99,-99,-99,新北市,06,三峽區,057
24.940806,121.361500,三峽,C0AC60,2017-11-07T05:00:00+08:00,55.0,0,0.0,22.8,0.95,1008.9,-99,0.0,-99,-99,-99,新北市,06,三峽區,057
24.940806,121.361500,三峽,C0AC60,2017-11-07T06:00:00+08:00,55.0,167,1.2,22.7,0.94,1009.3,-99,0.0,-99,-99,-99,新北市,06,三峽區,057
24.940806,121.361500,三峽,C0AC60,2017-11-07T07:00:00+08:00,55.0,0,0.0,22.8,0.94,1009.4,-99,0.0,-99,-99,-99,新北市,06,三峽區,057
24.940806,121.361500,三峽,C0AC60,2017-11-07T08:00:00+08:00,55.0,0,0.1,23.8,0.91,1009.8,-99,0.0,-99,-99,-99,新北市,06,三峽區,057
24.940806,121.361500,三峽,C0AC60,2017-11-07T09:00:00+08:00,55.0,160,1.2,26.7,0.79,1010.1,-99,0.0,-99,-99,-99,新北市,06,三峽區,057
24.940806,121.361500,三峽,C0AC60,2017-11-07T10:00:00+08:00,55.0,0,0.1,28.3,0.73,1009.8,-99,0.0,-99,-99,-99,新北市,06,三峽區,057
24.940806,121.361500,三峽,C0AC60,2017-11-07T11:00:00+08:00,55.0,13,0.3,29.9,0.64,1009.0,-99,0.0,-99,-99,-99,新北市,06,三峽區,057
24.940806,121.361500,三峽,C0AC60,2017-11-07T12:00:00+08:00,55.0,339,1.2,29.6,0.71,1008.0,-99,0.0,-99,-99,-99,新北市,06,三峽區,057
24.940806,121.361500,三峽,C0AC60,2017-11-07T13:00:00+08:00,55.0,323,1.4,30.2,0.69,1007.4,-99,0.0,-99,-99,-99,新北市,06,三峽區,057
24.940806,121.361500,三峽,C0AC60,2017-11-07T14:00:00+08:00,55.0,318,1.8,29.7,0.71,1007.3,-99,0.0,-99,-99,-99,新北市,06,三峽區,057
24.940806,121.361500,三峽,C0AC60,2017-11-07T15:00:00+08:00,55.0,311,1.6,28.8,0.74,1007.5,-99,0.0,-99,-99,-99,新北市,06,三峽區,057
24.940806,121.361500,三峽,C0AC60,2017-11-07T16:00:00+08:00,55.0,302,1.7,27.4,0.8,1007.8,-99,0.0,-99,-99,-99,新北市,06,三峽區,057
24.940806,121.361500,三峽,C0AC60,2017-11-07T17:00:00+08:00,55.0,318,1.7,26.8,0.81,1008.6,-99,0.0,-99,-99,-99,新北市,06,三峽區,057
24.940806,121.361500,三峽,C0AC60,2017-11-07T18:00:00+08:00,55.0,287,0.7,26.3,0.84,1009.5,-99,0.0,-99,-99,-99,新北市,06,三峽區,057
24.940806,121.361500,三峽,C0AC60,2017-11-07T19:00:00+08:00,55.0,321,0.4,25.8,0.89,1010.3,-99,0.0,-99,-99,-99,新北市,06,三峽區,057
24.940806,121.361500,三峽,C0AC60,2017-11-07T20:00:00+08:00,55.0,327,0.9,24.4,0.92,1011.0,-99,0.0,-99,-99,-99,新北市,06,三峽區,057
24.940806,121.361500,三峽,C0AC60,2017-11-07T21:00:00+08:00,55.0,297,0.9,24.2,0.89,1011.5,-99,0.0,-99,-99,-99,新北市,06,三峽區,057
24.940806,121.361500,三峽,C0AC60,2017-11-07T22:00:00+08:00,55.0,0,0.0,23.9,0.91,1011.9,-99,0.0,-99,-99,-99,新北市,06,三峽區,057
24.940806,121.361500,三峽,C0AC60,2017-11-07T23:00:00+08:00,55.0,0,0.2,24.0,0.9,1011.8,-99,0.0,-99,-99,-99,新北市,06,三峽區,057
24.940806,121.361500,三峽,C0AC60,2017-11-08T00:00:00+08:00,55.0,0,0.0,23.9,0.9,1011.5,-99,0.0,-99,-99,-99,新北市,06,三峽區,057
24.940806,121.361500,三峽,C0AC60,2017-11-08T01:00:00+08:00,55.0,0,0.0,23.7,0.9,1011.5,-99,-99,-99,-99,-99,新北市,06,三峽區,057
24.940806,121.361500,三峽,C0AC60,2017-11-08T02:00:00+08:00,55.0,191,0.3,23.5,0.94,1011.1,-99,0.0,-99,-99,-99,新北市,06,三峽區,057
24.940806,121.361500,三峽,C0AC60,2017-11-08T03:00:00+08:00,55.0,0,0.1,23.1,0.96,1010.9,-99,0.0,-99,-99,-99,新北市,06,三峽區,057
24.940806,121.361500,三峽,C0AC60,2017-11-08T04:00:00+08:00,55.0,88,0.9,23.3,0.94,1010.8,-99,0.0,-99,-99,-99,新北市,06,三峽區,057
24.940806,121.361500,三峽,C0AC60,2017-11-08T05:00:00+08:00,55.0,93,1.1,22.9,0.94,1010.8,-99,0.0,-99,-99,-99,新北市,06,三峽區,057
24.940806,121.361500,三峽,C0AC60,2017-11-08T06:00:00+08:00,55.0,87,1.1,22.5,0.91,1011.1,-99,0.0,-99,-99,-99,新北市,06,三峽區,057
24.940806,121.361500,三峽,C0AC60,2017-11-08T07:00:00+08:00,55.0,95,1.3,22.9,0.9,1011.4,-99,0.0,-99,-99,-99,新北市,06,三峽區,057
24.940806,121.361500,三峽,C0AC60,2017-11-08T08:00:00+08:00,55.0,89,1.3,23.1,0.89,1012.0,-99,0.0,-99,-99,-99,新北市,06,三峽區,057
24.940806,121.361500,三峽,C0AC60,2017-11-08T09:00:00+08:00,55.0,95,1.8,23.5,0.88,1012.4,-99,0.0,-99,-99,-99,新北市,06,三峽區,057
24.940806,121.361500,三峽,C0AC60,2017-11-08T10:00:00+08:00,55.0,86,1.9,24.2,0.86,1012.1,-99,0.0,7.7,61,2017-11-08T09:55:00+08:00,新北市,06,三峽區,057
24.940806,121.361500,三峽,C0AC60,2017-11-08T11:00:00+08:00,55.0,100,2.0,24.7,0.84,1011.4,-99,0.0,8.2,72,2017-11-08T10:07:00+08:00,新北市,06,三峽區,057
24.940806,121.361500,三峽,C0AC60,2017-11-08T12:00:00+08:00,55.0,99,2.2,24.6,0.85,1010.8,-99,0.0,8.2,81,2017-11-08T11:17:00+08:00,新北市,06,三峽區,057
24.940806,121.361500,三峽,C0AC60,2017-11-08T13:00:00+08:00,55.0,94,2.3,25.3,0.83,1010.1,-99,0.0,7.7,83,2017-11-08T12:18:00+08:00,新北市,06,三峽區,057
24.940806,121.361500,三峽,C0AC60,2017-11-08T14:00:00+08:00,55.0,93,2.5,24.8,0.83,1009.9,-99,0.0,7.7,98,2017-11-08T13:07:00+08:00,新北市,06,三峽區,057
24.940806,121.361500,三峽,C0AC60,2017-11-08T15:00:00+08:00,55.0,95,1.5,24.3,0.85,1010.1,-99,0.0,6.6,56,2017-11-08T14:44:00+08:00,新北市,06,三峽區,057
24.940806,121.361500,三峽,C0AC60,2017-11-08T16:00:00+08:00,55.0,61,1.2,24.2,0.86,1010.4,-99,0.0,-99,-99,-99,新北市,06,三峽區,057
24.940806,121.361500,三峽,C0AC60,2017-11-08T17:00:00+08:00,55.0,90,1.9,23.3,0.89,1010.9,-99,0.0,-99,-99,-99,新北市,06,三峽區,057
24.940806,121.361500,三峽,C0AC60,2017-11-08T18:00:00+08:00,55.0,95,2.9,23.0,0.88,1011.3,-99,0.0,-99,-99,-99,新北市,06,三峽區,057
24.940806,121.361500,三峽,C0AC60,2017-11-08T19:00:00+08:00,55.0,95,1.8,22.8,0.88,1011.9,-99,0.0,-99,-99,-99,新北市,06,三峽區,057
24.940806,121.361500,三峽,C0AC60,2017-11-08T20:00:00+08:00,55.0,96,2.8,22.7,0.89,1012.3,-99,0.0,8.2,108,2017-11-08T19:14:00+08:00,新北市,06,三峽區,057
24.940806,121.361500,三峽,C0AC60,2017-11-08T21:00:00+08:00,55.0,97,2.5,21.9,0.95,1012.4,-99,0.5,7.1,79,2017-11-08T20:07:00+08:00,新北市,06,三峽區,057
24.940806,121.361500,三峽,C0AC60,2017-11-08T22:00:00+08:00,55.0,95,2.3,21.8,0.96,1012.2,-99,0.5,7.1,58,2017-11-08T21:23:00+08:00,新北市,06,三峽區,057
24.940806,121.361500,三峽,C0AC60,2017-11-08T23:00:00+08:00,55.0,96,1.6,21.9,0.96,1011.8,-99,0.5,10.4,81,2017-11-08T22:46:00+08:00,新北市,06,三峽區,057
24.940806,121.361500,三峽,C0AC60,2017-11-09T00:00:00+08:00,55.0,101,0.9,22.0,0.97,1011.4,-99,1.0,-99,-99,-99,新北市,06,三峽區,057
24.940806,121.361500,三峽,C0AC60,2017-11-09T01:00:00+08:00,55.0,74,1.5,22.0,0.97,1011.2,-99,0.0,-99,-99,-99,新北市,06,三峽區,057
24.940806,121.361500,三峽,C0AC60,2017-11-09T02:00:00+08:00,55.0,90,1.7,21.6,0.98,1010.6,-99,0.5,-99,-99,-99,新北市,06,三峽區,057
24.940806,121.361500,三峽,C0AC60,2017-11-09T03:00:00+08:00,55.0,88,1.5,21.7,0.97,1010.5,-99,0.5,-99,-99,-99,新北市,06,三峽區,057
24.940806,121.361500,三峽,C0AC60,2017-11-09T04:00:00+08:00,55.0,78,2.5,22.0,0.94,1010.2,-99,0.5,-99,-99,-99,新北市,06,三峽區,057
24.940806,121.361500,三峽,C0AC60,2017-11-09T05:00:00+08:00,55.0,76,2.8,22.1,0.94,1010.5,-99,0.5,8.8,71,2017-11-09T04:15:00+08:00,新北市,06,三峽區,057
24.940806,121.361500,三峽,C0AC60,2017-11-09T06:00:00+08:00,55.0,83,2.0,21.6,0.98,1011.1,-99,0.5,-99,-99,-99,新北市,06,三峽區,057
24.940806,121.361500,三峽,C0AC60,2017-11-09T07:00:00+08:00,55.0,87,1.5,21.8,0.96,1011.4,-99,0.5,-99,-99,-99,新北市,06,三峽區,057
24.940806,121.361500,三峽,C0AC60,2017-11-09T08:00:00+08:00,55.0,74,2.6,22.7,0.91,1011.7,-99,0.5,8.8,88,2017-11-09T07:42:00+08:00,新北市,06,三峽區,057
24.940806,121.361500,三峽,C0AC60,2017-11-09T09:00:00+08:00,55.0,78,2.2,23.1,0.91,1011.7,-99,0.5,9.3,93,2017-11-09T08:40:00+08:00,新北市,06,三峽區,057
24.940806,121.361500,三峽,C0AC60,2017-11-09T10:00:00+08:00,55.0,79,3.6,23.6,0.88,1011.6,-99,0.5,10.4,52,2017-11-09T09:39:00+08:00,新北市,06,三峽區,057
24.940806,121.361500,三峽,C0AC60,2017-11-09T11:00:00+08:00,55.0,88,3.3,24.3,0.85,1010.9,-99,0.5,8.8,82,2017-11-09T10:59:00+08:00,新北市,06,三峽區,057
24.940806,121.361500,三峽,C0AC60,2017-11-09T12:00:00+08:00,55.0,80,2.9,25.8,0.77,1010.1,-99,0.5,9.9,59,2017-11-09T11:40:00+08:00,新北市,06,三峽區,057
24.940806,121.361500,三峽,C0AC60,2017-11-09T13:00:00+08:00,55.0,74,4.3,25.9,0.78,1008.9,-99,0.5,11.5,77,2017-11-09T12:55:00+08:00,新北市,06,三峽區,057
24.940806,121.361500,三峽,C0AC60,2017-11-09T14:00:00+08:00,55.0,74,5.3,25.2,0.81,1008.6,-99,0.5,11.5,116,2017-11-09T13:11:00+08:00,新北市,06,三峽區,057
24.940806,121.361500,三峽,C0AC60,2017-11-09T15:00:00+08:00,55.0,83,3.7,25.3,0.81,1008.2,-99,0.5,11.5,79,2017-11-09T14:52:00+08:00,新北市,06,三峽區,057
24.940806,121.361500,三峽,C0AC60,2017-11-09T16:00:00+08:00,55.0,81,3.5,25.1,0.81,1008.3,-99,0.5,11.0,66,2017-11-09T15:10:00+08:00,新北市,06,三峽區,057
24.940806,121.361500,三峽,C0AC60,2017-11-09T17:00:00+08:00,55.0,79,3.9,24.3,0.85,1008.5,-99,0.5,11.5,76,2017-11-09T16:30:00+08:00,新北市,06,三峽區,057
24.940806,121.361500,三峽,C0AC60,2017-11-09T18:00:00+08:00,55.0,73,4.0,24.2,0.85,1008.9,-99,0.5,10.4,49,2017-11-09T17:05:00+08:00,新北市,06,三峽區,057
24.940806,121.361500,三峽,C0AC60,2017-11-09T19:00:00+08:00,55.0,68,3.2,24.1,0.86,1009.4,-99,0.5,9.3,86,2017-11-09T18:12:00+08:00,新北市,06,三峽區,057
24.940806,121.361500,三峽,C0AC60,2017-11-09T20:00:00+08:00,55.0,65,3.3,23.9,0.88,1009.4,-99,0.5,9.3,89,2017-11-09T19:04:00+08:00,新北市,06,三峽區,057
24.940806,121.361500,三峽,C0AC60,2017-11-09T21:00:00+08:00,55.0,66,3.2,23.9,0.9,1009.3,-99,0.5,9.9,83,2017-11-09T20:24:00+08:00,新北市,06,三峽區,057
24.940806,121.361500,三峽,C0AC60,2017-11-09T22:00:00+08:00,55.0,79,4.2,24.5,0.84,1009.0,-99,0.5,10.4,89,2017-11-09T21:59:00+08:00,新北市,06,三峽區,057
24.940806,121.361500,三峽,C0AC60,2017-11-09T23:00:00+08:00,55.0,78,3.0,24.5,0.82,1008.6,-99,0.5,11.0,45,2017-11-09T22:38:00+08:00,新北市,06,三峽區,057
24.940806,121.361500,三峽,C0AC60,2017-11-10T00:00:00+08:00,55.0,85,2.7,24.3,0.83,1008.0,-99,0.5,-99,-99,-99,新北市,06,三峽區,057
24.940806,121.361500,三峽,C0AC60,2017-11-10T01:00:00+08:00,55.0,76,3.0,24.5,0.8,1007.8,-99,0.0,8.2,75,2017-11-10T00:49:00+08:00,新北市,06,三峽區,057
24.940806,121.361500,三峽,C0AC60,2017-11-10T02:00:00+08:00,55.0,96,0.6,24.3,0.81,1007.9,-99,0.0,-99,-99,-99,新北市,06,三峽區,057
24.940806,121.361500,三峽,C0AC60,2017-11-10T03:00:00+08:00,55.0,0,0.0,22.7,0.9,1007.8,-99,0.0,-99,-99,-99,新北市,06,三峽區,057
24.940806,121.361500,三峽,C0AC60,2017-11-10T04:00:00+08:00,55.0,162,1.1,22.1,0.92,1007.7,-99,0.0,-99,-99,-99,新北市,06,三峽區,057
24.940806,121.361500,三峽,C0AC60,2017-11-10T05:00:00+08:00,55.0,144,0.6,21.7,0.93,1008.1,-99,0.0,-99,-99,-99,新北市,06,三峽區,057
24.940806,121.361500,三峽,C0AC60,2017-11-10T06:00:00+08:00,55.0,146,0.9,21.6,0.94,1008.6,-99,0.0,-99,-99,-99,新北市,06,三峽區,057
24.940806,121.361500,三峽,C0AC60,2017-11-10T07:00:00+08:00,55.0,122,0.6,21.9,0.93,1009.0,-99,0.0,-99,-99,-99,新北市,06,三峽區,057
24.940806,121.361500,三峽,C0AC60,2017-11-10T08:00:00+08:00,55.0,0,0.2,24.3,0.84,1009.2,-99,0.0,-99,-99,-99,新北市,06,三峽區,057
24.940806,121.361500,三峽,C0AC60,2017-11-10T09:00:00+08:00,55.0,0,0.1,26.7,0.78,1009.3,-99,0.0,-99,-99,-99,新北市,06,三峽區,057
24.940806,121.361500,三峽,C0AC60,2017-11-10T10:00:00+08:00,55.0,64,0.6,28.4,0.69,1008.9,-99,0.0,-99,-99,-99,新北市,06,三峽區,057
24.940806,121.361500,三峽,C0AC60,2017-11-10T11:00:00+08:00,55.0,266,0.4,30.1,0.6,1008.1,-99,0.0,-99,-99,-99,新北市,06,三峽區,057
24.940806,121.361500,三峽,C0AC60,2017-11-10T12:00:00+08:00,55.0,227,2.1,30.6,0.59,1007.5,-99,0.0,-99,-99,-99,新北市,06,三峽區,057
24.940806,121.361500,三峽,C0AC60,2017-11-10T13:00:00+08:00,55.0,330,2.0,30.3,0.64,1007.1,-99,0.0,-99,-99,-99,新北市,06,三峽區,057
24.940806,121.361500,三峽,C0AC60,2017-11-10T14:00:00+08:00,55.0,330,0.9,30.5,0.63,1006.7,-99,0.0,-99,-99,-99,新北市,06,三峽區,057
24.940806,121.361500,三峽,C0AC60,2017-11-10T15:00:00+08:00,55.0,337,0.7,30.7,0.62,1006.6,-99,0.0,-99,-99,-99,新北市,06,三峽區,057
24.940806,121.361500,三峽,C0AC60,2017-11-10T16:00:00+08:00,55.0,314,1.5,30.0,0.65,1007.0,-99,0.0,-99,-99,-99,新北市,06,三峽區,057
24.940806,121.361500,三峽,C0AC60,2017-11-10T17:00:00+08:00,55.0,301,1.3,28.3,0.74,1007.3,-99,0.0,-99,-99,-99,新北市,06,三峽區,057
24.940806,121.361500,三峽,C0AC60,2017-11-10T18:00:00+08:00,55.0,204,1.4,26.4,0.85,1007.8,-99,0.0,-99,-99,-99,新北市,06,三峽區,057
24.940806,121.361500,三峽,C0AC60,2017-11-10T19:00:00+08:00,55.0,174,0.8,25.7,0.89,1008.3,-99,0.0,-99,-99,-99,新北市,06,三峽區,057
24.940806,121.361500,三峽,C0AC60,2017-11-10T20:00:00+08:00,55.0,75,2.3,26.2,0.82,1008.7,-99,0.0,-99,-99,-99,新北市,06,三峽區,057
24.940806,121.361500,三峽,C0AC60,2017-11-10T21:00:00+08:00,55.0,86,2.1,25.9,0.85,1008.8,-99,0.0,-99,-99,-99,新北市,06,三峽區,057
24.940806,121.361500,三峽,C0AC60,2017-11-10T22:00:00+08:00,55.0,93,1.2,25.4,0.87,1009.1,-99,0.0,-99,-99,-99,新北市,06,三峽區,057
24.940806,121.361500,三峽,C0AC60,2017-11-10T23:00:00+08:00,55.0,104,1.3,25.4,0.86,1009.3,-99,0.0,-99,-99,-99,新北市,06,三峽區,057
24.940806,121.361500,三峽,C0AC60,2017-11-11T00:00:00+08:00,55.0,87,1.1,24.8,0.89,1009.1,-99,0.0,-99,-99,-99,新北市,06,三峽區,057
24.940806,121.361500,三峽,C0AC60,2017-11-11T01:00:00+08:00,55.0,72,0.3,24.8,0.89,1009.0,-99,0.0,-99,-99,-99,新北市,06,三峽區,057
24.940806,121.361500,三峽,C0AC60,2017-11-11T02:00:00+08:00,55.0,96,1.1,24.6,0.9,1008.7,-99,0.0,-99,-99,-99,新北市,06,三峽區,057
24.940806,121.361500,三峽,C0AC60,2017-11-11T03:00:00+08:00,55.0,96,1.4,23.8,0.97,1008.8,-99,0.0,-99,-99,-99,新北市,06,三峽區,057
24.940806,121.361500,三峽,C0AC60,2017-11-11T04:00:00+08:00,55.0,82,1.6,23.2,0.96,1009.0,-99,0.0,-99,-99,-99,新北市,06,三峽區,057
24.940806,121.361500,三峽,C0AC60,2017-11-11T05:00:00+08:00,55.0,94,2.7,22.8,0.88,1009.5,-99,0.0,8.2,85,2017-11-11T04:51:00+08:00,新北市,06,三峽區,057
24.940806,121.361500,三峽,C0AC60,2017-11-11T06:00:00+08:00,55.0,97,2.8,22.5,0.88,1010.2,-99,0.0,9.9,89,2017-11-11T05:24:00+08:00,新北市,06,三峽區,057
24.940806,121.361500,三峽,C0AC60,2017-11-11T07:00:00+08:00,55.0,92,2.6,22.0,0.91,1011.1,-99,0.0,7.7,86,2017-11-11T06:07:00+08:00,新北市,06,三峽區,057
24.940806,121.361500,三峽,C0AC60,2017-11-11T08:00:00+08:00,55.0,96,1.8,21.5,0.95,1011.4,-99,0.0,-99,-99,-99,新北市,06,三峽區,057
24.940806,121.361500,三峽,C0AC60,2017-11-11T09:00:00+08:00,55.0,92,1.9,21.5,0.92,1012.0,-99,0.0,8.2,71,2017-11-11T08:53:00+08:00,新北市,06,三峽區,057
24.940806,121.361500,三峽,C0AC60,2017-11-11T10:00:00+08:00,55.0,98,1.3,21.4,0.94,1012.3,-99,0.0,8.8,74,2017-11-11T09:03:00+08:00,新北市,06,三峽區,057
24.940806,121.361500,三峽,C0AC60,2017-11-11T11:00:00+08:00,55.0,94,1.8,21.3,0.96,1012.0,-99,0.0,-99,-99,-99,新北市,06,三峽區,057
24.940806,121.361500,三峽,C0AC60,2017-11-11T12:00:00+08:00,55.0,92,2.3,21.7,0.91,1011.5,-99,0.0,8.2,80,2017-11-11T11:37:00+08:00,新北市,06,三峽區,057
24.940806,121.361500,三峽,C0AC60,2017-11-11T13:00:00+08:00,55.0,89,1.9,20.8,0.96,1010.9,-99,0.0,-99,-99,-99,新北市,06,三峽區,057
24.940806,121.361500,三峽,C0AC60,2017-11-11T14:00:00+08:00,55.0,89,2.1,21.4,0.89,1010.4,-99,0.0,-99,-99,-99,新北市,06,三峽區,057
24.940806,121.361500,三峽,C0AC60,2017-11-11T15:00:00+08:00,55.0,92,1.7,21.8,0.87,1010.2,-99,0.0,-99,-99,-99,新北市,06,三峽區,057
24.940806,121.361500,三峽,C0AC60,2017-11-11T16:00:00+08:00,55.0,96,2.4,21.3,0.91,1010.6,-99,0.0,-99,-99,-99,新北市,06,三峽區,057
24.940806,121.361500,三峽,C0AC60,2017-11-11T17:00:00+08:00,55.0,91,2.7,20.9,0.93,1011.0,-99,0.0,6.6,86,2017-11-11T16:11:00+08:00,新北市,06,三峽區,057
24.940806,121.361500,三峽,C0AC60,2017-11-11T18:00:00+08:00,55.0,94,2.4,20.3,0.93,1011.1,-99,0.5,7.7,88,2017-11-11T17:09:00+08:00,新北市,06,三峽區,057
24.940806,121.361500,三峽,C0AC60,2017-11-11T19:00:00+08:00,55.0,94,1.6,20.1,0.94,1011.3,-99,1.0,-99,-99,-99,新北市,06,三峽區,057
24.940806,121.361500,三峽,C0AC60,2017-11-11T20:00:00+08:00,55.0,88,1.5,20.5,0.91,1011.5,-99,1.0,-99,-99,-99,新北市,06,三峽區,057
24.940806,121.361500,三峽,C0AC60,2017-11-11T21:00:00+08:00,55.0,93,1.6,20.4,0.93,1011.4,-99,1.0,-99,-99,-99,新北市,06,三峽區,057
24.940806,121.361500,三峽,C0AC60,2017-11-11T22:00:00+08:00,55.0,81,3.0,20.5,0.95,1011.0,-99,1.0,8.2,66,2017-11-11T21:49:00+08:00,新北市,06,三峽區,057
24.940806,121.361500,三峽,C0AC60,2017-11-11T23:00:00+08:00,55.0,85,3.1,20.4,0.96,1010.4,-99,1.0,9.3,78,2017-11-11T22:26:00+08:00,新北市,06,三峽區,057
24.940806,121.361500,三峽,C0AC60,2017-11-12T00:00:00+08:00,55.0,77,4.2,20.5,0.94,1009.4,-99,1.0,9.3,67,2017-11-11T23:51:00+08:00,新北市,06,三峽區,057
24.940806,121.361500,三峽,C0AC60,2017-11-12T01:00:00+08:00,55.0,70,3.7,20.9,0.91,1009.4,-99,0.0,11.5,77,2017-11-12T00:02:00+08:00,新北市,06,三峽區,057
24.940806,121.361500,三峽,C0AC60,2017-11-12T02:00:00+08:00,55.0,79,3.7,20.5,0.95,1009.0,-99,0.0,10.4,82,2017-11-12T01:06:00+08:00,新北市,06,三峽區,057
24.940806,121.361500,三峽,C0AC60,2017-11-12T03:00:00+08:00,55.0,73,3.4,20.6,0.93,1008.9,-99,0.0,9.9,68,2017-11-12T02:45:00+08:00,新北市,06,三峽區,057
24.940806,121.361500,三峽,C0AC60,2017-11-12T04:00:00+08:00,55.0,80,3.3,20.6,0.94,1008.8,-99,0.0,9.3,99,2017-11-12T03:18:00+08:00,新北市,06,三峽區,057
24.940806,121.361500,三峽,C0AC60,2017-11-12T05:00:00+08:00,55.0,81,3.4,20.7,0.93,1008.9,-99,0.0,9.3,80,2017-11-12T04:19:00+08:00,新北市,06,三峽區,057
24.940806,121.361500,三峽,C0AC60,2017-11-12T06:00:00+08:00,55.0,87,1.8,20.2,0.97,1009.5,-99,0.0,7.1,61,2017-11-12T05:50:00+08:00,新北市,06,三峽區,057
24.940806,121.361500,三峽,C0AC60,2017-11-12T07:00:00+08:00,55.0,79,2.6,20.6,0.95,1009.9,-99,0.0,9.9,80,2017-11-12T06:34:00+08:00,新北市,06,三峽區,057
24.940806,121.361500,三峽,C0AC60,2017-11-12T08:00:00+08:00,55.0,79,2.6,20.8,0.95,1010.3,-99,0.0,8.2,91,2017-11-12T07:17:00+08:00,新北市,06,三峽區,057
24.940806,121.361500,三峽,C0AC60,2017-11-12T09:00:00+08:00,55.0,75,3.1,21.2,0.92,1010.7,-99,0.0,9.9,74,2017-11-12T08:49:00+08:00,新北市,06,三峽區,057
24.940806,121.361500,三峽,C0AC60,2017-11-12T10:00:00+08:00,55.0,79,3.2,22.3,0.87,1010.5,-99,0.0,11.0,101,2017-11-12T09:33:00+08:00,新北市,06,三峽區,057
24.940806,121.361500,三峽,C0AC60,2017-11-12T11:00:00+08:00,55.0,89,2.8,22.6,0.85,1010.2,-99,0.0,10.4,68,2017-11-12T10:18:00+08:00,新北市,06,三峽區,057
24.940806,121.361500,三峽,C0AC60,2017-11-12T12:00:00+08:00,55.0,93,3.2,23.0,0.83,1009.2,-99,0.0,8.2,71,2017-11-12T11:37:00+08:00,新北市,06,三峽區,057
24.940806,121.361500,三峽,C0AC60,2017-11-12T13:00:00+08:00,55.0,92,2.5,22.6,0.84,1008.8,-99,0.0,11.0,77,2017-11-12T12:34:00+08:00,新北市,06,三峽區,057
24.940806,121.361500,三峽,C0AC60,2017-11-12T14:00:00+08:00,55.0,85,2.1,22.5,0.83,1008.5,-99,0.0,10.4,85,2017-11-12T13:23:00+08:00,新北市,06,三峽區,057
24.940806,121.361500,三峽,C0AC60,2017-11-12T15:00:00+08:00,55.0,90,2.1,22.1,0.85,1008.3,-99,0.0,9.3,82,2017-11-12T14:43:00+08:00,新北市,06,三峽區,057
24.940806,121.361500,三峽,C0AC60,2017-11-12T16:00:00+08:00,55.0,85,2.2,21.9,0.86,1007.8,-99,0.0,9.3,82,2017-11-12T15:53:00+08:00,新北市,06,三峽區,057
24.940806,121.361500,三峽,C0AC60,2017-11-12T17:00:00+08:00,55.0,70,3.1,21.8,0.87,1007.8,-99,0.0,8.8,88,2017-11-12T16:38:00+08:00,新北市,06,三峽區,057
24.940806,121.361500,三峽,C0AC60,2017-11-12T18:00:00+08:00,55.0,78,4.0,21.7,0.88,1007.8,-99,0.0,11.0,78,2017-11-12T17:10:00+08:00,新北市,06,三峽區,057
24.940806,121.361500,三峽,C0AC60,2017-11-12T19:00:00+08:00,55.0,75,3.2,22.4,0.83,1007.9,-99,0.0,10.4,89,2017-11-12T18:28:00+08:00,新北市,06,三峽區,057
24.940806,121.361500,三峽,C0AC60,2017-11-12T20:00:00+08:00,55.0,84,3.4,22.6,0.84,1008.3,-99,0.0,11.0,85,2017-11-12T19:59:00+08:00,新北市,06,三峽區,057
24.940806,121.361500,三峽,C0AC60,2017-11-12T21:00:00+08:00,55.0,78,3.8,22.6,0.85,1008.3,-99,0.0,9.9,69,2017-11-12T20:03:00+08:00,新北市,06,三峽區,057
24.940806,121.361500,三峽,C0AC60,2017-11-12T22:00:00+08:00,55.0,82,3.7,22.6,0.87,1008.4,-99,0.0,11.0,70,2017-11-12T21:11:00+08:00,新北市,06,三峽區,057
24.940806,121.361500,三峽,C0AC60,2017-11-12T23:00:00+08:00,55.0,77,3.1,22.8,0.86,1008.6,-99,0.0,9.3,77,2017-11-12T22:01:00+08:00,新北市,06,三峽區,057
24.940806,121.361500,三峽,C0AC60,2017-11-13T00:00:00+08:00,55.0,80,2.5,21.8,0.93,1008.7,-99,0.0,7.7,74,2017-11-12T23:53:00+08:00,新北市,06,三峽區,057
24.940806,121.361500,三峽,C0AC60,2017-11-13T01:00:00+08:00,55.0,90,1.4,21.4,0.97,1008.0,-99,0.0,-99,-99,-99,新北市,06,三峽區,057
24.940806,121.361500,三峽,C0AC60,2017-11-13T02:00:00+08:00,55.0,94,1.2,21.5,0.97,1008.0,-99,0.5,-99,-99,-99,新北市,06,三峽區,057
24.940806,121.361500,三峽,C0AC60,2017-11-13T03:00:00+08:00,55.0,87,1.3,21.3,0.99,1008.1,-99,2.5,-99,-99,-99,新北市,06,三峽區,057
24.940806,121.361500,三峽,C0AC60,2017-11-13T04:00:00+08:00,55.0,89,1.1,21.1,1,1007.9,-99,12.5,-99,-99,-99,新北市,06,三峽區,057
24.940806,121.361500,三峽,C0AC60,2017-11-13T05:00:00+08:00,55.0,4,0.6,21.0,1,1007.8,-99,15.5,-99,-99,-99,新北市,06,三峽區,057
24.940806,121.361500,三峽,C0AC60,2017-11-13T06:00:00+08:00,55.0,0,0.2,21.2,1,1008.5,-99,16.0,-99,-99,-99,新北市,06,三峽區,057
24.940806,121.361500,三峽,C0AC60,2017-11-13T07:00:00+08:00,55.0,0,0.0,21.4,1,1008.9,-99,16.0,-99,-99,-99,新北市,06,三峽區,057
24.940806,121.361500,三峽,C0AC60,2017-11-13T08:00:00+08:00,55.0,101,1.4,21.7,1,1008.8,-99,16.0,-99,-99,-99,新北市,06,三峽區,057
24.940806,121.361500,三峽,C0AC60,2017-11-13T09:00:00+08:00,55.0,83,1.6,22.2,0.98,1008.9,-99,16.0,-99,-99,-99,新北市,06,三峽區,057
24.940806,121.361500,三峽,C0AC60,2017-11-13T10:00:00+08:00,55.0,93,1.6,23.1,0.93,1009.1,-99,16.0,-99,-99,-99,新北市,06,三峽區,057
24.940806,121.361500,三峽,C0AC60,2017-11-13T11:00:00+08:00,55.0,56,1.5,23.5,0.93,1008.5,-99,16.0,-99,-99,-99,新北市,06,三峽區,057
24.940806,121.361500,三峽,C0AC60,2017-11-13T12:00:00+08:00,55.0,0,0.2,23.8,0.92,1007.8,-99,16.0,-99,-99,-99,新北市,06,三峽區,057
24.940806,121.361500,三峽,C0AC60,2017-11-13T13:00:00+08:00,55.0,0,0.0,23.2,0.95,1007.0,-99,16.0,-99,-99,-99,新北市,06,三峽區,057
24.940806,121.361500,三峽,C0AC60,2017-11-13T14:00:00+08:00,55.0,0,0.1,23.1,0.97,1006.5,-99,16.5,-99,-99,-99,新北市,06,三峽區,057
24.940806,121.361500,三峽,C0AC60,2017-11-13T15:00:00+08:00,55.0,0,0.0,23.1,0.99,1006.1,-99,17.5,-99,-99,-99,新北市,06,三峽區,057
24.940806,121.361500,三峽,C0AC60,2017-11-13T16:00:00+08:00,55.0,92,1.2,23.0,0.99,1006.3,-99,18.0,-99,-99,-99,新北市,06,三峽區,057
24.940806,121.361500,三峽,C0AC60,2017-11-13T17:00:00+08:00,55.0,0,0.2,23.0,0.99,1006.8,-99,19.0,-99,-99,-99,新北市,06,三峽區,057
24.940806,121.361500,三峽,C0AC60,2017-11-13T18:00:00+08:00,55.0,93,1.2,22.7,1,1007.2,-99,20.0,-99,-99,-99,新北市,06,三峽區,057
24.940806,121.361500,三峽,C0AC60,2017-11-13T19:00:00+08:00,55.0,92,0.8,22.4,1,1006.7,-99,20.0,-99,-99,-99,新北市,06,三峽區,057
24.940806,121.361500,三峽,C0AC60,2017-11-13T20:00:00+08:00,55.0,80,1.7,22.7,1,1006.8,-99,20.0,-99,-99,-99,新北市,06,三峽區,057
24.940806,121.361500,三峽,C0AC60,2017-11-13T21:00:00+08:00,55.0,90,1.1,22.7,0.99,1007.3,-99,20.0,-99,-99,-99,新北市,06,三峽區,057
24.940806,121.361500,三峽,C0AC60,2017-11-13T22:00:00+08:00,55.0,90,0.7,22.4,0.99,1007.1,-99,20.0,-99,-99,-99,新北市,06,三峽區,057
24.940806,121.361500,三峽,C0AC60,2017-11-13T23:00:00+08:00,55.0,152,0.8,22.4,0.99,1007.1,-99,20.0,-99,-99,-99,新北市,06,三峽區,057
24.940806,121.361500,三峽,C0AC60,2017-11-14T00:00:00+08:00,55.0,175,0.7,22.0,1,1007.1,-99,20.0,-99,-99,-99,新北市,06,三峽區,057
24.940806,121.361500,三峽,C0AC60,2017-11-14T01:00:00+08:00,55.0,0,0.1,22.0,1,1007.0,-99,0.0,-99,-99,-99,新北市,06,三峽區,057
24.940806,121.361500,三峽,C0AC60,2017-11-14T02:00:00+08:00,55.0,313,0.5,22.1,0.99,1007.0,-99,0.0,-99,-99,-99,新北市,06,三峽區,057
24.940806,121.361500,三峽,C0AC60,2017-11-14T03:00:00+08:00,55.0,107,0.3,21.9,1,1007.0,-99,0.5,-99,-99,-99,新北市,06,三峽區,057
24.940806,121.361500,三峽,C0AC60,2017-11-14T04:00:00+08:00,55.0,0,0.1,21.8,1,1007.3,-99,1.0,-99,-99,-99,新北市,06,三峽區,057
24.940806,121.361500,三峽,C0AC60,2017-11-14T05:00:00+08:00,55.0,182,0.9,21.8,1,1008.4,-99,4.5,-99,-99,-99,新北市,06,三峽區,057
24.940806,121.361500,三峽,C0AC60,2017-11-14T06:00:00+08:00,55.0,0,0.0,21.7,1,1008.9,-99,7.5,-99,-99,-99,新北市,06,三峽區,057
24.940806,121.361500,三峽,C0AC60,2017-11-14T07:00:00+08:00,55.0,0,0.0,21.8,1,1009.3,-99,8.0,-99,-99,-99,新北市,06,三峽區,057
24.940806,121.361500,三峽,C0AC60,2017-11-14T08:00:00+08:00,55.0,0,0.0,22.3,0.99,1010.2,-99,8.0,-99,-99,-99,新北市,06,三峽區,057
24.940806,121.361500,三峽,C0AC60,2017-11-14T09:00:00+08:00,55.0,99,0.7,22.5,1,1010.5,-99,8.0,-99,-99,-99,新北市,06,三峽區,057
24.940806,121.361500,三峽,C0AC60,2017-11-14T10:00:00+08:00,55.0,96,0.5,23.8,0.94,1010.3,-99,8.0,-99,-99,-99,新北市,06,三峽區,057
24.940806,121.361500,三峽,C0AC60,2017-11-14T11:00:00+08:00,55.0,91,1.5,24.3,0.9,1009.6,-99,8.0,-99,-99,-99,新北市,06,三峽區,057
24.940806,121.361500,三峽,C0AC60,2017-11-14T12:00:00+08:00,55.0,76,2.8,24.5,0.87,1008.8,-99,8.0,8.2,73,2017-11-14T12:00:00+08:00,新北市,06,三峽區,057
24.940806,121.361500,三峽,C0AC60,2017-11-14T13:00:00+08:00,55.0,84,2.3,25.2,0.84,1008.0,-99,8.0,8.8,65,2017-11-14T12:44:00+08:00,新北市,06,三峽區,057
24.940806,121.361500,三峽,C0AC60,2017-11-14T14:00:00+08:00,55.0,95,2.3,23.9,0.89,1007.8,-99,8.0,7.7,94,2017-11-14T13:13:00+08:00,新北市,06,三峽區,057
24.940806,121.361500,三峽,C0AC60,2017-11-14T15:00:00+08:00,55.0,94,2.2,23.9,0.87,1007.8,-99,8.0,-99,-99,-99,新北市,06,三峽區,057
24.940806,121.361500,三峽,C0AC60,2017-11-14T16:00:00+08:00,55.0,93,2.0,23.1,0.9,1008.2,-99,8.0,-99,-99,-99,新北市,06,三峽區,057
24.940806,121.361500,三峽,C0AC60,2017-11-14T17:00:00+08:00,55.0,94,2.5,22.4,0.92,1008.8,-99,8.0,-99,-99,-99,新北市,06,三峽區,057
24.940806,121.361500,三峽,C0AC60,2017-11-14T18:00:00+08:00,55.0,96,2.2,22.2,0.9,1009.2,-99,8.0,-99,-99,-99,新北市,06,三峽區,057
24.940806,121.361500,三峽,C0AC60,2017-11-14T19:00:00+08:00,55.0,67,2.5,22.3,0.89,1010.1,-99,8.0,-99,-99,-99,新北市,06,三峽區,057
24.940806,121.361500,三峽,C0AC60,2017-11-14T20:00:00+08:00,55.0,65,2.2,22.4,0.9,1010.4,-99,8.0,-99,-99,-99,新北市,06,三峽區,057
24.940806,121.361500,三峽,C0AC60,2017-11-14T21:00:00+08:00,55.0,88,1.5,22.1,0.89,1010.1,-99,8.0,-99,-99,-99,新北市,06,三峽區,057
24.940806,121.361500,三峽,C0AC60,2017-11-14T22:00:00+08:00,55.0,91,1.5,22.3,0.88,1009.8,-99,8.0,-99,-99,-99,新北市,06,三峽區,057
24.940806,121.361500,三峽,C0AC60,2017-11-14T23:00:00+08:00,55.0,67,2.9,22.4,0.88,1009.6,-99,8.0,-99,-99,-99,新北市,06,三峽區,057
24.940806,121.361500,三峽,C0AC60,2017-11-15T00:00:00+08:00,55.0,103,1.6,22.1,0.9,1009.8,-99,8.0,-99,-99,-99,新北市,06,三峽區,057
24.940806,121.361500,三峽,C0AC60,2017-11-15T01:00:00+08:00,55.0,96,1.4,22.2,0.9,1009.6,-99,0.0,-99,-99,-99,新北市,06,三峽區,057
24.940806,121.361500,三峽,C0AC60,2017-11-15T02:00:00+08:00,55.0,79,3.1,22.2,0.89,1009.4,-99,0.0,-99,-99,-99,新北市,06,三峽區,057
24.940806,121.361500,三峽,C0AC60,2017-11-15T03:00:00+08:00,55.0,83,2.9,22.1,0.9,1009.5,-99,0.0,-99,-99,-99,新北市,06,三峽區,057
24.940806,121.361500,三峽,C0AC60,2017-11-15T04:00:00+08:00,55.0,86,1.7,22.3,0.9,1009.8,-99,0.0,7.7,72,2017-11-15T03:31:00+08:00,新北市,06,三峽區,057
24.940806,121.361500,三峽,C0AC60,2017-11-15T05:00:00+08:00,55.0,79,3.0,22.3,0.89,1009.8,-99,0.0,8.2,83,2017-11-15T05:00:00+08:00,新北市,06,三峽區,057
24.940806,121.361500,三峽,C0AC60,2017-11-15T06:00:00+08:00,55.0,79,2.8,22.3,0.88,1009.9,-99,0.0,8.8,62,2017-11-15T05:58:00+08:00,新北市,06,三峽區,057
24.940806,121.361500,三峽,C0AC60,2017-11-15T07:00:00+08:00,55.0,94,1.8,22.5,0.86,1010.8,-99,0.0,7.1,74,2017-11-15T06:22:00+08:00,新北市,06,三峽區,057
24.940806,121.361500,三峽,C0AC60,2017-11-15T08:00:00+08:00,55.0,93,2.5,22.3,0.89,1011.8,-99,0.0,7.7,75,2017-11-15T07:21:00+08:00,新北市,06,三峽區,057
24.940806,121.361500,三峽,C0AC60,2017-11-15T09:00:00+08:00,55.0,97,1.6,24.1,0.81,1011.7,-99,0.0,-99,-99,-99,新北市,06,三峽區,057
24.940806,121.361500,三峽,C0AC60,2017-11-15T10:00:00+08:00,55.0,94,3.6,25.2,0.74,1011.6,-99,0.0,8.8,62,2017-11-15T09:11:00+08:00,新北市,06,三峽區,057
24.940806,121.361500,三峽,C0AC60,2017-11-15T11:00:00+08:00,55.0,89,3.3,25.1,0.75,1010.9,-99,0.0,10.4,107,2017-11-15T10:49:00+08:00,新北市,06,三峽區,057
24.940806,121.361500,三峽,C0AC60,2017-11-15T12:00:00+08:00,55.0,75,3.9,25.6,0.71,1009.4,-99,0.0,11.0,54,2017-11-15T11:52:00+08:00,新北市,06,三峽區,057
24.940806,121.361500,三峽,C0AC60,2017-11-15T13:00:00+08:00,55.0,84,2.3,26.3,0.69,1008.9,-99,0.0,10.4,70,2017-11-15T12:01:00+08:00,新北市,06,三峽區,057
24.940806,121.361500,三峽,C0AC60,2017-11-15T14:00:00+08:00,55.0,77,4.4,25.9,0.71,1009.2,-99,0.0,11.0,79,2017-11-15T13:11:00+08:00,新北市,06,三峽區,057
24.940806,121.361500,三峽,C0AC60,2017-11-15T15:00:00+08:00,55.0,82,3.0,24.4,0.77,1009.2,-99,0.0,10.4,62,2017-11-15T14:12:00+08:00,新北市,06,三峽區,057
24.940806,121.361500,三峽,C0AC60,2017-11-15T16:00:00+08:00,55.0,70,3.4,24.1,0.79,1009.4,-99,0.0,-99,-99,-99,新北市,06,三峽區,057
24.940806,121.361500,三峽,C0AC60,2017-11-15T17:00:00+08:00,55.0,88,2.5,23.8,0.81,1009.9,-99,0.0,8.8,62,2017-11-15T16:03:00+08:00,新北市,06,三峽區,057
24.940806,121.361500,三峽,C0AC60,2017-11-15T18:00:00+08:00,55.0,94,2.7,23.5,0.79,1009.8,-99,0.0,-99,-99,-99,新北市,06,三峽區,057
24.940806,121.361500,三峽,C0AC60,2017-11-15T19:00:00+08:00,55.0,77,5.0,23.3,0.81,1009.6,-99,0.0,9.9,84,2017-11-15T18:40:00+08:00,新北市,06,三峽區,057
24.940806,121.361500,三峽,C0AC60,2017-11-15T20:00:00+08:00,55.0,73,3.9,23.4,0.8,1009.7,-99,0.0,11.5,97,2017-11-15T19:50:00+08:00,新北市,06,三峽區,057
24.940806,121.361500,三峽,C0AC60,2017-11-15T21:00:00+08:00,55.0,78,3.9,23.5,0.81,1010.4,-99,0.0,13.2,85,2017-11-15T20:19:00+08:00,新北市,06,三峽區,057
24.940806,121.361500,三峽,C0AC60,2017-11-15T22:00:00+08:00,55.0,84,3.7,23.5,0.84,1010.7,-99,0.0,9.9,74,2017-11-15T21:09:00+08:00,新北市,06,三峽區,057
24.940806,121.361500,三峽,C0AC60,2017-11-15T23:00:00+08:00,55.0,83,3.2,23.4,0.85,1010.5,-99,0.0,9.9,64,2017-11-15T22:47:00+08:00,新北市,06,三峽區,057
24.940806,121.361500,三峽,C0AC60,2017-11-16T00:00:00+08:00,55.0,80,2.6,23.3,0.86,1009.7,-99,0.0,-99,-99,-99,新北市,06,三峽區,057
24.940806,121.361500,三峽,C0AC60,2017-11-16T01:00:00+08:00,55.0,77,2.8,23.4,0.85,1009.3,-99,0.0,8.2,79,2017-11-16T00:43:00+08:00,新北市,06,三峽區,057
24.940806,121.361500,三峽,C0AC60,2017-11-16T02:00:00+08:00,55.0,77,3.0,23.4,0.87,1009.1,-99,0.0,9.3,81,2017-11-16T01:40:00+08:00,新北市,06,三峽區,057
24.940806,121.361500,三峽,C0AC60,2017-11-16T03:00:00+08:00,55.0,81,2.3,23.4,0.87,1009.0,-99,0.0,8.8,66,2017-11-16T02:16:00+08:00,新北市,06,三峽區,057
24.940806,121.361500,三峽,C0AC60,2017-11-16T04:00:00+08:00,55.0,92,1.8,23.1,0.91,1009.1,-99,0.0,-99,-99,-99,新北市,06,三峽區,057
24.940806,121.361500,三峽,C0AC60,2017-11-16T05:00:00+08:00,55.0,96,0.7,22.6,0.95,1009.2,-99,0.0,-99,-99,-99,新北市,06,三峽區,057
24.940806,121.361500,三峽,C0AC60,2017-11-16T06:00:00+08:00,55.0,0,0.2,22.5,0.96,1009.5,-99,0.0,-99,-99,-99,新北市,06,三峽區,057
24.940806,121.361500,三峽,C0AC60,2017-11-16T07:00:00+08:00,55.0,97,0.7,22.6,0.95,1010.2,-99,0.0,-99,-99,-99,新北市,06,三峽區,057
24.940806,121.361500,三峽,C0AC60,2017-11-16T08:00:00+08:00,55.0,78,0.9,24.1,0.89,1010.5,-99,0.0,-99,-99,-99,新北市,06,三峽區,057
24.940806,121.361500,三峽,C0AC60,2017-11-16T09:00:00+08:00,55.0,76,2.1,25.4,0.83,1011.0,-99,0.0,-99,-99,-99,新北市,06,三峽區,057
24.940806,121.361500,三峽,C0AC60,2017-11-16T10:00:00+08:00,55.0,81,2.1,26.6,0.79,1010.6,-99,0.0,-99,-99,-99,新北市,06,三峽區,057
24.940806,121.361500,三峽,C0AC60,2017-11-16T11:00:00+08:00,55.0,68,2.5,27.6,0.75,1009.7,-99,0.0,-99,-99,-99,新北市,06,三峽區,057
24.940806,121.361500,三峽,C0AC60,2017-11-16T12:00:00+08:00,55.0,69,2.4,28.4,0.72,1008.4,-99,0.0,-99,-99,-99,新北市,06,三峽區,057
24.940806,121.361500,三峽,C0AC60,2017-11-16T13:00:00+08:00,55.0,71,2.2,28.9,0.7,1007.2,-99,0.0,8.2,85,2017-11-16T12:06:00+08:00,新北市,06,三峽區,057
24.940806,121.361500,三峽,C0AC60,2017-11-16T14:00:00+08:00,55.0,75,2.2,29.4,0.67,1006.4,-99,0.0,-99,-99,-99,新北市,06,三峽區,057
24.940806,121.361500,三峽,C0AC60,2017-11-16T15:00:00+08:00,55.0,73,2.6,29.6,0.67,1005.6,-99,0.0,-99,-99,-99,新北市,06,三峽區,057
24.940806,121.361500,三峽,C0AC60,2017-11-16T16:00:00+08:00,55.0,84,2.3,29.0,0.67,1005.6,-99,0.0,-99,-99,-99,新北市,06,三峽區,057
24.940806,121.361500,三峽,C0AC60,2017-11-16T17:00:00+08:00,55.0,85,2.6,27.3,0.74,1006.1,-99,0.0,7.7,77,2017-11-16T16:21:00+08:00,新北市,06,三峽區,057
24.940806,121.361500,三峽,C0AC60,2017-11-16T18:00:00+08:00,55.0,83,2.2,26.5,0.78,1006.4,-99,0.0,-99,-99,-99,新北市,06,三峽區,057
24.940806,121.361500,三峽,C0AC60,2017-11-16T19:00:00+08:00,55.0,95,0.8,25.7,0.83,1007.1,-99,0.0,-99,-99,-99,新北市,06,三峽區,057
24.940806,121.361500,三峽,C0AC60,2017-11-16T20:00:00+08:00,55.0,0,0.2,24.9,0.87,1007.2,-99,0.0,-99,-99,-99,新北市,06,三峽區,057
24.940806,121.361500,三峽,C0AC60,2017-11-16T21:00:00+08:00,55.0,162,1.8,23.9,0.92,1007.4,-99,0.0,-99,-99,-99,新北市,06,三峽區,057
24.940806,121.361500,三峽,C0AC60,2017-11-16T22:00:00+08:00,55.0,162,1.7,23.4,0.92,1007.3,-99,0.0,-99,-99,-99,新北市,06,三峽區,057
24.940806,121.361500,三峽,C0AC60,2017-11-16T23:00:00+08:00,55.0,0,0.0,23.5,0.92,1006.9,-99,0.0,-99,-99,-99,新北市,06,三峽區,057
24.940806,121.361500,三峽,C0AC60,2017-11-17T00:00:00+08:00,55.0,177,0.5,22.7,0.95,1007.5,-99,0.0,-99,-99,-99,新北市,06,三峽區,057
24.940806,121.361500,三峽,C0AC60,2017-11-17T01:00:00+08:00,55.0,181,0.9,22.7,0.94,1007.0,-99,0.0,-99,-99,-99,新北市,06,三峽區,057
24.940806,121.361500,三峽,C0AC60,2017-11-17T02:00:00+08:00,55.0,0,0.0,23.2,0.94,1006.9,-99,0.0,-99,-99,-99,新北市,06,三峽區,057
24.940806,121.361500,三峽,C0AC60,2017-11-17T03:00:00+08:00,55.0,181,0.6,23.1,0.94,1006.7,-99,0.0,-99,-99,-99,新北市,06,三峽區,057
24.940806,121.361500,三峽,C0AC60,2017-11-17T04:00:00+08:00,55.0,203,0.3,22.5,0.96,1006.0,-99,0.0,-99,-99,-99,新北市,06,三峽區,057
24.940806,121.361500,三峽,C0AC60,2017-11-17T05:00:00+08:00,55.0,0,0.0,22.6,0.98,1006.1,-99,0.0,-99,-99,-99,新北市,06,三峽區,057
24.940806,121.361500,三峽,C0AC60,2017-11-17T06:00:00+08:00,55.0,0,0.1,21.9,0.96,1006.3,-99,0.0,-99,-99,-99,新北市,06,三峽區,057
24.940806,121.361500,三峽,C0AC60,2017-11-17T07:00:00+08:00,55.0,194,0.9,22.0,0.94,1006.9,-99,0.0,-99,-99,-99,新北市,06,三峽區,057
24.940806,121.361500,三峽,C0AC60,2017-11-17T08:00:00+08:00,55.0,198,0.8,23.2,0.91,1007.1,-99,0.0,-99,-99,-99,新北市,06,三峽區,057
24.940806,121.361500,三峽,C0AC60,2017-11-17T09:00:00+08:00,55.0,236,1.6,25.3,0.82,1007.3,-99,0.0,-99,-99,-99,新北市,06,三峽區,057
24.940806,121.361500,三峽,C0AC60,2017-11-17T10:00:00+08:00,55.0,244,0.9,26.3,0.77,1006.7,-99,0.0,-99,-99,-99,新北市,06,三峽區,057
24.940806,121.361500,三峽,C0AC60,2017-11-17T11:00:00+08:00,55.0,306,0.5,27.9,0.71,1005.6,-99,0.0,-99,-99,-99,新北市,06,三峽區,057
24.940806,121.361500,三峽,C0AC60,2017-11-17T12:00:00+08:00,55.0,319,0.3,29.3,0.66,1004.8,-99,0.0,-99,-99,-99,新北市,06,三峽區,057
24.940806,121.361500,三峽,C0AC60,2017-11-17T13:00:00+08:00,55.0,298,0.7,30.0,0.64,1003.3,-99,0.0,-99,-99,-99,新北市,06,三峽區,057
24.940806,121.361500,三峽,C0AC60,2017-11-17T14:00:00+08:00,55.0,328,1.5,29.3,0.68,1002.8,-99,0.0,-99,-99,-99,新北市,06,三峽區,057
24.940806,121.361500,三峽,C0AC60,2017-11-17T15:00:00+08:00,55.0,319,1.5,28.4,0.72,1002.8,-99,0.0,-99,-99,-99,新北市,06,三峽區,057
24.940806,121.361500,三峽,C0AC60,2017-11-17T16:00:00+08:00,55.0,333,0.7,27.2,0.76,1002.8,-99,0.0,-99,-99,-99,新北市,06,三峽區,057
24.940806,121.361500,三峽,C0AC60,2017-11-17T17:00:00+08:00,55.0,305,0.8,26.5,0.79,1003.3,-99,0.0,-99,-99,-99,新北市,06,三峽區,057
24.940806,121.361500,三峽,C0AC60,2017-11-17T18:00:00+08:00,55.0,0,0.1,25.7,0.84,1003.6,-99,0.0,-99,-99,-99,新北市,06,三峽區,057
24.940806,121.361500,三峽,C0AC60,2017-11-17T19:00:00+08:00,55.0,232,0.5,25.4,0.87,1004.1,-99,0.0,-99,-99,-99,新北市,06,三峽區,057
24.940806,121.361500,三峽,C0AC60,2017-11-17T20:00:00+08:00,55.0,0,0.1,25.3,0.87,1004.4,-99,0.0,-99,-99,-99,新北市,06,三峽區,057
24.940806,121.361500,三峽,C0AC60,2017-11-17T21:00:00+08:00,55.0,158,0.6,24.9,0.91,1004.6,-99,0.0,-99,-99,-99,新北市,06,三峽區,057
24.940806,121.361500,三峽,C0AC60,2017-11-17T22:00:00+08:00,55.0,177,0.3,24.9,0.91,1004.8,-99,0.0,-99,-99,-99,新北市,06,三峽區,057
24.940806,121.361500,三峽,C0AC60,2017-11-17T23:00:00+08:00,55.0,201,0.5,24.8,0.89,1004.5,-99,0.0,-99,-99,-99,新北市,06,三峽區,057
24.940806,121.361500,三峽,C0AC60,2017-11-18T00:00:00+08:00,55.0,0,0.0,24.7,0.91,1004.2,-99,0.0,-99,-99,-99,新北市,06,三峽區,057
24.940806,121.361500,三峽,C0AC60,2017-11-18T01:00:00+08:00,55.0,0,0.2,24.8,0.89,1003.8,-99,0.0,-99,-99,-99,新北市,06,三峽區,057
24.940806,121.361500,三峽,C0AC60,2017-11-18T02:00:00+08:00,55.0,314,0.7,24.6,0.87,1003.7,-99,0.0,-99,-99,-99,新北市,06,三峽區,057
24.940806,121.361500,三峽,C0AC60,2017-11-18T03:00:00+08:00,55.0,316,1.5,23.8,0.92,1003.3,-99,0.0,-99,-99,-99,新北市,06,三峽區,057
24.940806,121.361500,三峽,C0AC60,2017-11-18T04:00:00+08:00,55.0,300,0.4,23.5,0.94,1003.5,-99,0.0,-99,-99,-99,新北市,06,三峽區,057
24.940806,121.361500,三峽,C0AC60,2017-11-18T05:00:00+08:00,55.0,242,1.0,23.6,0.92,1004.4,-99,0.0,-99,-99,-99,新北市,06,三峽區,057
24.940806,121.361500,三峽,C0AC60,2017-11-18T06:00:00+08:00,55.0,227,1.7,23.5,0.91,1005.5,-99,0.0,-99,-99,-99,新北市,06,三峽區,057
24.940806,121.361500,三峽,C0AC60,2017-11-18T07:00:00+08:00,55.0,308,1.0,23.7,0.91,1006.5,-99,0.0,-99,-99,-99,新北市,06,三峽區,057
24.940806,121.361500,三峽,C0AC60,2017-11-18T08:00:00+08:00,55.0,300,0.5,22.5,1,1007.5,-99,8.5,-99,-99,-99,新北市,06,三峽區,057
24.940806,121.361500,三峽,C0AC60,2017-11-18T09:00:00+08:00,55.0,0,0.2,21.3,0.95,1008.5,-99,10.0,8.8,49,2017-11-18T08:39:00+08:00,新北市,06,三峽區,057
24.940806,121.361500,三峽,C0AC60,2017-11-18T10:00:00+08:00,55.0,48,0.8,21.3,0.92,1009.4,-99,10.0,-99,-99,-99,新北市,06,三峽區,057
24.940806,121.361500,三峽,C0AC60,2017-11-18T11:00:00+08:00,55.0,88,0.8,21.2,0.96,1009.5,-99,10.5,-99,-99,-99,新北市,06,三峽區,057
24.940806,121.361500,三峽,C0AC60,2017-11-18T12:00:00+08:00,55.0,0,0.0,20.7,0.98,1009.1,-99,12.0,-99,-99,-99,新北市,06,三峽區,057
24.940806,121.361500,三峽,C0AC60,2017-11-18T13:00:00+08:00,55.0,89,0.4,20.4,0.98,1009.0,-99,14.5,-99,-99,-99,新北市,06,三峽區,057
24.940806,121.361500,三峽,C0AC60,2017-11-18T14:00:00+08:00,55.0,71,0.6,19.8,0.97,1009.4,-99,17.0,-99,-99,-99,新北市,06,三峽區,057
24.940806,121.361500,三峽,C0AC60,2017-11-18T15:00:00+08:00,55.0,0,0.0,19.8,0.97,1009.9,-99,17.5,-99,-99,-99,新北市,06,三峽區,057
24.940806,121.361500,三峽,C0AC60,2017-11-18T16:00:00+08:00,55.0,92,1.6,19.6,0.95,1010.4,-99,18.0,8.2,71,2017-11-18T16:00:00+08:00,新北市,06,三峽區,057
24.940806,121.361500,三峽,C0AC60,2017-11-18T17:00:00+08:00,55.0,99,2.7,19.3,0.91,1011.6,-99,18.0,7.7,80,2017-11-18T16:45:00+08:00,新北市,06,三峽區,057
24.940806,121.361500,三峽,C0AC60,2017-11-18T18:00:00+08:00,55.0,90,2.9,18.9,0.89,1012.6,-99,18.0,9.9,86,2017-11-18T17:49:00+08:00,新北市,06,三峽區,057
24.940806,121.361500,三峽,C0AC60,2017-11-18T19:00:00+08:00,55.0,94,2.0,18.3,0.9,1013.8,-99,18.0,9.3,72,2017-11-18T18:54:00+08:00,新北市,06,三峽區,057
24.940806,121.361500,三峽,C0AC60,2017-11-18T20:00:00+08:00,55.0,100,2.7,18.0,0.88,1014.4,-99,18.0,8.8,88,2017-11-18T19:42:00+08:00,新北市,06,三峽區,057
24.940806,121.361500,三峽,C0AC60,2017-11-18T21:00:00+08:00,55.0,93,2.7,17.6,0.89,1015.1,-99,18.0,11.0,98,2017-11-18T20:08:00+08:00,新北市,06,三峽區,057
24.940806,121.361500,三峽,C0AC60,2017-11-18T22:00:00+08:00,55.0,98,3.0,16.8,0.93,1015.6,-99,18.0,8.8,89,2017-11-18T21:35:00+08:00,新北市,06,三峽區,057
24.940806,121.361500,三峽,C0AC60,2017-11-18T23:00:00+08:00,55.0,97,2.9,16.3,0.96,1015.5,-99,18.5,8.2,69,2017-11-18T22:09:00+08:00,新北市,06,三峽區,057
24.940806,121.361500,三峽,C0AC60,2017-11-19T00:00:00+08:00,55.0,93,2.4,16.4,0.94,1015.4,-99,19.0,-99,-99,-99,新北市,06,三峽區,057
24.940806,121.361500,三峽,C0AC60,2017-11-19T01:00:00+08:00,55.0,93,2.0,16.3,0.94,1015.8,-99,0.5,7.7,86,2017-11-19T00:23:00+08:00,新北市,06,三峽區,057
24.940806,121.361500,三峽,C0AC60,2017-11-19T02:00:00+08:00,55.0,92,2.6,16.1,0.94,1015.3,-99,1.5,8.2,92,2017-11-19T01:12:00+08:00,新北市,06,三峽區,057
24.940806,121.361500,三峽,C0AC60,2017-11-19T03:00:00+08:00,55.0,98,2.5,15.9,0.96,1015.0,-99,4.0,-99,-99,-99,新北市,06,三峽區,057
24.940806,121.361500,三峽,C0AC60,2017-11-19T04:00:00+08:00,55.0,91,2.9,16.1,0.95,1015.0,-99,5.5,8.2,91,2017-11-19T03:19:00+08:00,新北市,06,三峽區,057
24.940806,121.361500,三峽,C0AC60,2017-11-19T05:00:00+08:00,55.0,101,2.5,15.9,0.98,1015.3,-99,7.0,8.2,85,2017-11-19T04:07:00+08:00,新北市,06,三峽區,057
24.940806,121.361500,三峽,C0AC60,2017-11-19T06:00:00+08:00,55.0,95,1.9,16.2,0.98,1015.7,-99,7.0,7.1,85,2017-11-19T05:16:00+08:00,新北市,06,三峽區,057
24.940806,121.361500,三峽,C0AC60,2017-11-19T07:00:00+08:00,55.0,92,1.4,16.1,0.98,1016.1,-99,7.5,-99,-99,-99,新北市,06,三峽區,057
24.940806,121.361500,三峽,C0AC60,2017-11-19T08:00:00+08:00,55.0,96,2.1,16.2,0.96,1016.4,-99,8.0,-99,-99,-99,新北市,06,三峽區,057
24.940806,121.361500,三峽,C0AC60,2017-11-19T09:00:00+08:00,55.0,92,3.3,17.1,0.87,1016.0,-99,8.0,-99,-99,-99,新北市,06,三峽區,057
24.940806,121.361500,三峽,C0AC60,2017-11-19T10:00:00+08:00,55.0,86,2.9,17.7,0.85,1015.1,-99,8.0,8.8,72,2017-11-19T09:04:00+08:00,新北市,06,三峽區,057
24.940806,121.361500,三峽,C0AC60,2017-11-19T11:00:00+08:00,55.0,89,3.0,17.7,0.89,1014.1,-99,8.0,10.4,88,2017-11-19T10:33:00+08:00,新北市,06,三峽區,057
24.940806,121.361500,三峽,C0AC60,2017-11-19T12:00:00+08:00,55.0,81,3.6,18.2,0.85,1013.1,-99,8.0,11.5,60,2017-11-19T11:16:00+08:00,新北市,06,三峽區,057
24.940806,121.361500,三峽,C0AC60,2017-11-19T13:00:00+08:00,55.0,77,4.0,18.3,0.85,1011.9,-99,8.0,12.1,81,2017-11-19T12:44:00+08:00,新北市,06,三峽區,057
24.940806,121.361500,三峽,C0AC60,2017-11-19T14:00:00+08:00,55.0,80,4.3,18.5,0.83,1011.0,-99,8.0,12.6,53,2017-11-19T13:26:00+08:00,新北市,06,三峽區,057
24.940806,121.361500,三峽,C0AC60,2017-11-19T15:00:00+08:00,55.0,75,4.2,17.3,0.93,1011.0,-99,8.0,13.7,78,2017-11-19T14:56:00+08:00,新北市,06,三峽區,057
24.940806,121.361500,三峽,C0AC60,2017-11-19T16:00:00+08:00,55.0,77,5.1,17.4,0.94,1010.9,-99,8.5,13.2,64,2017-11-19T15:07:00+08:00,新北市,06,三峽區,057
24.940806,121.361500,三峽,C0AC60,2017-11-19T17:00:00+08:00,55.0,74,4.6,17.4,0.94,1011.3,-99,9.0,13.7,89,2017-11-19T16:44:00+08:00,新北市,06,三峽區,057
24.940806,121.361500,三峽,C0AC60,2017-11-19T18:00:00+08:00,55.0,81,4.3,17.2,0.97,1011.8,-99,10.0,12.6,70,2017-11-19T17:20:00+08:00,新北市,06,三峽區,057
24.940806,121.361500,三峽,C0AC60,2017-11-19T19:00:00+08:00,55.0,78,4.7,17.5,0.94,1011.9,-99,10.5,12.6,82,2017-11-19T18:30:00+08:00,新北市,06,三峽區,057
24.940806,121.361500,三峽,C0AC60,2017-11-19T20:00:00+08:00,55.0,79,4.2,17.5,0.95,1012.3,-99,10.5,13.2,61,2017-11-19T19:28:00+08:00,新北市,06,三峽區,057
24.940806,121.361500,三峽,C0AC60,2017-11-19T21:00:00+08:00,55.0,73,3.5,17.5,0.97,1012.8,-99,11.0,11.0,100,2017-11-19T20:02:00+08:00,新北市,06,三峽區,057
24.940806,121.361500,三峽,C0AC60,2017-11-19T22:00:00+08:00,55.0,82,3.3,17.3,1,1013.5,-99,14.0,8.8,92,2017-11-19T21:21:00+08:00,新北市,06,三峽區,057
24.940806,121.361500,三峽,C0AC60,2017-11-19T23:00:00+08:00,55.0,78,3.2,17.5,1,1013.1,-99,17.0,9.3,62,2017-11-19T22:58:00+08:00,新北市,06,三峽區,057
24.940806,121.361500,三峽,C0AC60,2017-11-20T01:00:00+08:00,55.0,87,2.0,17.7,1,1013.2,-99,4.5,-99,-99,-99,新北市,06,三峽區,057
24.940806,121.361500,三峽,C0AC60,2017-11-20T02:00:00+08:00,55.0,98,1.8,17.7,0.99,1012.7,-99,8.0,7.7,83,2017-11-20T01:03:00+08:00,新北市,06,三峽區,057
24.940806,121.361500,三峽,C0AC60,2017-11-20T03:00:00+08:00,55.0,86,1.8,18.0,1,1012.0,-99,8.0,7.1,91,2017-11-20T02:33:00+08:00,新北市,06,三峽區,057
24.940806,121.361500,三峽,C0AC60,2017-11-20T04:00:00+08:00,55.0,93,1.7,18.2,0.99,1012.6,-99,8.5,-99,-99,-99,新北市,06,三峽區,057
24.940806,121.361500,三峽,C0AC60,2017-11-20T05:00:00+08:00,55.0,97,0.5,18.0,1,1012.9,-99,9.0,-99,-99,-99,新北市,06,三峽區,057
24.940806,121.361500,三峽,C0AC60,2017-11-20T06:00:00+08:00,55.0,96,1.4,18.3,0.99,1013.4,-99,9.5,-99,-99,-99,新北市,06,三峽區,057
24.940806,121.361500,三峽,C0AC60,2017-11-20T07:00:00+08:00,55.0,74,1.7,18.4,1,1013.7,-99,10.0,-99,-99,-99,新北市,06,三峽區,057
24.940806,121.361500,三峽,C0AC60,2017-11-20T08:00:00+08:00,55.0,65,2.2,18.8,0.98,1014.0,-99,10.0,-99,-99,-99,新北市,06,三峽區,057
24.940806,121.361500,三峽,C0AC60,2017-11-20T09:00:00+08:00,55.0,67,2.0,19.2,0.96,1014.6,-99,10.0,7.7,91,2017-11-20T08:29:00+08:00,新北市,06,三峽區,057
24.940806,121.361500,三峽,C0AC60,2017-11-20T10:00:00+08:00,55.0,78,2.0,19.7,0.93,1014.5,-99,10.0,-99,-99,-99,新北市,06,三峽區,057
24.940806,121.361500,三峽,C0AC60,2017-11-20T11:00:00+08:00,55.0,70,2.1,19.4,0.95,1014.1,-99,10.0,-99,-99,-99,新北市,06,三峽區,057
24.940806,121.361500,三峽,C0AC60,2017-11-20T12:00:00+08:00,55.0,91,1.7,19.7,0.94,1013.3,-99,10.0,7.1,71,2017-11-20T11:28:00+08:00,新北市,06,三峽區,057
24.940806,121.361500,三峽,C0AC60,2017-11-20T13:00:00+08:00,55.0,94,2.2,19.9,0.9,1011.9,-99,10.0,-99,-99,-99,新北市,06,三峽區,057
24.940806,121.361500,三峽,C0AC60,2017-11-20T14:00:00+08:00,55.0,78,3.4,20.2,0.89,1011.9,-99,10.0,9.3,69,2017-11-20T13:58:00+08:00,新北市,06,三峽區,057
24.940806,121.361500,三峽,C0AC60,2017-11-20T15:00:00+08:00,55.0,88,2.1,19.4,0.91,1011.9,-99,10.0,8.2,58,2017-11-20T14:07:00+08:00,新北市,06,三峽區,057
24.940806,121.361500,三峽,C0AC60,2017-11-20T16:00:00+08:00,55.0,71,2.1,19.0,0.94,1012.5,-99,10.0,8.2,62,2017-11-20T15:42:00+08:00,新北市,06,三峽區,057
24.940806,121.361500,三峽,C0AC60,2017-11-20T17:00:00+08:00,55.0,95,1.8,18.7,0.97,1013.0,-99,10.0,7.1,95,2017-11-20T16:14:00+08:00,新北市,06,三峽區,057
24.940806,121.361500,三峽,C0AC60,2017-11-20T18:00:00+08:00,55.0,90,2.1,18.8,0.94,1013.4,-99,10.0,7.1,78,2017-11-20T17:46:00+08:00,新北市,06,三峽區,057
24.940806,121.361500,三峽,C0AC60,2017-11-20T19:00:00+08:00,55.0,92,2.6,18.5,0.97,1014.0,-99,10.0,7.1,85,2017-11-20T18:42:00+08:00,新北市,06,三峽區,057
24.940806,121.361500,三峽,C0AC60,2017-11-20T20:00:00+08:00,55.0,98,1.7,18.2,0.99,1014.8,-99,10.5,-99,-99,-99,新北市,06,三峽區,057
24.940806,121.361500,三峽,C0AC60,2017-11-20T21:00:00+08:00,55.0,87,1.4,18.1,0.99,1014.8,-99,11.0,6.6,61,2017-11-20T20:22:00+08:00,新北市,06,三峽區,057
24.940806,121.361500,三峽,C0AC60,2017-11-20T22:00:00+08:00,55.0,91,1.7,18.1,1,1014.9,-99,11.5,7.1,76,2017-11-20T21:11:00+08:00,新北市,06,三峽區,057
24.940806,121.361500,三峽,C0AC60,2017-11-20T23:00:00+08:00,55.0,88,1.5,18.1,0.99,1014.2,-99,12.0,-99,-99,-99,新北市,06,三峽區,057
24.940806,121.361500,三峽,C0AC60,2017-11-21T00:00:00+08:00,55.0,69,2.5,18.2,1,1014.1,-99,12.0,-99,-99,-99,新北市,06,三峽區,057
24.940806,121.361500,三峽,C0AC60,2017-11-21T01:00:00+08:00,55.0,71,2.5,18.3,0.99,1013.8,-99,0.0,-99,-99,-99,新北市,06,三峽區,057
24.940806,121.361500,三峽,C0AC60,2017-11-21T02:00:00+08:00,55.0,79,2.6,18.4,0.99,1013.7,-99,0.5,-99,-99,-99,新北市,06,三峽區,057
24.940806,121.361500,三峽,C0AC60,2017-11-21T03:00:00+08:00,55.0,86,2.2,18.2,1,1012.9,-99,1.0,-99,-99,-99,新北市,06,三峽區,057
24.940806,121.361500,三峽,C0AC60,2017-11-21T04:00:00+08:00,55.0,77,2.2,18.3,1,1013.0,-99,2.0,-99,-99,-99,新北市,06,三峽區,057
24.940806,121.361500,三峽,C0AC60,2017-11-21T05:00:00+08:00,55.0,92,2.2,18.2,1,1012.5,-99,4.5,-99,-99,-99,新北市,06,三峽區,057
24.940806,121.361500,三峽,C0AC60,2017-11-21T06:00:00+08:00,55.0,80,3.3,18.5,0.99,1012.6,-99,5.0,8.8,94,2017-11-21T05:39:00+08:00,新北市,06,三峽區,057
24.940806,121.361500,三峽,C0AC60,2017-11-21T07:00:00+08:00,55.0,81,3.2,18.9,0.97,1012.8,-99,5.0,10.4,90,2017-11-21T06:28:00+08:00,新北市,06,三峽區,057
24.940806,121.361500,三峽,C0AC60,2017-11-21T08:00:00+08:00,55.0,80,3.7,19.7,0.93,1013.0,-99,5.0,9.9,74,2017-11-21T07:38:00+08:00,新北市,06,三峽區,057
24.940806,121.361500,三峽,C0AC60,2017-11-21T09:00:00+08:00,55.0,78,3.8,20.6,0.9,1012.5,-99,5.0,10.4,99,2017-11-21T08:06:00+08:00,新北市,06,三峽區,057
24.940806,121.361500,三峽,C0AC60,2017-11-21T10:00:00+08:00,55.0,74,3.6,21.5,0.88,1011.9,-99,5.0,13.2,79,2017-11-21T09:31:00+08:00,新北市,06,三峽區,057
24.940806,121.361500,三峽,C0AC60,2017-11-21T11:00:00+08:00,55.0,75,4.3,21.9,0.88,1011.0,-99,5.0,11.5,64,2017-11-21T10:24:00+08:00,新北市,06,三峽區,057
24.940806,121.361500,三峽,C0AC60,2017-11-21T12:00:00+08:00,55.0,83,3.6,23.2,0.84,1009.7,-99,5.0,11.5,104,2017-11-21T11:13:00+08:00,新北市,06,三峽區,057
24.940806,121.361500,三峽,C0AC60,2017-11-21T13:00:00+08:00,55.0,79,4.2,24.5,0.8,1008.5,-99,5.0,12.1,87,2017-11-21T12:26:00+08:00,新北市,06,三峽區,057
24.940806,121.361500,三峽,C0AC60,2017-11-21T14:00:00+08:00,55.0,78,3.0,23.2,0.87,1008.1,-99,5.0,8.8,104,2017-11-21T13:22:00+08:00,新北市,06,三峽區,057
24.940806,121.361500,三峽,C0AC60,2017-11-21T15:00:00+08:00,55.0,82,2.8,23.2,0.89,1007.6,-99,5.0,-99,-99,-99,新北市,06,三峽區,057
24.940806,121.361500,三峽,C0AC60,2017-11-21T16:00:00+08:00,55.0,44,1.3,23.2,0.89,1008.0,-99,5.0,7.1,85,2017-11-21T15:11:00+08:00,新北市,06,三峽區,057
24.940806,121.361500,三峽,C0AC60,2017-11-21T17:00:00+08:00,55.0,74,1.9,23.0,0.89,1008.5,-99,5.0,-99,-99,-99,新北市,06,三峽區,057
24.940806,121.361500,三峽,C0AC60,2017-11-21T18:00:00+08:00,55.0,92,0.8,22.2,0.95,1008.7,-99,5.0,-99,-99,-99,新北市,06,三峽區,057
24.940806,121.361500,三峽,C0AC60,2017-11-21T19:00:00+08:00,55.0,0,0.0,22.1,0.96,1009.2,-99,5.0,-99,-99,-99,新北市,06,三峽區,057
24.940806,121.361500,三峽,C0AC60,2017-11-21T20:00:00+08:00,55.0,0,0.0,21.8,0.97,1009.2,-99,5.0,-99,-99,-99,新北市,06,三峽區,057
24.940806,121.361500,三峽,C0AC60,2017-11-21T21:00:00+08:00,55.0,0,0.0,21.3,0.99,1009.6,-99,5.0,-99,-99,-99,新北市,06,三峽區,057
24.940806,121.361500,三峽,C0AC60,2017-11-21T22:00:00+08:00,55.0,0,0.0,21.2,1,1009.4,-99,5.0,-99,-99,-99,新北市,06,三峽區,057
24.940806,121.361500,三峽,C0AC60,2017-11-21T23:00:00+08:00,55.0,190,1.1,21.3,1,1009.1,-99,5.0,-99,-99,-99,新北市,06,三峽區,057
24.940806,121.361500,三峽,C0AC60,2017-11-22T00:00:00+08:00,55.0,326,0.4,21.7,0.99,1009.2,-99,5.0,-99,-99,-99,新北市,06,三峽區,057
24.940806,121.361500,三峽,C0AC60,2017-11-22T01:00:00+08:00,55.0,310,0.3,21.7,0.99,1009.2,-99,0.0,-99,-99,-99,新北市,06,三峽區,057
24.940806,121.361500,三峽,C0AC60,2017-11-22T02:00:00+08:00,55.0,0,0.1,21.2,1,1008.9,-99,0.0,-99,-99,-99,新北市,06,三峽區,057
24.940806,121.361500,三峽,C0AC60,2017-11-22T03:00:00+08:00,55.0,0,0.1,21.0,0.99,1008.8,-99,0.0,-99,-99,-99,新北市,06,三峽區,057
24.940806,121.361500,三峽,C0AC60,2017-11-22T04:00:00+08:00,55.0,0,0.0,20.8,0.99,1008.8,-99,0.0,-99,-99,-99,新北市,06,三峽區,057
24.940806,121.361500,三峽,C0AC60,2017-11-22T05:00:00+08:00,55.0,341,0.8,20.3,1,1009.1,-99,0.0,-99,-99,-99,新北市,06,三峽區,057
24.940806,121.361500,三峽,C0AC60,2017-11-22T06:00:00+08:00,55.0,350,0.6,20.2,0.99,1009.6,-99,0.0,-99,-99,-99,新北市,06,三峽區,057
24.940806,121.361500,三峽,C0AC60,2017-11-22T07:00:00+08:00,55.0,325,0.6,20.1,0.99,1010.3,-99,0.0,-99,-99,-99,新北市,06,三峽區,057
24.940806,121.361500,三峽,C0AC60,2017-11-22T08:00:00+08:00,55.0,0,0.2,19.9,1,1011.3,-99,0.5,-99,-99,-99,新北市,06,三峽區,057
24.940806,121.361500,三峽,C0AC60,2017-11-22T09:00:00+08:00,55.0,0,0.0,20.0,1,1011.9,-99,0.5,-99,-99,-99,新北市,06,三峽區,057
24.940806,121.361500,三峽,C0AC60,2017-11-22T10:00:00+08:00,55.0,318,0.7,19.9,1,1011.5,-99,0.5,-99,-99,-99,新北市,06,三峽區,057
24.940806,121.361500,三峽,C0AC60,2017-11-22T11:00:00+08:00,55.0,318,0.4,19.8,0.98,1011.1,-99,0.5,-99,-99,-99,新北市,06,三峽區,057
24.940806,121.361500,三峽,C0AC60,2017-11-22T12:00:00+08:00,55.0,0,0.0,19.9,0.99,1009.9,-99,0.5,-99,-99,-99,新北市,06,三峽區,057
24.940806,121.361500,三峽,C0AC60,2017-11-22T13:00:00+08:00,55.0,16,1.2,19.9,0.92,1009.2,-99,0.5,-99,-99,-99,新北市,06,三峽區,057
24.940806,121.361500,三峽,C0AC60,2017-11-22T14:00:00+08:00,55.0,79,0.7,19.7,0.92,1008.9,-99,0.5,-99,-99,-99,新北市,06,三峽區,057
24.940806,121.361500,三峽,C0AC60,2017-11-22T15:00:00+08:00,55.0,0,0.2,18.9,0.97,1009.2,-99,0.5,-99,-99,-99,新北市,06,三峽區,057
24.940806,121.361500,三峽,C0AC60,2017-11-22T16:00:00+08:00,55.0,91,0.8,18.6,0.94,1009.8,-99,0.5,-99,-99,-99,新北市,06,三峽區,057
24.940806,121.361500,三峽,C0AC60,2017-11-22T17:00:00+08:00,55.0,94,0.9,18.2,0.97,1010.7,-99,0.5,-99,-99,-99,新北市,06,三峽區,057
24.940806,121.361500,三峽,C0AC60,2017-11-22T18:00:00+08:00,55.0,83,0.9,17.9,0.99,1011.4,-99,0.5,-99,-99,-99,新北市,06,三峽區,057
24.940806,121.361500,三峽,C0AC60,2017-11-22T19:00:00+08:00,55.0,94,0.4,17.6,1,1012.2,-99,0.5,-99,-99,-99,新北市,06,三峽區,057
24.940806,121.361500,三峽,C0AC60,2017-11-22T20:00:00+08:00,55.0,99,0.9,17.8,0.97,1012.8,-99,1.0,-99,-99,-99,新北市,06,三峽區,057
24.940806,121.361500,三峽,C0AC60,2017-11-22T21:00:00+08:00,55.0,96,0.8,17.2,0.99,1013.3,-99,1.0,-99,-99,-99,新北市,06,三峽區,057
24.940806,121.361500,三峽,C0AC60,2017-11-22T22:00:00+08:00,55.0,92,1.4,16.9,0.99,1013.5,-99,2.5,-99,-99,-99,新北市,06,三峽區,057
24.940806,121.361500,三峽,C0AC60,2017-11-22T23:00:00+08:00,55.0,95,0.6,16.6,1,1013.7,-99,3.0,-99,-99,-99,新北市,06,三峽區,057
24.940806,121.361500,三峽,C0AC60,2017-11-23T00:00:00+08:00,55.0,104,0.9,16.6,0.99,1013.9,-99,3.5,-99,-99,-99,新北市,06,三峽區,057
24.940806,121.361500,三峽,C0AC60,2017-11-23T01:00:00+08:00,55.0,92,0.9,16.2,0.99,1013.9,-99,1.0,-99,-99,-99,新北市,06,三峽區,057
24.940806,121.361500,三峽,C0AC60,2017-11-23T02:00:00+08:00,55.0,82,0.7,15.9,0.99,1013.7,-99,1.0,-99,-99,-99,新北市,06,三峽區,057
24.940806,121.361500,三峽,C0AC60,2017-11-23T03:00:00+08:00,55.0,105,0.6,16.0,0.99,1014.1,-99,1.5,-99,-99,-99,新北市,06,三峽區,057
24.940806,121.361500,三峽,C0AC60,2017-11-23T04:00:00+08:00,55.0,0,0.2,15.8,0.99,1014.2,-99,2.0,-99,-99,-99,新北市,06,三峽區,057
24.940806,121.361500,三峽,C0AC60,2017-11-23T05:00:00+08:00,55.0,95,0.5,15.7,1,1014.8,-99,4.0,-99,-99,-99,新北市,06,三峽區,057
24.940806,121.361500,三峽,C0AC60,2017-11-23T06:00:00+08:00,55.0,96,0.6,15.7,1,1015.7,-99,4.0,-99,-99,-99,新北市,06,三峽區,057
24.940806,121.361500,三峽,C0AC60,2017-11-23T07:00:00+08:00,55.0,84,0.6,15.6,0.99,1016.4,-99,4.0,-99,-99,-99,新北市,06,三峽區,057
24.940806,121.361500,三峽,C0AC60,2017-11-23T08:00:00+08:00,55.0,96,0.5,15.7,0.99,1017.3,-99,4.5,-99,-99,-99,新北市,06,三峽區,057
24.940806,121.361500,三峽,C0AC60,2017-11-23T09:00:00+08:00,55.0,90,1.0,15.6,0.99,1017.4,-99,5.0,-99,-99,-99,新北市,06,三峽區,057
24.940806,121.361500,三峽,C0AC60,2017-11-23T10:00:00+08:00,55.0,91,1.5,15.9,0.93,1017.6,-99,5.0,-99,-99,-99,新北市,06,三峽區,057
24.940806,121.361500,三峽,C0AC60,2017-11-23T11:00:00+08:00,55.0,112,0.7,16.0,0.93,1016.4,-99,5.0,-99,-99,-99,新北市,06,三峽區,057
24.940806,121.361500,三峽,C0AC60,2017-11-23T12:00:00+08:00,55.0,95,2.3,16.2,0.88,1015.6,-99,5.0,-99,-99,-99,新北市,06,三峽區,057
24.940806,121.361500,三峽,C0AC60,2017-11-23T13:00:00+08:00,55.0,95,2.2,16.3,0.87,1014.8,-99,5.0,8.2,83,2017-11-23T12:17:00+08:00,新北市,06,三峽區,057
24.940806,121.361500,三峽,C0AC60,2017-11-23T14:00:00+08:00,55.0,90,1.5,16.4,0.87,1015.0,-99,5.0,-99,-99,-99,新北市,06,三峽區,057
24.940806,121.361500,三峽,C0AC60,2017-11-23T15:00:00+08:00,55.0,101,0.9,16.2,0.89,1015.0,-99,5.0,-99,-99,-99,新北市,06,三峽區,057
24.940806,121.361500,三峽,C0AC60,2017-11-23T16:00:00+08:00,55.0,94,1.4,16.1,0.87,1015.3,-99,5.0,-99,-99,-99,新北市,06,三峽區,057
24.940806,121.361500,三峽,C0AC60,2017-11-23T17:00:00+08:00,55.0,96,2.5,16.1,0.84,1015.4,-99,5.0,-99,-99,-99,新北市,06,三峽區,057
24.940806,121.361500,三峽,C0AC60,2017-11-23T18:00:00+08:00,55.0,91,1.6,16.3,0.83,1015.5,-99,5.0,-99,-99,-99,新北市,06,三峽區,057
24.940806,121.361500,三峽,C0AC60,2017-11-23T19:00:00+08:00,55.0,96,1.8,16.8,0.81,1016.0,-99,5.0,-99,-99,-99,新北市,06,三峽區,057
24.940806,121.361500,三峽,C0AC60,2017-11-23T20:00:00+08:00,55.0,94,1.5,16.9,0.82,1016.0,-99,5.0,-99,-99,-99,新北市,06,三峽區,057
24.940806,121.361500,三峽,C0AC60,2017-11-23T21:00:00+08:00,55.0,96,2.0,17.2,0.79,1016.1,-99,5.0,8.8,83,2017-11-23T20:40:00+08:00,新北市,06,三峽區,057
24.940806,121.361500,三峽,C0AC60,2017-11-23T22:00:00+08:00,55.0,99,1.9,17.2,0.8,1016.6,-99,5.0,8.8,74,2017-11-23T21:32:00+08:00,新北市,06,三峽區,057
24.940806,121.361500,三峽,C0AC60,2017-11-23T23:00:00+08:00,55.0,95,1.3,17.2,0.81,1016.3,-99,5.0,-99,-99,-99,新北市,06,三峽區,057
24.940806,121.361500,三峽,C0AC60,2017-11-24T00:00:00+08:00,55.0,95,1.8,17.3,0.81,1016.0,-99,5.0,-99,-99,-99,新北市,06,三峽區,057
24.940806,121.361500,三峽,C0AC60,2017-11-24T01:00:00+08:00,55.0,94,1.4,17.5,0.82,1016.4,-99,0.0,-99,-99,-99,新北市,06,三峽區,057
24.940806,121.361500,三峽,C0AC60,2017-11-24T02:00:00+08:00,55.0,95,1.7,17.3,0.84,1016.6,-99,0.0,-99,-99,-99,新北市,06,三峽區,057
24.940806,121.361500,三峽,C0AC60,2017-11-24T03:00:00+08:00,55.0,95,1.1,17.1,0.85,1016.2,-99,0.0,7.1,108,2017-11-24T02:52:00+08:00,新北市,06,三峽區,057
24.940806,121.361500,三峽,C0AC60,2017-11-24T04:00:00+08:00,55.0,98,0.3,17.1,0.84,1017.1,-99,0.0,-99,-99,-99,新北市,06,三峽區,057
24.940806,121.361500,三峽,C0AC60,2017-11-24T05:00:00+08:00,55.0,102,0.8,17.0,0.83,1016.6,-99,0.0,-99,-99,-99,新北市,06,三峽區,057
24.940806,121.361500,三峽,C0AC60,2017-11-24T06:00:00+08:00,55.0,93,1.0,17.3,0.78,1017.5,-99,0.0,-99,-99,-99,新北市,06,三峽區,057
24.940806,121.361500,三峽,C0AC60,2017-11-24T07:00:00+08:00,55.0,97,1.2,17.7,0.73,1018.3,-99,0.0,-99,-99,-99,新北市,06,三峽區,057
24.940806,121.361500,三峽,C0AC60,2017-11-24T08:00:00+08:00,55.0,99,2.5,17.6,0.76,1018.8,-99,0.0,8.8,86,2017-11-24T07:51:00+08:00,新北市,06,三峽區,057
24.940806,121.361500,三峽,C0AC60,2017-11-24T09:00:00+08:00,55.0,92,1.8,17.7,0.78,1019.9,-99,0.0,-99,-99,-99,新北市,06,三峽區,057
24.940806,121.361500,三峽,C0AC60,2017-11-24T10:00:00+08:00,55.0,96,2.2,17.9,0.75,1019.8,-99,0.0,7.1,79,2017-11-24T09:09:00+08:00,新北市,06,三峽區,057
24.940806,121.361500,三峽,C0AC60,2017-11-24T11:00:00+08:00,55.0,92,2.1,17.8,0.77,1019.1,-99,0.0,-99,-99,-99,新北市,06,三峽區,057
24.940806,121.361500,三峽,C0AC60,2017-11-24T12:00:00+08:00,55.0,94,2.4,17.8,0.79,1018.4,-99,0.0,-99,-99,-99,新北市,06,三峽區,057
24.940806,121.361500,三峽,C0AC60,2017-11-24T13:00:00+08:00,55.0,91,2.8,18.1,0.78,1017.0,-99,0.0,8.2,66,2017-11-24T12:46:00+08:00,新北市,06,三峽區,057
24.940806,121.361500,三峽,C0AC60,2017-11-24T14:00:00+08:00,55.0,86,2.1,18.4,0.77,1016.1,-99,0.0,8.8,62,2017-11-24T13:15:00+08:00,新北市,06,三峽區,057
24.940806,121.361500,三峽,C0AC60,2017-11-24T15:00:00+08:00,55.0,89,3.2,18.2,0.75,1015.7,-99,0.0,9.9,83,2017-11-24T14:52:00+08:00,新北市,06,三峽區,057
24.940806,121.361500,三峽,C0AC60,2017-11-24T16:00:00+08:00,55.0,94,2.9,18.2,0.76,1015.6,-99,0.0,8.8,77,2017-11-24T15:23:00+08:00,新北市,06,三峽區,057
24.940806,121.361500,三峽,C0AC60,2017-11-24T17:00:00+08:00,55.0,88,3.0,18.2,0.76,1016.1,-99,0.0,8.8,105,2017-11-24T16:34:00+08:00,新北市,06,三峽區,057
24.940806,121.361500,三峽,C0AC60,2017-11-24T18:00:00+08:00,55.0,88,2.1,18.1,0.78,1016.4,-99,0.0,8.2,86,2017-11-24T17:41:00+08:00,新北市,06,三峽區,057
24.940806,121.361500,三峽,C0AC60,2017-11-24T19:00:00+08:00,55.0,86,2.6,18.2,0.79,1017.0,-99,0.0,9.9,90,2017-11-24T18:05:00+08:00,新北市,06,三峽區,057
24.940806,121.361500,三峽,C0AC60,2017-11-24T20:00:00+08:00,55.0,82,2.9,18.3,0.8,1017.0,-99,0.0,9.3,85,2017-11-24T20:00:00+08:00,新北市,06,三峽區,057
24.940806,121.361500,三峽,C0AC60,2017-11-24T21:00:00+08:00,55.0,78,4.2,18.0,0.83,1016.1,-99,0.0,11.5,90,2017-11-24T20:10:00+08:00,新北市,06,三峽區,057
24.940806,121.361500,三峽,C0AC60,2017-11-24T22:00:00+08:00,55.0,79,4.4,17.9,0.86,1016.3,-99,0.0,11.5,43,2017-11-24T22:00:00+08:00,新北市,06,三峽區,057
24.940806,121.361500,三峽,C0AC60,2017-11-24T23:00:00+08:00,55.0,82,4.2,18.1,0.86,1015.8,-99,0.0,12.1,71,2017-11-24T22:27:00+08:00,新北市,06,三峽區,057
24.940806,121.361500,三峽,C0AC60,2017-11-25T00:00:00+08:00,55.0,79,4.6,18.3,0.85,1015.1,-99,0.0,9.9,103,2017-11-24T23:59:00+08:00,新北市,06,三峽區,057
24.940806,121.361500,三峽,C0AC60,2017-11-25T01:00:00+08:00,55.0,79,4.2,18.3,0.88,1014.7,-99,0.0,11.0,94,2017-11-25T00:42:00+08:00,新北市,06,三峽區,057
24.940806,121.361500,三峽,C0AC60,2017-11-25T02:00:00+08:00,55.0,81,4.2,17.7,0.95,1014.8,-99,0.0,9.3,62,2017-11-25T01:10:00+08:00,新北市,06,三峽區,057
24.940806,121.361500,三峽,C0AC60,2017-11-25T03:00:00+08:00,55.0,79,3.2,17.5,0.99,1014.8,-99,0.0,9.3,77,2017-11-25T02:41:00+08:00,新北市,06,三峽區,057
24.940806,121.361500,三峽,C0AC60,2017-11-25T04:00:00+08:00,55.0,84,2.4,17.4,1,1015.1,-99,1.0,-99,-99,-99,新北市,06,三峽區,057
24.940806,121.361500,三峽,C0AC60,2017-11-25T05:00:00+08:00,55.0,86,0.8,17.6,1,1015.3,-99,3.5,-99,-99,-99,新北市,06,三峽區,057
24.940806,121.361500,三峽,C0AC60,2017-11-25T06:00:00+08:00,55.0,84,1.5,17.8,0.99,1015.7,-99,4.0,-99,-99,-99,新北市,06,三峽區,057
24.940806,121.361500,三峽,C0AC60,2017-11-25T07:00:00+08:00,55.0,45,0.8,17.9,1,1016.2,-99,4.5,-99,-99,-99,新北市,06,三峽區,057
24.940806,121.361500,三峽,C0AC60,2017-11-25T08:00:00+08:00,55.0,94,0.6,17.5,1,1017.1,-99,7.5,-99,-99,-99,新北市,06,三峽區,057
24.940806,121.361500,三峽,C0AC60,2017-11-25T09:00:00+08:00,55.0,0,0.0,17.5,0.99,1017.7,-99,9.5,-99,-99,-99,新北市,06,三峽區,057
24.940806,121.361500,三峽,C0AC60,2017-11-25T10:00:00+08:00,55.0,0,0.0,17.6,1,1017.4,-99,10.0,-99,-99,-99,新北市,06,三峽區,057
24.940806,121.361500,三峽,C0AC60,2017-11-25T11:00:00+08:00,55.0,95,0.7,17.8,0.99,1016.8,-99,11.5,-99,-99,-99,新北市,06,三峽區,057
24.940806,121.361500,三峽,C0AC60,2017-11-25T12:00:00+08:00,55.0,0,0.1,17.9,1,1016.7,-99,13.0,-99,-99,-99,新北市,06,三峽區,057
24.940806,121.361500,三峽,C0AC60,2017-11-25T13:00:00+08:00,55.0,0,0.1,17.9,1,1016.0,-99,14.5,-99,-99,-99,新北市,06,三峽區,057
24.940806,121.361500,三峽,C0AC60,2017-11-25T15:00:00+08:00,55.0,102,1.1,17.9,0.99,1014.5,-99,16.0,-99,-99,-99,新北市,06,三峽區,057
24.940806,121.361500,三峽,C0AC60,2017-11-25T16:00:00+08:00,55.0,83,2.7,19.0,0.91,1013.4,-99,16.0,-99,-99,-99,新北市,06,三峽區,057
24.940806,121.361500,三峽,C0AC60,2017-11-25T17:00:00+08:00,55.0,109,0.3,18.8,0.94,1014.0,-99,16.0,-99,-99,-99,新北市,06,三峽區,057
24.940806,121.361500,三峽,C0AC60,2017-11-25T18:00:00+08:00,55.0,0,0.1,19.0,0.96,1015.1,-99,16.0,-99,-99,-99,新北市,06,三峽區,057
24.940806,121.361500,三峽,C0AC60,2017-11-25T19:00:00+08:00,55.0,0,0.1,18.8,0.99,1015.9,-99,16.0,-99,-99,-99,新北市,06,三峽區,057
24.940806,121.361500,三峽,C0AC60,2017-11-25T20:00:00+08:00,55.0,155,0.7,18.6,1,1016.3,-99,16.0,-99,-99,-99,新北市,06,三峽區,057
24.940806,121.361500,三峽,C0AC60,2017-11-25T21:00:00+08:00,55.0,0,0.0,18.5,1,1016.5,-99,16.0,-99,-99,-99,新北市,06,三峽區,057
24.940806,121.361500,三峽,C0AC60,2017-11-25T22:00:00+08:00,55.0,176,0.3,18.3,0.99,1015.9,-99,16.0,-99,-99,-99,新北市,06,三峽區,057
24.940806,121.361500,三峽,C0AC60,2017-11-25T23:00:00+08:00,55.0,359,1.1,18.4,1,1015.1,-99,16.0,-99,-99,-99,新北市,06,三峽區,057
24.940806,121.361500,三峽,C0AC60,2017-11-26T00:00:00+08:00,55.0,203,0.6,18.5,0.99,1015.1,-99,16.0,-99,-99,-99,新北市,06,三峽區,057
24.940806,121.361500,三峽,C0AC60,2017-11-26T01:00:00+08:00,55.0,0,0.0,18.5,1,1014.9,-99,0.0,-99,-99,-99,新北市,06,三峽區,057
24.940806,121.361500,三峽,C0AC60,2017-11-26T02:00:00+08:00,55.0,167,1.9,18.5,1,1014.9,-99,0.0,-99,-99,-99,新北市,06,三峽區,057
24.940806,121.361500,三峽,C0AC60,2017-11-26T03:00:00+08:00,55.0,0,0.2,18.7,1,1014.5,-99,0.0,-99,-99,-99,新北市,06,三峽區,057
24.940806,121.361500,三峽,C0AC60,2017-11-26T04:00:00+08:00,55.0,0,0.0,18.9,1,1014.1,-99,0.0,-99,-99,-99,新北市,06,三峽區,057
24.940806,121.361500,三峽,C0AC60,2017-11-26T05:00:00+08:00,55.0,176,0.4,18.9,1,1014.1,-99,0.0,-99,-99,-99,新北市,06,三峽區,057
24.940806,121.361500,三峽,C0AC60,2017-11-26T06:00:00+08:00,55.0,168,0.4,19.0,0.99,1014.8,-99,0.0,-99,-99,-99,新北市,06,三峽區,057
24.940806,121.361500,三峽,C0AC60,2017-11-26T07:00:00+08:00,55.0,179,0.5,19.2,0.99,1015.6,-99,0.0,-99,-99,-99,新北市,06,三峽區,057
24.940806,121.361500,三峽,C0AC60,2017-11-26T08:00:00+08:00,55.0,0,0.0,19.6,1,1016.3,-99,0.0,-99,-99,-99,新北市,06,三峽區,057
24.940806,121.361500,三峽,C0AC60,2017-11-26T09:00:00+08:00,55.0,192,0.6,20.7,0.98,1016.4,-99,0.0,-99,-99,-99,新北市,06,三峽區,057
24.940806,121.361500,三峽,C0AC60,2017-11-26T10:00:00+08:00,55.0,58,0.3,21.1,0.94,1016.5,-99,0.0,-99,-99,-99,新北市,06,三峽區,057
24.940806,121.361500,三峽,C0AC60,2017-11-26T11:00:00+08:00,55.0,28,0.8,21.1,0.92,1016.4,-99,0.0,-99,-99,-99,新北市,06,三峽區,057
24.940806,121.361500,三峽,C0AC60,2017-11-26T12:00:00+08:00,55.0,100,0.4,21.4,0.9,1015.4,-99,0.0,-99,-99,-99,新北市,06,三峽區,057
24.940806,121.361500,三峽,C0AC60,2017-11-26T13:00:00+08:00,55.0,58,0.3,21.7,0.89,1014.7,-99,0.0,-99,-99,-99,新北市,06,三峽區,057
24.940806,121.361500,三峽,C0AC60,2017-11-26T14:00:00+08:00,55.0,43,1.2,21.5,0.88,1014.0,-99,0.0,-99,-99,-99,新北市,06,三峽區,057
24.940806,121.361500,三峽,C0AC60,2017-11-26T15:00:00+08:00,55.0,60,0.8,21.2,0.9,1014.0,-99,0.0,-99,-99,-99,新北市,06,三峽區,057
24.940806,121.361500,三峽,C0AC60,2017-11-26T16:00:00+08:00,55.0,93,1.3,20.5,0.92,1014.6,-99,0.0,-99,-99,-99,新北市,06,三峽區,057
24.940806,121.361500,三峽,C0AC60,2017-11-26T17:00:00+08:00,55.0,94,0.5,19.7,0.99,1014.6,-99,0.5,-99,-99,-99,新北市,06,三峽區,057
24.940806,121.361500,三峽,C0AC60,2017-11-26T18:00:00+08:00,55.0,93,0.8,19.8,0.96,1014.7,-99,0.5,-99,-99,-99,新北市,06,三峽區,057
24.940806,121.361500,三峽,C0AC60,2017-11-26T19:00:00+08:00,55.0,81,1.5,20.1,0.94,1015.1,-99,0.5,-99,-99,-99,新北市,06,三峽區,057
24.940806,121.361500,三峽,C0AC60,2017-11-26T20:00:00+08:00,55.0,92,1.7,19.6,0.96,1015.1,-99,1.0,-99,-99,-99,新北市,06,三峽區,057
24.940806,121.361500,三峽,C0AC60,2017-11-26T21:00:00+08:00,55.0,97,1.8,19.7,0.97,1015.3,-99,1.5,-99,-99,-99,新北市,06,三峽區,057
24.940806,121.361500,三峽,C0AC60,2017-11-26T22:00:00+08:00,55.0,89,1.7,19.8,0.98,1015.5,-99,1.5,-99,-99,-99,新北市,06,三峽區,057
24.940806,121.361500,三峽,C0AC60,2017-11-26T23:00:00+08:00,55.0,78,1.9,19.5,0.99,1015.0,-99,2.0,-99,-99,-99,新北市,06,三峽區,057
24.940806,121.361500,三峽,C0AC60,2017-11-27T00:00:00+08:00,55.0,74,1.8,19.5,0.99,1014.9,-99,2.0,-99,-99,-99,新北市,06,三峽區,057
24.940806,121.361500,三峽,C0AC60,2017-11-27T01:00:00+08:00,55.0,68,3.1,19.5,0.99,1014.4,-99,0.5,8.2,84,2017-11-27T00:56:00+08:00,新北市,06,三峽區,057
24.940806,121.361500,三峽,C0AC60,2017-11-27T02:00:00+08:00,55.0,81,1.2,19.4,0.99,1014.2,-99,0.5,6.6,90,2017-11-27T01:54:00+08:00,新北市,06,三峽區,057
24.940806,121.361500,三峽,C0AC60,2017-11-27T03:00:00+08:00,55.0,90,0.5,19.1,0.99,1014.2,-99,1.0,8.8,89,2017-11-27T02:38:00+08:00,新北市,06,三峽區,057
24.940806,121.361500,三峽,C0AC60,2017-11-27T04:00:00+08:00,55.0,88,1.3,19.3,1,1014.0,-99,1.0,-99,-99,-99,新北市,06,三峽區,057
24.940806,121.361500,三峽,C0AC60,2017-11-27T05:00:00+08:00,55.0,66,1.7,19.2,0.99,1013.6,-99,1.0,7.7,98,2017-11-27T04:18:00+08:00,新北市,06,三峽區,057
24.940806,121.361500,三峽,C0AC60,2017-11-27T06:00:00+08:00,55.0,81,2.5,19.3,0.99,1014.2,-99,1.0,-99,-99,-99,新北市,06,三峽區,057
24.940806,121.361500,三峽,C0AC60,2017-11-27T07:00:00+08:00,55.0,86,1.2,19.1,1,1014.4,-99,1.0,-99,-99,-99,新北市,06,三峽區,057
24.940806,121.361500,三峽,C0AC60,2017-11-27T08:00:00+08:00,55.0,101,1.4,19.5,1,1014.6,-99,1.0,8.8,94,2017-11-27T07:37:00+08:00,新北市,06,三峽區,057
24.940806,121.361500,三峽,C0AC60,2017-11-27T09:00:00+08:00,55.0,76,2.7,20.8,0.92,1014.8,-99,1.0,9.3,66,2017-11-27T08:21:00+08:00,新北市,06,三峽區,057
24.940806,121.361500,三峽,C0AC60,2017-11-27T10:00:00+08:00,55.0,77,3.7,22.0,0.85,1014.3,-99,1.0,10.4,58,2017-11-27T09:51:00+08:00,新北市,06,三峽區,057
24.940806,121.361500,三峽,C0AC60,2017-11-27T11:00:00+08:00,55.0,76,3.3,22.9,0.82,1013.1,-99,1.0,11.5,81,2017-11-27T10:49:00+08:00,新北市,06,三峽區,057
24.940806,121.361500,三峽,C0AC60,2017-11-27T12:00:00+08:00,55.0,86,4.0,23.4,0.8,1011.9,-99,1.0,12.1,50,2017-11-27T11:48:00+08:00,新北市,06,三峽區,057
24.940806,121.361500,三峽,C0AC60,2017-11-27T13:00:00+08:00,55.0,82,4.8,23.7,0.8,1010.8,-99,1.0,12.6,64,2017-11-27T12:56:00+08:00,新北市,06,三峽區,057
24.940806,121.361500,三峽,C0AC60,2017-11-27T14:00:00+08:00,55.0,77,3.8,23.2,0.83,1010.5,-99,1.0,12.1,67,2017-11-27T13:08:00+08:00,新北市,06,三峽區,057
24.940806,121.361500,三峽,C0AC60,2017-11-27T15:00:00+08:00,55.0,80,4.4,23.2,0.83,1009.9,-99,1.0,12.1,36,2017-11-27T14:14:00+08:00,新北市,06,三峽區,057
24.940806,121.361500,三峽,C0AC60,2017-11-27T16:00:00+08:00,55.0,71,4.2,22.8,0.85,1010.2,-99,1.0,13.7,85,2017-11-27T15:26:00+08:00,新北市,06,三峽區,057
24.940806,121.361500,三峽,C0AC60,2017-11-27T17:00:00+08:00,55.0,78,4.6,22.4,0.86,1010.3,-99,1.0,12.6,87,2017-11-27T16:32:00+08:00,新北市,06,三峽區,057
24.940806,121.361500,三峽,C0AC60,2017-11-27T18:00:00+08:00,55.0,80,5.2,22.1,0.88,1010.3,-99,1.0,12.6,61,2017-11-27T17:01:00+08:00,新北市,06,三峽區,057
24.940806,121.361500,三峽,C0AC60,2017-11-27T19:00:00+08:00,55.0,77,4.8,22.4,0.86,1010.4,-99,1.0,12.6,76,2017-11-27T18:09:00+08:00,新北市,06,三峽區,057
24.940806,121.361500,三峽,C0AC60,2017-11-27T20:00:00+08:00,55.0,78,4.4,22.6,0.85,1010.5,-99,1.0,11.0,83,2017-11-27T19:59:00+08:00,新北市,06,三峽區,057
24.940806,121.361500,三峽,C0AC60,2017-11-27T21:00:00+08:00,55.0,73,4.2,22.7,0.86,1010.7,-99,1.0,10.4,79,2017-11-27T20:18:00+08:00,新北市,06,三峽區,057
24.940806,121.361500,三峽,C0AC60,2017-11-27T22:00:00+08:00,55.0,75,4.5,22.9,0.86,1010.5,-99,1.0,11.5,81,2017-11-27T21:56:00+08:00,新北市,06,三峽區,057
24.940806,121.361500,三峽,C0AC60,2017-11-27T23:00:00+08:00,55.0,77,4.3,23.0,0.86,1010.2,-99,1.0,10.4,78,2017-11-27T22:07:00+08:00,新北市,06,三峽區,057
24.940806,121.361500,三峽,C0AC60,2017-11-28T00:00:00+08:00,55.0,73,3.2,23.1,0.86,1009.7,-99,1.0,9.9,82,2017-11-27T23:54:00+08:00,新北市,06,三峽區,057
24.940806,121.361500,三峽,C0AC60,2017-11-28T01:00:00+08:00,55.0,78,3.2,23.1,0.83,1009.6,-99,0.0,8.8,70,2017-11-28T00:05:00+08:00,新北市,06,三峽區,057
24.940806,121.361500,三峽,C0AC60,2017-11-28T02:00:00+08:00,55.0,173,0.7,21.1,0.91,1009.8,-99,0.0,-99,-99,-99,新北市,06,三峽區,057
24.940806,121.361500,三峽,C0AC60,2017-11-28T03:00:00+08:00,55.0,152,1.1,20.1,0.96,1009.9,-99,0.0,-99,-99,-99,新北市,06,三峽區,057
24.940806,121.361500,三峽,C0AC60,2017-11-28T04:00:00+08:00,55.0,145,0.9,19.9,0.96,1010.1,-99,0.0,-99,-99,-99,新北市,06,三峽區,057
24.940806,121.361500,三峽,C0AC60,2017-11-28T05:00:00+08:00,55.0,161,1.1,19.9,0.95,1010.6,-99,0.0,-99,-99,-99,新北市,06,三峽區,057
24.940806,121.361500,三峽,C0AC60,2017-11-28T06:00:00+08:00,55.0,143,0.8,20.0,0.94,1011.4,-99,0.0,-99,-99,-99,新北市,06,三峽區,057
24.940806,121.361500,三峽,C0AC60,2017-11-28T07:00:00+08:00,55.0,139,0.5,20.5,0.92,1011.8,-99,0.0,-99,-99,-99,新北市,06,三峽區,057
24.940806,121.361500,三峽,C0AC60,2017-11-28T08:00:00+08:00,55.0,149,0.3,23.1,0.84,1012.3,-99,0.0,-99,-99,-99,新北市,06,三峽區,057
24.940806,121.361500,三峽,C0AC60,2017-11-28T09:00:00+08:00,55.0,0,0.0,24.6,0.8,1012.6,-99,0.0,-99,-99,-99,新北市,06,三峽區,057
24.940806,121.361500,三峽,C0AC60,2017-11-28T10:00:00+08:00,55.0,0,0.2,26.0,0.75,1012.4,-99,0.0,-99,-99,-99,新北市,06,三峽區,057
24.940806,121.361500,三峽,C0AC60,2017-11-28T11:00:00+08:00,55.0,79,1.5,28.4,0.64,1011.5,-99,0.0,-99,-99,-99,新北市,06,三峽區,057
24.940806,121.361500,三峽,C0AC60,2017-11-28T12:00:00+08:00,55.0,88,2.4,29.5,0.59,1010.7,-99,0.0,-99,-99,-99,新北市,06,三峽區,057
24.940806,121.361500,三峽,C0AC60,2017-11-28T13:00:00+08:00,55.0,79,1.2,30.1,0.57,1009.7,-99,0.0,-99,-99,-99,新北市,06,三峽區,057
24.940806,121.361500,三峽,C0AC60,2017-11-28T14:00:00+08:00,55.0,84,2.5,30.7,0.54,1008.9,-99,0.0,7.1,81,2017-11-28T13:33:00+08:00,新北市,06,三峽區,057
24.940806,121.361500,三峽,C0AC60,2017-11-28T15:00:00+08:00,55.0,69,2.5,30.1,0.58,1008.6,-99,0.0,7.7,95,2017-11-28T14:51:00+08:00,新北市,06,三峽區,057
24.940806,121.361500,三峽,C0AC60,2017-11-28T16:00:00+08:00,55.0,76,3.3,28.8,0.64,1008.8,-99,0.0,-99,-99,-99,新北市,06,三峽區,057
24.940806,121.361500,三峽,C0AC60,2017-11-28T17:00:00+08:00,55.0,81,2.8,27.4,0.69,1009.3,-99,0.0,7.7,53,2017-11-28T16:01:00+08:00,新北市,06,三峽區,057
24.940806,121.361500,三峽,C0AC60,2017-11-28T18:00:00+08:00,55.0,85,2.6,26.3,0.74,1009.7,-99,0.0,-99,-99,-99,新北市,06,三峽區,057
24.940806,121.361500,三峽,C0AC60,2017-11-28T19:00:00+08:00,55.0,97,1.5,25.6,0.79,1010.2,-99,0.0,-99,-99,-99,新北市,06,三峽區,057
24.940806,121.361500,三峽,C0AC60,2017-11-28T20:00:00+08:00,55.0,115,0.6,24.6,0.84,1010.4,-99,0.0,-99,-99,-99,新北市,06,三峽區,057
24.940806,121.361500,三峽,C0AC60,2017-11-28T21:00:00+08:00,55.0,85,3.1,25.3,0.79,1010.0,-99,0.0,-99,-99,-99,新北市,06,三峽區,057
24.940806,121.361500,三峽,C0AC60,2017-11-28T22:00:00+08:00,55.0,82,2.9,25.7,0.77,1010.0,-99,0.0,-99,-99,-99,新北市,06,三峽區,057
24.940806,121.361500,三峽,C0AC60,2017-11-28T23:00:00+08:00,55.0,94,0.4,25.6,0.76,1010.1,-99,0.0,8.8,83,2017-11-28T22:10:00+08:00,新北市,06,三峽區,057
24.940806,121.361500,三峽,C0AC60,2017-11-29T00:00:00+08:00,55.0,157,2.0,22.3,0.91,1010.1,-99,0.0,-99,-99,-99,新北市,06,三峽區,057
24.940806,121.361500,三峽,C0AC60,2017-11-29T01:00:00+08:00,55.0,154,2.7,21.5,0.96,1010.2,-99,0.0,-99,-99,-99,新北市,06,三峽區,057
24.940806,121.361500,三峽,C0AC60,2017-11-29T02:00:00+08:00,55.0,177,1.2,21.7,0.94,1009.7,-99,0.0,-99,-99,-99,新北市,06,三峽區,057
24.940806,121.361500,三峽,C0AC60,2017-11-29T03:00:00+08:00,55.0,0,0.0,21.6,0.94,1009.7,-99,0.0,-99,-99,-99,新北市,06,三峽區,057
24.940806,121.361500,三峽,C0AC60,2017-11-29T04:00:00+08:00,55.0,0,0.0,21.1,0.95,1010.1,-99,0.0,-99,-99,-99,新北市,06,三峽區,057
24.940806,121.361500,三峽,C0AC60,2017-11-29T05:00:00+08:00,55.0,0,0.2,20.8,0.96,1010.4,-99,0.0,-99,-99,-99,新北市,06,三峽區,057
24.940806,121.361500,三峽,C0AC60,2017-11-29T06:00:00+08:00,55.0,0,0.1,20.9,0.94,1011.0,-99,0.0,-99,-99,-99,新北市,06,三峽區,057
24.940806,121.361500,三峽,C0AC60,2017-11-29T07:00:00+08:00,55.0,198,0.5,20.9,0.93,1011.3,-99,0.0,-99,-99,-99,新北市,06,三峽區,057
24.940806,121.361500,三峽,C0AC60,2017-11-29T08:00:00+08:00,55.0,199,0.8,22.6,0.88,1011.4,-99,0.0,-99,-99,-99,新北市,06,三峽區,057
24.940806,121.361500,三峽,C0AC60,2017-11-29T09:00:00+08:00,55.0,0,0.0,24.2,0.83,1011.4,-99,0.0,-99,-99,-99,新北市,06,三峽區,057
24.940806,121.361500,三峽,C0AC60,2017-11-29T10:00:00+08:00,55.0,249,0.5,26.9,0.73,1011.3,-99,0.0,-99,-99,-99,新北市,06,三峽區,057
24.940806,121.361500,三峽,C0AC60,2017-11-29T11:00:00+08:00,55.0,329,1.8,25.6,0.85,1011.2,-99,0.0,-99,-99,-99,新北市,06,三峽區,057
24.940806,121.361500,三峽,C0AC60,2017-11-29T12:00:00+08:00,55.0,336,1.7,26.6,0.8,1010.0,-99,0.0,-99,-99,-99,新北市,06,三峽區,057
24.940806,121.361500,三峽,C0AC60,2017-11-29T13:00:00+08:00,55.0,310,0.8,27.7,0.76,1008.8,-99,0.0,-99,-99,-99,新北市,06,三峽區,057
24.940806,121.361500,三峽,C0AC60,2017-11-29T14:00:00+08:00,55.0,337,0.7,28.2,0.74,1008.3,-99,0.0,-99,-99,-99,新北市,06,三峽區,057
24.940806,121.361500,三峽,C0AC60,2017-11-29T15:00:00+08:00,55.0,316,1.6,27.1,0.79,1008.3,-99,0.0,-99,-99,-99,新北市,06,三峽區,057
24.940806,121.361500,三峽,C0AC60,2017-11-29T16:00:00+08:00,55.0,314,1.2,25.0,0.87,1008.9,-99,0.0,-99,-99,-99,新北市,06,三峽區,057
24.940806,121.361500,三峽,C0AC60,2017-11-29T17:00:00+08:00,55.0,305,1.1,24.1,0.89,1009.8,-99,0.0,-99,-99,-99,新北市,06,三峽區,057
24.940806,121.361500,三峽,C0AC60,2017-11-29T18:00:00+08:00,55.0,335,0.4,24.0,0.9,1010.4,-99,0.0,-99,-99,-99,新北市,06,三峽區,057
24.940806,121.361500,三峽,C0AC60,2017-11-29T19:00:00+08:00,55.0,13,0.5,23.6,0.92,1011.1,-99,0.0,-99,-99,-99,新北市,06,三峽區,057
24.940806,121.361500,三峽,C0AC60,2017-11-29T20:00:00+08:00,55.0,0,0.2,23.4,0.94,1011.7,-99,0.0,-99,-99,-99,新北市,06,三峽區,057
24.940806,121.361500,三峽,C0AC60,2017-11-29T21:00:00+08:00,55.0,0,0.0,23.7,0.93,1011.9,-99,0.0,-99,-99,-99,新北市,06,三峽區,057
24.940806,121.361500,三峽,C0AC60,2017-11-29T22:00:00+08:00,55.0,75,0.5,23.5,0.93,1011.8,-99,0.0,-99,-99,-99,新北市,06,三峽區,057
24.940806,121.361500,三峽,C0AC60,2017-11-29T23:00:00+08:00,55.0,97,0.8,23.3,0.94,1011.2,-99,0.0,-99,-99,-99,新北市,06,三峽區,057
24.940806,121.361500,三峽,C0AC60,2017-11-30T00:00:00+08:00,55.0,90,0.6,23.4,0.95,1010.8,-99,0.0,-99,-99,-99,新北市,06,三峽區,057
24.940806,121.361500,三峽,C0AC60,2017-11-30T01:00:00+08:00,55.0,0,0.0,23.4,0.94,1010.6,-99,0.0,-99,-99,-99,新北市,06,三峽區,057
24.940806,121.361500,三峽,C0AC60,2017-11-30T02:00:00+08:00,55.0,92,1.0,23.4,0.93,1010.6,-99,0.0,-99,-99,-99,新北市,06,三峽區,057
24.940806,121.361500,三峽,C0AC60,2017-11-30T03:00:00+08:00,55.0,90,0.8,23.4,0.93,1010.6,-99,0.0,-99,-99,-99,新北市,06,三峽區,057
24.940806,121.361500,三峽,C0AC60,2017-11-30T04:00:00+08:00,55.0,85,1.8,23.2,0.9,1010.9,-99,0.0,7.7,91,2017-11-30T03:47:00+08:00,新北市,06,三峽區,057
24.940806,121.361500,三峽,C0AC60,2017-11-30T05:00:00+08:00,55.0,95,1.8,22.4,0.91,1011.0,-99,0.0,7.1,91,2017-11-30T04:36:00+08:00,新北市,06,三峽區,057
24.940806,121.361500,三峽,C0AC60,2017-11-30T06:00:00+08:00,55.0,93,1.7,22.1,0.94,1011.3,-99,0.0,-99,-99,-99,新北市,06,三峽區,057
24.940806,121.361500,三峽,C0AC60,2017-11-30T07:00:00+08:00,55.0,92,2.3,22.0,0.94,1011.8,-99,0.0,-99,-99,-99,新北市,06,三峽區,057
24.940806,121.361500,三峽,C0AC60,2017-11-30T08:00:00+08:00,55.0,97,1.9,22.0,0.95,1012.5,-99,0.0,7.1,87,2017-11-30T07:33:00+08:00,新北市,06,三峽區,057
24.940806,121.361500,三峽,C0AC60,2017-11-30T09:00:00+08:00,55.0,90,2.6,22.7,0.9,1012.9,-99,0.0,7.7,94,2017-11-30T08:57:00+08:00,新北市,06,三峽區,057
24.940806,121.361500,三峽,C0AC60,2017-11-30T10:00:00+08:00,55.0,96,2.1,23.1,0.89,1012.6,-99,0.0,7.7,82,2017-11-30T09:36:00+08:00,新北市,06,三峽區,057
24.940806,121.361500,三峽,C0AC60,2017-11-30T11:00:00+08:00,55.0,94,2.4,24.1,0.85,1012.0,-99,0.0,7.1,91,2017-11-30T10:50:00+08:00,新北市,06,三峽區,057
24.940806,121.361500,三峽,C0AC60,2017-11-30T12:00:00+08:00,55.0,92,2.3,23.8,0.87,1011.3,-99,0.0,-99,-99,-99,新北市,06,三峽區,057
24.940806,121.361500,三峽,C0AC60,2017-11-30T13:00:00+08:00,55.0,91,2.0,24.3,0.85,1010.6,-99,0.0,7.7,95,2017-11-30T12:09:00+08:00,新北市,06,三峽區,057
24.940806,121.361500,三峽,C0AC60,2017-11-30T14:00:00+08:00,55.0,96,2.2,23.0,0.9,1010.4,-99,0.0,-99,-99,-99,新北市,06,三峽區,057
24.940806,121.361500,三峽,C0AC60,2017-11-30T15:00:00+08:00,55.0,91,1.9,22.9,0.85,1010.4,-99,0.0,8.2,109,2017-11-30T14:24:00+08:00,新北市,06,三峽區,057
24.940806,121.361500,三峽,C0AC60,2017-11-30T16:00:00+08:00,55.0,93,2.4,22.0,0.87,1011.1,-99,0.0,9.9,111,2017-11-30T15:10:00+08:00,新北市,06,三峽區,057
24.940806,121.361500,三峽,C0AC60,2017-11-30T17:00:00+08:00,55.0,99,2.5,21.4,0.89,1011.9,-99,0.0,8.8,74,2017-11-30T16:34:00+08:00,新北市,06,三峽區,057
24.940806,121.361500,三峽,C0AC60,2017-11-30T18:00:00+08:00,55.0,93,2.7,21.2,0.89,1012.9,-99,0.0,-99,-99,-99,新北市,06,三峽區,057
24.940806,121.361500,三峽,C0AC60,2017-11-30T19:00:00+08:00,55.0,97,2.4,20.7,0.93,1013.7,-99,0.0,7.7,56,2017-11-30T18:43:00+08:00,新北市,06,三峽區,057
24.940806,121.361500,三峽,C0AC60,2017-11-30T20:00:00+08:00,55.0,92,1.8,20.2,0.94,1014.2,-99,0.0,8.2,89,2017-11-30T19:37:00+08:00,新北市,06,三峽區,057
24.940806,121.361500,三峽,C0AC60,2017-11-30T21:00:00+08:00,55.0,91,2.9,20.0,0.95,1014.5,-99,0.0,7.7,80,2017-11-30T20:24:00+08:00,新北市,06,三峽區,057
24.940806,121.361500,三峽,C0AC60,2017-11-30T22:00:00+08:00,55.0,93,2.9,19.8,0.93,1014.7,-99,0.0,-99,-99,-99,新北市,06,三峽區,057
